12794 57128 69922
7009 32275 39284
14888 67795 82683
15812 69425 85237
13558 61580 75138
12654 59471 72125
8578 42101 50679
6290 26979 33269
10270 43429 53699
18690 91591 110281
5736 26331 32067
18038 128774 146812
18985 90660 109645
13050 60411 73461
6515 29143 35658
10040 42817 52857
22103 93876 115979
6670 34770 41440
14666 67382 82048
21176 96188 117364
24215 134254 158469
11628 53704 65332
8233 37962 46195
6053 30829 36882
11406 52481 63887
13612 72692 86304
6739 20436 27175
3717 16662 20379
4037 18825 22862
14829 65819 80648
18459 79125 97584
10631 45077 55708
17970 81946 99916
12240 59164 71404
12365 58953 71318
11704 57024 68728
17205 78505 95710
7770 33908 41678
15234 76702 91936
14595 71054 85649
3282 14694 17976
12831 62850 75681
11499 51625 63124
11862 49137 60999
8334 2424 10758
6455 31390 37845
20273 97148 117421
5240 23266 28506
12254 61362 73616
12329 59995 72324
6160 27481 33641
25417 114323 139740
5717 25472 31189
7159 32303 39462
9536 43517 53053
4983 20607 25590
32378 156780 189158
27565 135035 162600
22705 106006 128711
16803 84590 101393
5102 24940 30042
16358 72287 88645
4889 21373 26262
10750 44687 55437
7448 37873 45321
2897 15765 18662
4727 21834 26561
37212 179928 217140
6642 30702 37344
3992 18584 22576
4685 22620 27305
2695 12639 15334
17504 81876 99380
42869 200423 243292
13800 55976 69776
11929 50609 62538
18554 67108 85662
23481 92646 116127
16089 91255 107344
16744 120876 137620
5915 25422 31337
16339 84705 101044
29286 136133 165419
21333 113485 134818
26121 118057 144178
22746 124904 147650
10798 47899 58697
5482 32009 37491
14799 68914 83713
18039 89019 107058
25738 124039 149777
13191 62369 75560
10393 41916 52309
13590 69335 82925
4347 18665 23012
8556 33848 42404
9300 44730 54030
14013 61765 75778
9071 40699 49770
34989 169386 204375
13937 67661 81598
12949 62595 75544
15716 69864 85580
12157 62568 74725
4918 17150 22068
13886 65095 78981
12265 61258 73523
8905 32453 41358
13487 67590 81077
30173 127183 157356
9097 46164 55261
9550 60237 69787
17464 90932 108396
18134 85311 103445
2774 13062 15836
23957 113251 137208
14782 71209 85991
3724 16364 20088
2410 11347 13757
10260 45077 55337
3323 13341 16664
6973 32976 39949
9196 47667 56863
8949 43409 52358
16909 78662 95571
4544 12561 17105
6812 34596 41408
9122 43207 52329
34800 181416 216216
16123 76570 92693
13182 68371 81553
15458 71616 87074
21135 98090 119225
15519 81407 96926
16045 65041 81086
8698 39402 48100
13598 63698 77296
4013 20911 24924
10627 51371 61998
7161 33075 40236
3319 16175 19494
2727 14287 17014
4469 20264 24733
13960 68671 82631
16224 73321 89545
5702 26124 31826
11267 47139 58406
16468 79081 95549
9772 44827 54599
14708 64212 78920
21848 86397 108245
3731 14388 18119
7598 34294 41892
18297 83534 101831
7116 29597 36713
25740 130591 156331
23696 103155 126851
7663 36146 43809
12535 58724 71259
30944 174128 205072
13933 65960 79893
23617 95899 119516
11557 48821 60378
11041 56196 67237
11156 49116 60272
4190 20433 24623
8721 43301 52022
18353 86512 104865
14952 60186 75138
17896 81660 99556
6922 33515 40437
11877 64361 76238
4862 21127 25989
5751 28654 34405
6616 28989 35605
3626 17072 20698
7357 37462 44819
20223 86457 106680
18029 64651 82680
9077 45383 54460
4552 20514 25066
16097 70946 87043
5599 22869 28468
8819 43908 52727
11824 51208 63032
6812 32857 39669
6794 29388 36182
4825 25795 30620
5403 26642 32045
10001 46523 56524
7129 41506 48635
13959 64458 78417
5512 24587 30099
11167 52315 63482
15022 70501 85523
19698 81530 101228
12140 52568 64708
19556 93998 113554
7624 34308 41932
26244 130189 156433
20077 102264 122341
12055 60220 72275
7595 33585 41180
15549 68726 84275
8993 44019 53012
13665 65032 78697
4462 19870 24332
10833 51062 61895
12260 59521 71781
7772 35435 43207
19928 88528 108456
31091 146108 177199
7753 39075 46828
19718 83218 102936
10813 49181 59994
3912 17886 21798
8477 44324 52801
19936 94192 114128
15634 71655 87289
10023 41609 51632
10881 50141 61022
25050 106359 131409
18438 77853 96291
8699 39891 48590
11104 50692 61796
18222 83716 101938
16246 75552 91798
28468 136771 165239
8042 39486 47528
6471 28627 35098
2847 13597 16444
6742 29521 36263
9873 42783 52656
12530 46620 59150
17861 88735 106596
12053 53056 65109
5511 26509 32020
17393 82118 99511
10793 44868 55661
3061 15488 18549
14657 69120 83777
36067 174676 210743
13526 68246 81772
5788 27821 33609
15847 71271 87118
16202 71700 87902
4463 20883 25346
17171 78403 95574
9110 39972 49082
11531 52064 63595
32056 151934 183990
6299 32475 38774
16694 80207 96901
6789 30206 36995
4451 17175 21626
17550 73308 90858
19211 74217 93428
17432 82109 99541
22755 102897 125652
15453 72467 87920
25861 114326 140187
14543 58403 72946
19464 105113 124577
6434 31222 37656
5824 30135 35959
13692 62695 76387
32730 157051 189781
29551 139108 168659
13141 61447 74588
10786 50078 60864
7154 37452 44606
8006 35638 43644
29009 135795 164804
18146 88226 106372
11268 52631 63899
15131 70126 85257
15157 71794 86951
10715 48362 59077
14838 73087 87925
10071 47180 57251
6667 30192 36859
18091 88007 106098
14467 61157 75624
20441 97185 117626
3713 17383 21096
13054 65018 78072
10092 45997 56089
13351 64795 78146
5307 22389 27696
18539 91977 110516
12339 56950 69289
4434 18739 23173
37661 193102 230763
31669 150965 182634
15306 72812 88118
12363 65206 77569
9737 46729 56466
11490 53391 64881
11967 48335 60302
17173 74925 92098
23548 102596 126144
17594 76063 93657
36217 138623 174840
9345 41366 50711
35801 144619 180420
8557 34331 42888
12394 58006 70400
3481 17782 21263
11601 48087 59688
26713 130770 157483
9762 42509 52271
3551 16444 19995
