26868 21534 48402
16163 11901 28064
29658 23991 53649
35834 28969 64803
29933 23844 53777
28990 23667 52657
17159 18677 35836
13388 9836 23224
21947 17079 39026
43222 38368 81590
12916 10559 23475
40130 28426 68556
41394 39509 80903
27947 26014 53961
14233 9242 23475
22184 17093 39277
45823 42202 88025
16923 13154 30077
31184 26708 57892
47240 40628 87868
54198 55855 110053
23766 20211 43977
18311 15299 33610
14597 11960 26557
26912 21405 48317
32795 27493 60288
9675 6688 16363
8054 6230 14284
10424 6475 16899
33716 32821 66537
46786 32652 79438
22622 18231 40853
46311 39092 85403
29593 24174 53767
27656 27351 55007
23722 19860 43582
36667 29650 66317
16901 12631 29532
33837 33960 67797
30585 25233 55818
6543 5241 11784
28075 24542 52617
21558 17018 38576
24006 21153 45159
9111 228 9339
16744 12311 29055
45382 39576 84958
10699 8363 19062
30150 26634 56784
24532 24470 49002
12360 9882 22242
48802 41215 90017
12561 9109 21670
15635 11502 27137
20566 16809 37375
9912 6955 16867
71675 61448 133123
67613 49002 116615
44656 40750 85406
35069 30042 65111
9714 8830 18544
37349 28678 66027
9689 5961 15650
20812 14632 35444
16178 13663 29841
6683 5183 11866
9396 7749 17145
83967 69375 153342
14420 10132 24552
8023 5536 13559
9194 7557 16751
6106 4849 10955
40007 32176 72183
85380 73221 158601
21527 19771 41298
22261 19037 41298
28786 23407 52193
41942 35748 77690
36914 29105 66019
36798 34032 70830
9993 8470 18463
33839 29518 63357
58468 48550 107018
47813 35622 83435
46468 42126 88594
45554 37476 83030
21536 17206 38742
10850 8841 19691
29054 24539 53593
36905 26671 63576
48135 43681 91816
25507 21014 46521
19533 13024 32557
28998 24643 53641
7741 5179 12920
15733 12103 27836
21152 17563 38715
32852 25448 58300
19081 12562 31643
76477 59002 135479
26154 23774 49928
22490 19026 41516
33015 26736 59751
22117 21988 44105
7828 5367 13195
26730 25909 52639
21971 20574 42545
12946 9056 22002
27607 25072 52679
49612 45569 95181
17925 15216 33141
22053 17388 39441
53292 47854 101146
44369 34579 78948
5484 3889 9373
62417 49960 112377
31985 27116 59101
7261 5850 13111
4276 4308 8584
22470 17758 40228
7988 4683 12671
15022 11841 26863
23308 18706 42014
21608 16816 38424
41669 29456 71125
5981 4905 10886
14227 12197 26424
19142 17773 36915
81679 72757 154436
35919 29333 65252
29283 28587 57870
32736 26273 59009
50192 43411 93603
36347 37186 73533
32226 23012 55238
17971 14707 32678
28640 21756 50396
8315 6994 15309
21355 20042 41397
14992 10944 25936
7622 6567 14189
5756 4923 10679
9421 6439 15860
29753 26107 55860
31181 24391 55572
15959 10440 26399
20463 16324 36787
31010 32991 64001
18254 13034 31288
31311 26525 57836
45509 33084 78593
7525 4460 11985
14254 11664 25918
41201 37335 78536
12215 9267 21482
49868 55844 105712
50080 36332 86412
16028 12205 28233
20704 18909 39613
68438 74394 142832
30875 29197 60072
47548 39879 87427
20416 16005 36421
23313 25698 49011
26258 19159 45417
7747 7544 15291
18526 18490 37016
40182 34447 74629
31112 22752 53864
37628 28630 66258
14231 11454 25685
26504 27679 54183
9794 6244 16038
13200 9762 22962
14087 9883 23970
7116 4989 12105
15517 13214 28731
42136 34026 76162
29551 30155 59706
19486 17377 36863
10600 7423 18023
35430 27983 63413
10095 6716 16811
18986 19091 38077
24660 20884 45544
15213 11653 26866
15054 10651 25705
10153 11490 21643
12039 11375 23414
22753 19714 42467
15237 17918 33155
31756 26663 58419
12732 10724 23456
22910 20332 43242
32518 26369 58887
37453 30927 68380
24264 19095 43359
41871 34519 76390
15652 11329 26981
66867 59708 126575
65923 34186 100109
25003 23982 48985
16952 12498 29450
36718 25659 62377
17494 15720 33214
29184 24730 53914
9360 6668 16028
21337 19817 41154
23007 22751 45758
17884 13872 31756
40323 36995 77318
64367 51202 115569
16618 15838 32456
38242 31683 69925
22001 19605 41606
8921 6611 15532
17353 16412 33765
43830 35440 79270
30069 25169 55238
21665 16267 37932
22221 17378 39599
50454 42047 92501
35933 29723 65656
19083 15643 34726
20367 19916 40283
38297 33888 72185
35570 31205 66775
60322 53421 113743
16718 13679 30397
19769 9592 29361
6752 4711 11463
14919 10330 25249
28857 17171 46028
25017 19819 44836
35925 32408 68333
22668 21438 44106
12433 10469 22902
36205 31842 68047
21716 16458 38174
6079 4338 10417
30416 25418 55834
77797 68986 146783
30639 23160 53799
10193 10640 20833
35500 30673 66173
31926 24912 56838
9175 6014 15189
35514 29438 64952
18183 13772 31955
22304 20621 42925
73726 63523 137249
14863 11603 26466
38477 33618 72095
13568 10104 23672
7666 4665 12331
34073 23994 58067
35098 27183 62281
38828 42980 81808
51651 40592 92243
35735 28327 64062
50167 45018 95185
25951 21918 47869
41648 49777 91425
14333 11901 26234
13844 11590 25434
31138 27461 58599
71035 67233 138268
69755 63536 133291
26985 22352 49337
23351 23484 46835
14499 13472 27971
21200 15690 36890
60991 49787 110778
38580 39388 77968
21961 22772 44733
31149 31038 62187
40631 31291 71922
28200 19708 47908
31454 28795 60249
20947 18680 39627
15931 15066 30997
35055 27382 62437
29346 24914 54260
42092 41478 83570
8479 6074 14553
28033 25830 53863
20295 15099 35394
26554 24006 50560
10785 8745 19530
43463 41690 85153
30785 21974 52759
7653 5045 12698
89059 64707 153766
70334 60660 130994
33781 28601 62382
30829 37468 68297
20233 16941 37174
22003 21585 43588
24993 18890 43883
37224 31754 68978
48656 51999 100655
39680 29468 69148
67520 54834 122354
21954 17527 39481
62471 53162 115633
15842 11966 27808
22286 20868 43154
7791 6316 14107
22241 20211 42452
47823 49347 97170
17004 13749 30753
8156 5174 13330
