9807 62589 72396
6155 39651 45806
12291 77707 89998
13284 82630 95914
12738 75729 88467
10584 66110 76694
7020 47530 54550
5175 31247 36422
8790 53359 62149
15335 102893 118228
5446 29696 35142
14895 89795 104690
16109 111617 127726
10470 65140 75610
5898 35426 41324
8517 53145 61662
17662 116146 133808
5925 40585 46510
11981 80041 92022
18928 114552 133480
20174 141584 161758
12688 66930 79618
6567 44612 51179
5578 40418 45996
8802 57745 66547
11768 87043 98811
4037 23162 27199
3424 20837 24261
3246 20592 23838
13922 88941 102863
15483 95830 111313
8481 50455 58936
16132 99967 116099
11565 72591 84156
11554 74861 86415
10296 66152 76448
14118 92258 106376
6444 40165 46609
12315 86406 98721
12164 79417 91581
2630 16339 18969
10641 69506 80147
9094 58332 67426
9840 62336 72176
8179 3837 12016
5387 34047 39434
15899 111703 127602
4470 29727 34197
11036 68482 79518
12062 68942 81004
5043 31174 36217
21742 134349 156091
5542 32088 37630
6053 37121 43174
7952 56143 64095
4086 26271 30357
26060 181962 208022
24994 153421 178415
19647 125516 145163
13812 93166 106978
4020 28184 32204
13861 87122 100983
3698 24173 27871
8657 51528 60185
6594 46283 52877
2844 17346 20190
3839 26006 29845
29694 192265 221959
5673 34527 40200
2888 20029 22917
3690 24531 28221
2288 14536 16824
15098 93494 108592
34401 185169 219570
9635 58732 68367
8652 51335 59987
11932 73207 85139
14543 93709 108252
13751 92448 106199
13735 96538 110273
4138 26913 31051
13445 94175 107620
22921 143710 166631
17868 112614 130482
20658 125289 145947
17295 105605 122900
8466 53383 61849
5051 30806 35857
11820 73476 85296
13186 90314 103500
21634 143373 165007
11595 70181 81776
8109 48183 56292
11036 80839 91875
3270 23102 26372
6315 43095 49410
7292 50125 57417
11891 72970 84861
7719 47677 55396
31039 195974 227013
11349 71095 82444
9957 65209 75166
13821 90902 104723
10180 71391 81571
3149 21784 24933
11076 67248 78324
9583 68331 77914
5676 33597 39273
12004 104614 116618
23456 127180 150636
6910 47933 54843
10101 58510 68611
14666 103836 118502
14150 96624 110774
2187 14481 16668
22006 140992 162998
12923 80257 93180
2772 16918 19690
2122 11711 13833
7531 45200 52731
2843 16972 19815
5244 34037 39281
7989 58522 66511
7177 49659 56836
13108 83638 96746
2413 15799 18212
5931 37745 43676
7298 44810 52108
30126 202770 232896
11801 79935 91736
10870 70293 81163
12896 83792 96688
18439 112857 131296
13775 94226 108001
11788 101306 113094
8193 53808 62001
14933 78230 93163
3326 23016 26342
8650 58130 66780
6509 43174 49683
2777 19984 22761
2492 17750 20242
4051 25861 29912
11645 78078 89723
11415 76996 88411
5197 33123 38320
9272 59584 68856
12659 86225 98884
8265 49412 57677
12979 78435 91414
18453 112937 131390
3638 19985 23623
5610 37518 43128
17025 106924 123949
5241 29279 34520
20476 156802 177278
20722 104649 125371
5994 41074 47068
15154 57436 72590
27108 181669 208777
12167 73709 85876
20031 116385 136416
10614 55285 65899
9550 68519 78069
8988 63614 72602
2995 20419 23414
7110 48206 55316
15218 87178 102396
13081 77724 90805
13060 86406 99466
5854 39313 45167
10621 77209 87830
3877 24495 28372
4798 32946 37744
6358 39298 45656
2652 17586 20238
6837 42260 49097
17219 104593 121812
12886 80913 93799
7958 50244 58202
3912 24127 28039
13984 87238 101222
4938 27053 31991
7174 49587 56761
11592 66450 78042
5994 41497 47491
5428 31174 36602
4322 32038 36360
4731 36073 40804
8022 62332 70354
6065 43007 49072
11939 77817 89756
4816 30229 35045
8893 53444 62337
14978 80575 95553
13080 93299 106379
9721 59399 69120
17798 107328 125126
6066 38863 44929
30156 147769 177925
17388 108533 125921
12419 72705 85124
7502 45084 52586
16597 98024 114621
7253 48233 55486
13781 68372 82153
3494 21929 25423
8358 58135 66493
9739 68631 78370
7020 43126 50146
16635 110978 127613
31260 160896 192156
5501 41778 47279
20557 112327 132884
7843 50836 58679
2942 20802 23744
7334 48560 55894
15911 98487 114398
11223 73048 84271
8582 51093 59675
9976 55600 65576
20031 115030 135061
13310 90012 103322
6626 47131 53757
9149 61547 70696
13244 81277 94521
13384 85352 98736
31603 163299 194902
6472 42601 49073
6202 37601 43803
2384 14971 17355
6719 59885 66604
8328 53501 61829
9023 56152 65175
13859 95352 109211
13359 77768 91127
5986 38014 44000
14076 94428 108504
9078 57575 66653
2528 19579 22107
12604 83292 95896
31393 198633 230026
12012 74436 86448
4607 31870 36477
13493 85148 98641
13159 82326 95485
3846 24613 28459
14812 95020 109832
7345 44420 51765
8565 59066 67631
25195 156957 182152
5367 35989 41356
13353 89413 102766
5709 34645 40354
3176 18761 21937
13183 79788 92971
12245 79659 91904
14406 100146 114552
17093 112589 129682
14292 95615 109907
20997 126768 147765
10497 64889 75386
18315 117079 135394
5582 35142 40724
4766 33711 38477
13317 79386 92703
26809 171064 197873
30719 198681 229400
10836 86889 97725
9214 57684 66898
5890 41407 47297
7194 44893 52087
22132 132230 154362
14003 94366 108369
8733 52264 60997
12095 79625 91720
12250 85852 98102
9193 55714 64907
11923 75332 87255
8126 53970 62096
5655 37277 42932
13808 86461 100269
10950 67499 78449
14981 108691 123672
2854 19365 22219
10729 72438 83167
7700 50074 57774
10416 66256 76672
4269 26833 31102
15086 102000 117086
9389 57818 67207
2735 18059 20794
29039 199483 228522
24940 161963 186903
13589 88353 101942
10489 71701 82190
7701 52554 60255
9629 59870 69499
9998 61714 71712
16110 95015 111125
17248 111802 129050
15059 92029 107088
30584 179582 210166
8622 52120 60742
26419 152021 178440
6207 38689 44896
10664 64386 75050
2732 19722 22454
10093 60440 70533
21605 144497 166102
6514 43907 50421
2858 18468 21326
