30650 11446 42096
19676 7520 27196
40662 12620 53282
40387 14559 54946
40293 11873 52166
33371 10702 44073
24120 6593 30713
18498 6194 24692
26018 8147 34165
46789 20901 67690
14746 4782 19528
39151 11968 51119
45306 15633 60939
32462 10427 42889
14986 3972 18958
22334 6471 28805
51704 18694 70398
16370 5384 21754
35284 12084 47368
50971 17431 68402
61951 24982 86933
27014 9091 36105
19261 5962 25223
15460 5293 20753
25318 9492 34810
34724 12972 47696
12366 3841 16207
8808 2552 11360
9182 2620 11802
39888 12153 52041
47928 15006 62934
26717 7542 34259
47492 23063 70555
39850 10924 50774
33991 18758 52749
31546 10868 42414
53520 15111 68631
20322 6940 27262
37101 16744 53845
35196 12409 47605
7265 2661 9926
34845 12528 47373
39289 8703 47992
26237 12743 38980
9493 55 9548
17343 6270 23613
47256 25353 72609
13682 4766 18448
35768 14251 50019
32004 12257 44261
14675 4512 19187
60561 18326 78887
14698 4640 19338
17788 6000 23788
25849 8631 34480
11530 3112 14642
78514 30260 108774
78680 29311 107991
54293 21874 76167
42097 16400 58497
11977 4798 16775
43499 13433 56932
10852 2539 13391
24715 7240 31955
19113 6645 25758
7236 2516 9752
10359 3238 13597
103877 34631 138508
16033 6944 22977
8546 2758 11304
10890 3467 14357
7756 2240 9996
43732 14800 58532
94952 37636 132588
27276 10257 37533
26951 8533 35484
39370 11961 51331
47299 16792 64091
43456 16743 60199
40852 15258 56110
17760 8186 25946
45330 15971 61301
72323 25280 97603
52294 19073 71367
63843 22741 86584
52908 17115 70023
25480 8348 33828
12793 3781 16574
35962 12779 48741
39613 13117 52730
64081 22481 86562
30570 10223 40793
22973 7196 30169
33146 11619 44765
21804 2584 24388
17936 5385 23321
24393 8382 32775
39983 12260 52243
22585 6978 29563
160526 31304 191830
33030 10600 43630
39356 10594 49950
46138 14782 60920
32203 13134 45337
9666 3577 13243
35092 13489 48581
28085 10200 38285
15775 7995 23770
32555 12073 44628
61531 21019 82550
21369 12177 33546
24956 7448 32404
48591 20748 69339
48683 14688 63371
6592 1921 8513
70959 21922 92881
47142 15279 62421
9060 2691 11751
5491 1991 7482
22994 7149 30143
7895 2097 9992
20441 5401 25842
25847 10041 35888
28643 8154 36797
41465 16381 57846
7438 2357 9795
17068 6756 23824
22212 8305 30517
96473 37086 133559
38387 13616 52003
32881 15426 48307
34680 11307 45987
52523 21438 73961
38000 16493 54493
36245 13523 49768
19863 7038 26901
32555 10975 43530
9715 3372 13087
25073 9916 34989
18731 5630 24361
8793 3233 12026
6696 2440 9136
11132 2980 14112
35926 13554 49480
38779 12282 51061
14506 4390 18896
24148 8024 32172
35375 11599 46974
22266 6798 29064
34856 13905 48761
51294 14926 66220
8303 1967 10270
16305 4705 21010
48314 17967 66281
14957 4400 19357
63525 26869 90394
50787 16072 66859
18431 6688 25119
32381 10850 43231
81770 29994 111764
39964 12519 52483
50610 17193 67803
23784 14618 38402
29939 12792 42731
24312 7258 31570
9791 3925 13716
21426 8319 29745
44670 16352 61022
34384 10584 44968
44122 12916 57038
17626 5370 22996
32088 13853 45941
11214 2896 14110
14314 4728 19042
16048 4396 20444
7737 2479 10216
16324 5558 21882
48103 15226 63329
34276 13014 47290
23106 7606 30712
11482 3498 14980
39723 13327 53050
12179 2996 15175
21241 7715 28956
27690 8016 35706
17981 5997 23978
15837 4787 20624
12171 5370 17541
14980 4981 19961
26805 9649 36454
17676 7583 25259
36359 12320 48679
15444 4731 20175
23741 9513 33254
46296 12593 58889
47183 15597 62780
30957 10099 41056
50680 18667 69347
17305 4644 21949
70945 33105 104050
49319 14459 63778
31028 11810 42838
17305 5350 22655
38440 11935 50375
21764 7824 29588
33328 11403 44731
12560 3234 15794
27579 10099 37678
30132 10525 40657
20026 6126 26152
49523 18055 67578
73055 24123 97178
19339 7326 26665
53046 16364 69410
29655 9899 39554
10190 3145 13335
22475 8940 31415
54783 18046 72829
36654 13291 49945
26721 7484 34205
23821 6833 30654
60205 17379 77584
41337 13599 54936
20025 7538 27563
26514 9689 36203
42530 15215 57745
37659 13751 51410
73824 28910 102734
18122 6209 24331
15164 4637 19801
6875 1790 8665
15885 4188 20073
22594 8324 30918
23349 8735 32084
39207 15284 54491
29284 10836 40120
14780 5324 20104
43406 13638 57044
24955 7668 32623
6773 1792 8565
34960 14180 49140
90949 33866 124815
32795 9289 42084
17855 5630 23485
37093 12211 49304
35964 13105 49069
10017 2621 12638
39789 13756 53545
20516 6270 26786
28012 9910 37922
74070 28896 102966
16851 6079 22930
39835 14890 54725
14815 4506 19321
8844 2229 11073
36267 13738 50005
36022 12671 48693
41757 16657 58414
51995 16560 68555
41962 13798 55760
58361 21195 79556
29314 9752 39066
47219 18254 65473
16450 5182 21632
14689 6067 20756
34564 12392 46956
80421 33265 113686
74979 27394 102373
31664 10496 42160
23121 9531 32652
16600 6264 22864
19994 6623 26617
71327 23837 95164
45031 16476 61507
24345 9770 34115
33705 11087 44792
38855 13735 52590
25258 8804 34062
36305 13349 49654
23559 9836 33395
16745 4812 21557
42037 12680 54717
32997 11491 44488
59276 19845 79121
8942 2327 11269
34182 13670 47852
20557 6071 26628
32217 11075 43292
12233 3711 15944
47908 18563 66471
28833 9145 37978
8868 2367 11235
88295 28814 117109
79526 28459 107985
37493 13930 51423
33106 11686 44792
22939 7473 30412
25583 10234 35817
26568 7983 34551
38482 13653 52135
50054 17930 67984
41513 12595 54108
72676 25381 98057
22635 7567 30202
77812 27643 105455
16572 5172 21744
29444 11310 40754
8630 2558 11188
25984 8742 34726
62441 24322 86763
18130 6241 24371
8268 2533 10801
