23300 27477 50777
14996 16718 31714
29448 34232 63680
32667 37539 70206
29057 32261 61318
24676 27594 52270
17192 21043 38235
11388 12265 23653
20933 22307 43240
39116 49396 88512
10791 12619 23410
35368 42901 78269
40971 51288 92259
28362 30134 58496
12648 13489 26137
20481 21685 42166
40291 48492 88783
19983 20303 40286
28670 31480 60150
43334 55144 98478
53075 65951 119026
23230 30803 54033
17020 19626 36646
15482 18942 34424
20631 27884 48515
31091 39213 70304
10625 10604 21229
8320 8286 16606
8050 7933 15983
33020 32610 65630
40554 43323 83877
21351 24888 46239
37755 51013 88768
24470 37066 61536
40525 39497 80022
26176 33877 60053
42947 40172 83119
18542 17287 35829
29950 39437 69387
35808 43360 79168
7649 8508 16157
29991 40242 70233
24657 33689 58346
22129 25814 47943
9255 395 9650
12613 16016 28629
41641 51871 93512
10254 12827 23081
25881 34741 60622
23871 36300 60171
11933 13505 25438
46066 54294 100360
11008 14680 25688
13679 13463 27142
24325 25758 50083
11693 12060 23753
81976 96338 178314
53151 62237 115388
43634 56249 99883
32619 42342 74961
9032 11216 20248
32866 35120 67986
8712 8145 16857
18687 19330 38017
14089 17474 31563
6295 7478 13773
11647 11960 23607
84482 91027 175509
13191 13217 26408
7512 7776 15288
8924 9997 18921
5022 6387 11409
33176 50072 83248
70043 87991 158034
18816 28378 47194
18584 22029 40613
26761 33025 59786
38235 46409 84644
31168 37713 68881
32191 42864 75055
9433 10805 20238
29919 38200 68119
51597 62375 113972
39248 45983 85231
42145 53914 96059
40561 45131 85692
22141 23453 45594
9349 11700 21049
26939 30362 57301
31889 38468 70357
51804 62012 113816
24678 31019 55697
17982 17652 35634
25571 34812 60383
7742 7906 15648
15054 17514 32568
17045 22115 39160
28351 31192 59543
17417 20173 37590
70925 81301 152226
26808 31287 58095
23252 27395 50647
30572 35149 65721
22556 31266 53822
7174 6778 13952
23900 31629 55529
21208 29048 50256
11422 12527 23949
24774 33676 58450
43864 58086 101950
16176 20822 36998
19228 20277 39505
34434 52553 86987
35524 40731 76255
5022 5391 10413
45639 57371 103010
28908 34677 63585
6769 9421 16190
3725 4629 8354
18001 20519 38520
6944 6116 13060
12884 14161 27045
32042 23464 55506
17568 22426 39994
33271 40888 74159
5521 6469 11990
13590 17780 31370
17645 22639 40284
70534 100017 170551
29830 39351 69181
26158 35429 61587
31233 42667 73900
43722 59935 103657
34004 48843 82847
33337 35773 69110
21225 22521 43746
25536 31408 56944
8238 10454 18692
23515 23955 47470
15002 15615 30617
6448 8061 14509
5494 7013 12507
8944 9178 18122
26044 33547 59591
30870 34284 65154
10528 13012 23540
19172 21971 41143
34044 36384 70428
16564 17481 34045
27309 34917 62226
39443 46905 86348
6937 6189 13126
14055 21138 35193
37583 46962 84545
11414 12192 23606
45029 69652 114681
43025 48542 91567
14225 15517 29742
20661 27070 47731
63251 79836 143087
25722 32074 57796
42463 51277 93740
20312 23291 43603
20612 32401 53013
20934 24216 45150
7680 10315 17995
19366 21901 41267
36099 45524 81623
28228 29713 57941
34100 38339 72439
14485 16708 31193
23358 34877 58235
9302 8728 18030
12067 14229 26296
12543 12847 25390
6674 7174 13848
14267 17871 32138
39617 46076 85693
27349 34766 62115
18687 22174 40861
9293 10243 19536
32520 36592 69112
9845 8960 18805
16889 21429 38318
23044 26859 49903
15012 14930 29942
11651 12266 23917
10148 14372 24520
10567 13349 23916
23050 25956 49006
13335 19010 32345
28931 34788 63719
11289 12766 24055
19530 25361 44891
34981 34543 69524
32341 38795 71136
19816 24655 44471
39209 46032 85241
14362 14606 28968
52488 68893 121381
47859 53445 101304
24279 34332 58611
19926 17322 37248
32236 45989 78225
18403 21907 40310
32475 35028 67503
9140 9682 18822
19519 23841 43360
21957 29108 51065
17124 16342 33466
40116 45775 85891
61300 73130 134430
13978 18260 32238
36881 41529 78410
19847 22902 42749
7606 9375 16981
16737 20903 37640
38380 47963 86343
30478 32632 63110
18793 19666 38459
19243 22344 41587
43018 50537 93555
33286 38452 71738
18285 19240 37525
19074 27098 46172
35139 40728 75867
30393 38057 68450
54443 69403 123846
14966 17764 32730
13292 12755 26047
5511 6042 11553
13224 12970 26194
19868 24366 44234
18967 24960 43927
34232 47268 81500
19721 26445 46166
10712 12586 23298
33554 41301 74855
20049 21711 41760
5855 5204 11059
28660 33472 62132
69221 95024 164245
25253 31976 57229
10806 14779 25585
31048 36466 67514
35993 35917 71910
9096 8970 18066
35738 40515 76253
20883 28933 49816
21884 26611 48495
68916 82419 151335
15182 19096 34278
40864 41781 82645
18266 13355 31621
7015 6307 13322
32487 33190 65677
29415 39021 68436
39843 51856 91699
41620 48122 89742
33457 39113 72570
43878 57295 101173
21576 30387 51963
43574 53650 97224
14424 16335 30759
10127 12970 23097
26046 32096 58142
64160 86558 150718
59849 71301 131150
22389 26186 48575
18974 26528 45502
14662 20216 34878
21302 20468 41770
52473 68683 121156
47646 49647 97293
20980 27368 48348
25633 32184 57817
32231 44203 76434
20597 26523 47120
27119 35838 62957
17916 23896 41812
14476 15746 30222
34932 65235 100167
30985 32911 63896
42111 57480 99591
7765 8345 16110
26123 37475 63598
17078 18122 35200
25195 31532 56727
8976 10391 19367
36242 47377 83619
26120 32255 58375
6887 7880 14767
72963 86292 159255
63569 78925 142494
30686 36863 67549
27338 36262 63600
18250 23955 42205
20522 27043 47565
21754 25630 47384
33198 46698 79896
41167 54293 95460
34045 35792 69837
61489 72441 133930
19489 22954 42443
59675 73851 133526
14461 16050 30511
20677 27061 47738
7863 9895 17758
20851 26359 47210
44650 64296 108946
14816 17366 32182
6171 6535 12706
