11608 57136 68744
6682 39044 45726
13425 75119 88544
14712 80452 95164
12212 65066 77278
12752 68919 81671
7223 43531 50754
6077 32610 38687
9918 51027 60945
17877 104464 122341
5668 30501 36169
16004 84053 100057
18395 104519 122914
13815 61521 75336
6131 33020 39151
9892 50834 60726
19536 104679 124215
6777 38553 45330
13577 73203 86780
20316 110260 130576
26340 167897 194237
11699 62661 74360
7820 44078 51898
6306 39951 46257
11089 59290 70379
12549 74285 86834
4576 23420 27996
3435 17948 21383
3814 21431 25245
13379 77495 90874
18340 91003 109343
10524 52798 63322
18204 94416 112620
11100 64832 75932
15404 68817 84221
10439 55779 66218
16021 85556 101577
7160 37879 45039
13741 79121 92862
13892 76340 90232
2925 16408 19333
11485 69346 80831
10742 57170 67912
11126 58024 69150
7627 2909 10536
6238 31059 37297
17282 96474 113756
5377 29394 34771
11408 65484 76892
11545 63144 74689
5230 27241 32471
24136 123005 147141
5300 27939 33239
6652 31742 38394
8764 46179 54943
4447 24102 28549
27877 154062 181939
25955 140092 166047
22378 122264 144642
15985 97858 113843
4491 24194 28685
17306 86477 103783
5078 22492 27570
9600 44105 53705
7788 44770 52558
3069 14428 17497
4586 24230 28816
33587 174186 207773
5957 32668 38625
3429 19779 23208
3802 23172 26974
2290 13279 15569
16781 91663 108444
40303 192119 232422
10177 56897 67074
10261 57682 67943
14941 74311 89252
21474 92538 114012
15780 92008 107788
15092 106986 122078
5143 28865 34008
16318 101244 117562
34532 170228 204760
21302 98182 119484
23575 125145 148720
19433 99726 119159
9591 51442 61033
5581 29396 34977
13435 73262 86697
15573 87816 103389
26160 135759 161919
12618 64257 76875
9898 50726 60624
16202 87561 103763
4360 26306 30666
8233 46003 54236
9546 58291 67837
15678 77020 92698
11958 49043 61001
40631 240601 281232
14604 81087 95691
11257 62665 73922
14995 83596 98591
12411 72996 85407
3814 30945 34759
25509 68270 93779
11045 90231 101276
5310 30784 36094
12119 73103 85222
22296 127071 149367
7690 40816 48506
9728 50615 60343
17228 100180 117408
15906 88050 103956
2377 12550 14927
24564 132874 157438
14398 69470 83868
3089 16631 19720
1957 11827 13784
9463 49250 58713
4152 15147 19299
5735 31563 37298
8270 50545 58815
8108 46639 54747
15567 83176 98743
2430 13510 15940
6028 33617 39645
7536 40268 47804
30125 171361 201486
14500 82100 96600
10976 68171 79147
12833 72199 85032
20292 111181 131473
14448 88352 102800
11252 64655 75907
8133 45245 53378
11366 64284 75650
3598 21047 24645
9703 51157 60860
6373 35748 42121
2907 17604 20511
2586 15613 18199
4249 22152 26401
11714 66962 78676
14349 79451 93800
5525 28792 34317
10429 55181 65610
14144 79933 94077
8140 41791 49931
12539 70038 82577
19986 93694 113680
3341 16289 19630
6446 35744 42190
17346 88110 105456
5960 30316 36276
27146 128748 155894
20273 106547 126820
6389 35731 42120
10922 58024 68946
25853 163095 188948
11944 65063 77007
22304 112062 134366
10337 51220 61557
13620 59291 72911
9883 51928 61811
3448 19737 23185
7161 41745 48906
15524 84567 100091
11802 62966 74768
15261 82386 97647
6000 33777 39777
12121 73354 85475
4088 20718 24806
5130 30795 35925
5844 30584 36428
3041 16888 19929
6554 36794 43348
18157 97337 115494
12260 69446 81706
8084 44883 52967
4130 23839 27969
17540 76057 93597
5316 24725 30041
7227 42831 50058
10291 57183 67474
5982 35577 41559
6337 29978 36315
4655 27237 31892
5252 29187 34439
9217 50268 59485
5441 40130 45571
13032 75942 88974
5612 26422 32034
9181 50858 60039
12176 67934 80110
14591 82263 96854
9786 53255 63041
16589 88946 105535
6285 31310 37595
23927 127925 151852
18680 97891 116571
10687 64212 74899
6835 36494 43329
14576 77669 92245
8342 41881 50223
13468 63775 77243
4003 20408 24411
9271 50370 59641
9870 59267 69137
7079 37099 44178
17454 98895 116349
27383 143803 171186
6840 42086 48926
15846 84290 100136
8880 47918 56798
3569 20460 24029
7903 46869 54772
17438 94176 111614
13133 73484 86617
9440 48492 57932
9454 52056 61510
21617 131814 153431
14544 84767 99311
7423 40745 48168
10342 58539 68881
15006 81988 96994
14895 84027 98922
26449 152642 179091
6699 37635 44334
5917 33421 39338
2508 15288 17796
6394 33791 40185
9033 49689 58722
10007 57419 67426
15533 94062 109595
10544 56515 67059
5321 27858 33179
14440 84439 98879
9217 47873 57090
2460 15982 18442
13189 77342 90531
30551 173503 204054
11446 66534 77980
4989 29407 34396
14740 86353 101093
14170 76567 90737
3857 21273 25130
15877 88096 103973
7662 40061 47723
9868 55887 65755
26449 144812 171261
5417 33860 39277
14843 87058 101901
5422 30225 35647
4115 16381 20496
13842 69767 83609
12880 74266 87146
15019 86651 101670
18911 99452 118363
14205 77198 91403
22921 118569 141490
11488 55792 67280
17842 112820 130662
6063 33415 39478
5452 30112 35564
12090 68777 80867
29107 164303 193410
26434 147457 173891
12511 64772 77283
9359 52595 61954
12766 50108 62874
8012 40889 48901
24748 134783 159531
16917 98060 114977
9881 50923 60804
12079 71279 83358
15044 79133 94177
10265 57459 67724
12604 72344 84948
9027 51287 60314
6395 34689 41084
15011 81135 96146
12211 68376 80587
16905 94350 111255
3298 21543 24841
11345 69833 81178
8338 44529 52867
11364 63616 74980
4432 23912 28344
17065 101146 118211
10508 55662 66170
3196 17212 20408
31876 188375 220251
26734 159034 185768
13476 75802 89278
11928 74265 86193
7700 44202 51902
9400 51897 61297
10701 55395 66096
14543 78248 92791
19789 107724 127513
16463 85837 102300
25879 141658 167537
8257 44481 52738
27755 147920 175675
6158 33286 39444
11225 56122 67347
3299 19571 22870
9906 52965 62871
22628 126648 149276
6969 40496 47465
2900 15615 18515
