18325 40004 58329
28837 20879 49716
22267 48942 71209
26764 51205 77969
24112 47333 71445
22765 47581 70346
15635 30784 46419
10013 20656 30669
19321 39533 58854
38585 71404 109989
11368 19447 30815
27848 53870 81718
36213 73554 109767
20388 42650 63038
10395 22811 33206
15906 28988 44894
33857 77456 111313
12656 24279 36935
20810 44387 65197
45950 68874 114824
38043 100199 138242
16822 37395 54217
13779 30185 43964
11165 27357 38522
14975 34912 49887
21478 51874 73352
9162 15642 24804
6088 11187 17275
6943 12836 19779
22819 51638 74457
33513 72564 106077
17803 38529 56332
28884 65404 94288
19422 41442 60864
20267 49570 69837
16936 45193 62129
28452 59892 88344
11854 23623 35477
26954 62703 89657
22010 49634 71644
5053 10050 15103
24428 44539 68967
17074 36077 53151
16289 34512 50801
9036 874 9910
9164 20780 29944
31172 68650 99822
8255 17574 25829
19466 46352 65818
18296 42786 61082
11189 21728 32917
36878 87134 124012
9186 17055 26241
12243 24138 36381
18166 38175 56341
8644 17128 25772
54612 105035 159647
47286 100564 147850
35128 80910 116038
25541 58431 83972
7820 17523 25343
27143 53662 80805
7158 12333 19491
16861 30733 47594
12256 28178 40434
4278 11934 16212
6876 15644 22520
61975 123863 185838
10137 19805 29942
5716 10694 16410
7267 14619 21886
4522 8612 13134
30788 58979 89767
57217 120628 177845
16625 38286 54911
19742 39691 59433
21518 54194 75712
34474 70031 104505
28876 56753 85629
25190 60430 85620
7529 15804 23333
28051 63370 91421
43154 100580 143734
39045 71579 110624
40310 86932 127242
35599 65380 100979
16666 34518 51184
8632 18584 27216
21670 49132 70802
25540 55843 81383
41971 88707 130678
17901 44606 62507
16367 29264 45631
21478 50593 72071
7011 13261 20272
12170 30391 42561
20138 32973 53111
21509 45200 66709
14605 26028 40633
53344 116466 169810
17755 41700 59455
17159 40099 57258
25001 64660 89661
17578 49843 67421
6179 10556 16735
19248 45269 64517
16427 39313 55740
9862 19409 29271
20632 54758 75390
38403 84635 123038
15278 31678 46956
18653 36059 54712
32836 72988 105824
30234 59630 89864
4294 8910 13204
42625 91707 134332
23070 49745 72815
5385 10306 15691
3385 8505 11890
16392 32985 49377
5520 9230 14750
12483 22520 35003
17656 35365 53021
14834 31606 46440
25850 57112 82962
4798 10087 14885
10837 24743 35580
16411 31971 48382
61705 130589 192294
24587 64380 88967
20382 50149 70531
23582 50519 74101
35019 79768 114787
25858 71446 97304
21017 48588 69605
14133 30581 44714
23822 49988 73810
7201 15674 22875
15898 42937 58835
11710 25191 36901
5312 11902 17214
4355 10446 14801
8861 16381 25242
21077 49198 70275
26402 63137 89539
9237 20723 29960
17473 36394 53867
24035 50017 74052
14723 27178 41901
24671 47808 72479
36217 69833 106050
6178 10074 16252
11150 24040 35190
32267 67636 99903
10417 20115 30532
39279 104161 143440
37605 67449 105054
12163 25770 37933
17430 40092 57522
46149 110856 157005
21505 46711 68216
37491 85571 123062
16879 34094 50973
18696 47833 66529
18107 35675 53782
6235 14542 20777
14607 31222 45829
31449 67282 98731
22168 46621 68789
31543 58099 89642
10928 23381 34309
19583 51272 70855
7944 15572 23516
13949 20789 34738
10460 20747 31207
5570 12035 17605
11191 24399 35590
33843 78530 112373
22364 52428 74792
18386 32477 50863
8114 15629 23743
26169 58476 84645
8637 15652 24289
15349 34258 49607
20401 38915 59316
11090 23430 34520
10585 19752 30337
7615 19372 26987
9228 22113 31341
19278 38458 57736
10628 31238 41866
23958 50818 74776
9081 19519 28600
14855 32765 47620
22647 48658 71305
25896 57706 83602
17180 36699 53879
32181 61020 93201
10618 19695 30313
39835 90989 130824
33172 66824 99996
17574 42624 60198
12439 24548 36987
22467 47793 70260
13473 28252 41725
19810 42201 62011
6746 14494 21240
15786 36666 52452
16696 39727 56423
12175 25119 37294
31144 64774 95918
42541 91909 134450
12268 28135 40403
28220 56177 84397
15486 31822 47308
6853 12819 19672
13555 28714 42269
33475 67399 100874
21262 48038 69300
19918 30079 49997
18749 32095 50844
35717 73162 108879
27156 58946 86102
14300 29894 44194
15957 36240 52197
28985 55328 84313
24131 52728 76859
53130 97603 150733
11827 26193 38020
9819 22357 32176
4403 8707 13110
11288 22630 33918
15609 32209 47818
17370 38913 56283
31769 63478 95247
21947 38952 60899
8358 29866 38224
27040 58566 85606
17019 31759 48778
4630 9393 14023
25628 58700 84328
54474 127788 182262
21059 42353 63412
8620 21770 30390
23393 48643 72036
24594 49177 73771
6915 13192 20107
28861 61438 90299
14382 28061 42443
17932 36423 54355
47282 104598 151880
10113 24460 34573
27146 56561 83707
9964 20420 30384
5649 9360 15009
23857 48583 72440
22331 53337 75668
28404 66926 95330
32893 72208 105101
25150 55589 80739
36296 82202 118498
18344 37208 55552
32683 83029 115712
11184 25258 36442
8217 19309 27526
22084 50105 72189
45954 105624 151578
47098 106293 153391
19876 38619 58495
15613 37180 52793
10917 26468 37385
12932 30505 43437
41720 89006 130726
28026 62756 90782
16384 38693 55077
22379 50004 72383
22424 53354 75778
16382 34298 50680
21014 48496 69510
14509 34415 48924
11206 22754 33960
29064 55807 84871
19634 43213 62847
32881 74986 107867
5915 12269 18184
20058 49778 69836
14334 30250 44584
19419 49762 69181
7138 19726 26864
31903 70298 102201
20971 49006 69977
5929 10474 16403
53954 115339 169293
44884 100613 145497
24471 55635 80106
19280 49811 69091
15276 31633 46909
16050 39090 55140
18399 39368 57767
27818 62719 90537
31135 86876 118011
31473 53687 85160
45265 95964 141229
16573 33274 49847
43652 95444 139096
11227 23565 34792
18544 43599 62143
7691 11515 19206
15952 34947 50899
36272 88500 124772
12575 28738 41313
5442 10816 16258
