13323 48251 61574
8529 32026 40555
17042 63491 80533
17358 64627 81985
19146 63829 82975
17431 65835 83266
9338 44616 53954
7725 27026 34751
15576 43930 59506
21928 92458 114386
6437 23944 30381
19399 74563 93962
24260 88790 113050
15303 57420 72723
7172 25144 32316
12698 44959 57657
25217 97512 122729
9605 33499 43104
16008 58380 74388
26534 105384 131918
28337 129052 157389
12879 50813 63692
9948 38707 48655
7151 28307 35458
12351 50211 62562
17080 74066 91146
6378 20374 26752
4749 17162 21911
4432 16873 21305
18492 67856 86348
22594 82596 105190
12886 47143 60029
22619 86597 109216
15296 60236 75532
15049 62629 77678
14738 50437 65175
18325 72392 90717
11265 32465 43730
18185 78589 96774
16408 71783 88191
4902 15590 20492
16040 62824 78864
12699 48478 61177
13351 49861 63212
8908 1926 10834
6923 26845 33768
33743 94624 128367
6612 23648 30260
15758 63338 79096
14763 57108 71871
7013 26168 33181
28921 112008 140929
6951 25787 32738
9067 29391 38458
13614 47760 61374
5928 22503 28431
38149 154561 192710
32615 134183 166798
34160 115221 149381
20137 76461 96598
7267 25810 33077
20772 78716 99488
6177 20577 26754
12596 43329 55925
9244 37947 47191
6053 21695 27748
6099 25781 31880
42422 172751 215173
8284 30009 38293
4514 16555 21069
5090 19902 24992
3202 12736 15938
20207 103037 123244
48896 172910 221806
12414 48784 61198
13246 48851 62097
15541 61138 76679
21632 82746 104378
19257 78668 97925
26522 72046 98568
5382 22920 28302
19000 78550 97550
30884 119043 149927
24214 86685 110899
27565 109794 137359
25924 96655 122579
11454 40579 52033
6340 24607 30947
15307 57995 73302
17055 67206 84261
27705 107352 135057
13061 58308 71369
11409 39052 50461
14629 60908 75537
4214 16142 20356
8435 31019 39454
10247 41887 52134
15877 61413 77290
10673 34270 44943
38703 142559 181262
13851 56504 70355
12514 47792 60306
18220 67270 85490
13186 57943 71129
4480 14894 19374
13376 52756 66132
11697 51387 63084
6918 25363 32281
14903 63530 78433
26489 101289 127778
9136 37755 46891
11649 39585 51234
19707 83376 103083
19923 79159 99082
2963 11657 14620
29073 114754 143827
16512 65838 82350
4188 14921 19109
2343 9409 11752
10659 38956 49615
3723 13621 17344
7798 29609 37407
10750 44352 55102
9460 36935 46395
18568 72023 90591
3291 12742 16033
8359 31813 40172
10254 37599 47853
37885 164170 202055
17717 71468 89185
15836 58332 74168
17024 66060 83084
24360 91414 115774
18299 83761 102060
15051 60037 75088
9960 39802 49762
15024 54605 69629
5947 17889 23836
11776 47227 59003
8105 31286 39391
3958 16344 20302
6847 12254 19101
6311 23528 29839
14436 57151 71587
18056 68199 86255
6858 26150 33008
11159 42650 53809
18351 71502 89853
9842 35886 45728
16254 63650 79904
23338 83003 106341
4522 14670 19192
7448 27685 35133
22290 85063 107353
7055 23266 30321
27029 121343 148372
24511 90231 114742
8329 32618 40947
11871 47636 59507
34207 150875 185082
15488 60748 76236
25591 97535 123126
12211 45229 57440
11899 53117 65016
12134 43441 55575
4517 18432 22949
9279 37736 47015
20499 79199 99698
15806 57815 73621
18773 69723 88496
8047 31226 39273
14707 89961 104668
5440 18940 24380
7584 33689 41273
6976 23922 30898
4694 17712 22406
9213 48946 58159
30281 98648 128929
17563 70055 87618
10708 41178 51886
5517 22369 27886
19021 72595 91616
6329 21788 28117
10155 41383 51538
12393 48122 60515
10243 35551 45794
8236 28706 36942
5891 34846 40737
7162 29717 36879
13602 53792 67394
10878 42742 53620
19828 69839 89667
6701 26821 33522
16128 51605 67733
22503 104084 126587
20682 77179 97861
13204 79724 92928
24446 89296 113742
11208 35302 46510
32959 120956 153915
23182 82763 105945
13552 57161 70713
9190 34595 43785
21824 70694 92518
15656 46905 62561
17858 66504 84362
5829 23744 29573
12872 51114 63986
13905 59632 73537
9467 65636 75103
25760 88654 114414
39109 144901 184010
9999 38984 48983
22786 87960 110746
12916 50967 63883
6440 19968 26408
10613 59343 69956
26678 90495 117173
17087 73442 90529
13091 48405 61496
13781 51250 65031
35396 120621 156017
22405 80815 103220
10154 42595 52749
14099 58661 72760
24695 95654 120349
20538 83368 103906
36422 150610 187032
15226 40301 55527
7992 30638 38630
3700 14084 17784
9287 33115 42402
17658 50455 68113
13142 50895 64037
29546 90608 120154
14666 53812 68478
7701 34998 42699
20732 90793 111525
14147 45514 59661
3385 14077 17462
19533 72547 92080
43250 172878 216128
17885 67231 85116
6168 28282 34450
19752 78137 97889
19014 69257 88271
5113 19233 24346
22324 91914 114238
11609 43847 55456
12561 50444 63005
39463 151286 190749
7357 39397 46754
29078 92977 122055
8218 29940 38158
4539 14916 19455
17965 62855 80820
18520 72588 91108
22259 99008 121267
25933 95242 121175
19143 75627 94770
31754 103075 134829
14660 56139 70799
27058 114068 141126
7759 30598 38357
6155 26029 32184
16829 77706 94535
37202 151320 188522
38095 149633 187728
14658 61911 76569
14040 54150 68190
11021 37631 48652
11926 38115 50041
34083 126599 160682
21934 94018 115952
13287 48962 62249
16140 65389 81529
18232 80212 98444
12358 46864 59222
17163 68806 85969
12777 49260 62037
11616 28601 40217
21016 73130 94146
14764 55807 70571
22823 96801 119624
4567 17914 22481
15525 69286 84811
11600 44291 55891
15461 65854 81315
6603 27150 33753
23475 95410 118885
15000 57386 72386
4183 16647 20830
46891 171798 218689
38289 145137 183426
19594 74443 94037
15726 69515 85241
10710 41874 52584
12452 51375 63827
13351 50124 63475
20252 95820 116072
29430 108317 137747
24404 82399 106803
39813 134651 174464
12155 43889 56044
42087 140577 182664
8407 33781 42188
15671 56494 72165
4599 19419 24018
15342 50172 65514
34832 133204 168036
9301 37633 46934
4144 14903 19047
