22048 35129 57177
34727 19062 53789
25482 38592 64074
29380 46564 75944
30122 40687 70809
22278 34617 56895
16755 23568 40323
11349 17344 28693
17949 25957 43906
36130 59883 96013
9419 15676 25095
33058 49330 82388
32823 54222 87045
21166 33774 54940
11639 17174 28813
17863 27723 45586
38603 62870 101473
13445 21474 34919
23235 37451 60686
36729 66885 103614
47683 89697 137380
19149 35127 54276
15162 27937 43099
11850 20522 32372
16648 34454 51102
23607 49728 73335
8890 12104 20994
6629 11506 18135
7902 10795 18697
26429 42788 69217
34195 50887 85082
17982 32345 50327
34380 57567 91947
21674 36189 57863
20919 39180 60099
19154 33430 52584
31574 44992 76566
12918 30472 43390
27089 51458 78547
22924 40414 63338
7341 7856 15197
23354 42811 66165
18821 30217 49038
19686 34013 53699
8675 697 9372
10956 21344 32300
37986 57802 95788
10128 16091 26219
24096 41837 65933
22366 41539 63905
10478 16689 27167
45678 70199 115877
10323 15636 25959
12495 19183 31678
19794 32560 52354
10194 13117 23311
73885 99780 173665
53799 80960 134759
39711 72557 112268
32515 61194 93709
8224 14959 23183
33157 58130 91287
8805 11745 20550
19011 23410 42421
14786 24890 39676
4769 7848 12617
9784 14744 24528
72304 107784 180088
12222 16469 28691
6816 10601 17417
8813 13908 22721
4989 8724 13713
32839 48660 81499
81544 118432 199976
18640 35343 53983
28754 36127 64881
24776 37186 61962
33070 51343 84413
30402 51189 81591
28535 47541 76076
8494 13810 22304
28204 48293 76497
49898 81732 131630
37833 59819 97652
47252 66890 114142
39465 60383 99848
17205 26510 43715
9735 15542 25277
23519 38217 61736
28782 44091 72873
42104 70546 112650
19721 32522 52243
20207 21323 41530
24500 42932 67432
6853 11135 17988
14397 21371 35768
17322 27217 44539
26207 39537 65744
16542 25716 42258
69163 107413 176576
20754 37721 58475
20139 34714 54853
30594 50661 81255
19219 35371 54590
7416 10941 18357
25286 38698 63984
18072 35585 53657
10684 15061 25745
27326 39949 67275
37058 66250 103308
16236 26263 42499
18368 28585 46953
31631 58458 90089
30317 46435 76752
4997 7233 12230
44180 69667 113847
25244 43427 68671
6270 9079 15349
3546 5711 9257
17827 26982 44809
5777 7350 13127
11923 19411 31334
17883 30986 48869
16570 26432 43002
31417 46466 77883
5004 8129 13133
12761 19196 31957
16419 24590 41009
61223 104101 165324
27352 43058 70410
20797 39532 60329
24672 39299 63971
38585 67011 105596
28954 51789 80743
22495 39473 61968
16842 28670 45512
23451 35611 59062
9070 14376 23446
18612 32584 51196
13089 19474 32563
6590 10895 17485
5357 9094 14451
8028 11415 19443
22313 39133 61446
27218 41921 69139
9626 15971 25597
16837 26973 43810
26485 42968 69453
17228 22955 40183
26457 44082 70539
40334 58335 98669
7136 9410 16546
12736 19474 32210
33551 53375 86926
11513 14572 26085
52983 90798 143781
42378 59939 102317
13006 21729 34735
19470 31123 50593
56156 108634 164790
28714 40114 68828
35648 57159 92807
18293 29100 47393
18876 42111 60987
24976 35984 60960
6723 11592 18315
15740 25281 41021
40394 55605 95999
22847 33493 56340
34475 50735 85210
12300 21863 34163
21946 43737 65683
8013 10394 18407
10191 18182 28373
10458 15163 25621
6014 8529 14543
12094 20072 32166
36072 55553 91625
21969 38643 60612
16008 25531 41539
8421 12626 21047
29499 46342 75841
9347 12181 21528
17126 24016 41142
20452 33697 54149
13225 18894 32119
11243 17171 28414
8072 15964 24036
11122 18994 30116
17514 28413 45927
13764 23451 37215
24904 42161 67065
10260 16173 26433
20206 37517 57723
25260 45209 70469
29000 46634 75634
19356 28028 47384
37077 55654 92731
17294 17950 35244
50817 76463 127280
35457 58073 93530
21242 40456 61698
14515 20808 35323
29127 44804 73931
15841 24590 40431
22024 36031 58055
7888 12061 19949
18875 31157 50032
19286 33523 52809
14252 20346 34598
35645 58930 94575
64337 90459 154796
12843 26772 39615
33479 51282 84761
19651 32633 52284
7492 10824 18316
18922 30713 49635
34319 54993 89312
24779 43789 68568
18435 25979 44414
18637 27550 46187
41815 67560 109375
30368 50504 80872
16113 25675 41788
18842 34299 53141
31959 50716 82675
35817 49739 85556
50728 92798 143526
12989 20393 33382
11471 17647 29118
5026 7758 12784
12493 17652 30145
17477 28212 45689
18955 28637 47592
31570 56778 88348
17456 30047 47503
9191 15683 24874
30032 51163 81195
17035 24238 41273
5147 7025 12172
25378 44169 69547
63084 108690 171774
23250 38278 61528
8580 15912 24492
29218 46445 75663
26049 41146 67195
8035 10648 18683
31560 48795 80355
15709 22963 38672
18621 30065 48686
52598 86488 139086
10555 22417 32972
30591 49572 80163
10728 18549 29277
6353 7846 14199
37355 38655 76010
32448 50820 83268
29397 51219 80616
40004 62183 102187
30065 47380 77445
37648 64221 101869
20875 34472 55347
33572 67106 100678
11248 18606 29854
9803 17797 27600
22660 38846 61506
53074 92680 145754
48164 87951 136115
21904 35644 57548
15939 28853 44792
12004 22586 34590
14056 21202 35258
47559 79525 127084
31979 53613 85592
16982 29271 46253
24039 42230 66269
26853 45083 71936
17051 28203 45254
23022 40273 63295
16333 28558 44891
13000 19557 32557
30721 43737 74458
22889 38815 61704
32554 57411 89965
6959 10340 17299
21631 41054 62685
16671 24963 41634
19789 35551 55340
8167 12522 20689
32457 54955 87412
18174 31446 49620
6760 9255 16015
65195 105671 170866
53481 94401 147882
27625 46706 74331
22247 44241 66488
17183 26398 43581
16915 31415 48330
19612 32126 51738
31237 48332 79569
39286 66988 106274
32271 45090 77361
51620 86917 138537
17275 27199 44474
50503 89903 140406
12406 18459 30865
20126 35396 55522
6285 9854 16139
18003 30278 48281
42425 79200 121625
15037 21969 37006
6480 9138 15618
