2727 80733 83460
1654 46259 47913
3129 91778 94907
3384 93476 96860
2990 86816 89806
2714 82563 85277
1780 60093 61873
1391 39129 40520
2252 64104 66356
3849 127190 131039
1172 39094 40266
3638 102964 106602
3846 125413 129259
2665 80266 82931
1429 44042 45471
2155 62874 65029
4930 140399 145329
1424 47417 48841
3143 87310 90453
4702 134759 139461
5201 163799 169000
2488 73843 76331
1748 53072 54820
1508 41900 43408
2287 68335 70622
3005 93823 96828
1014 29893 30907
859 24580 25439
853 27195 28048
3169 91805 94974
5094 110035 115129
2351 65081 67432
4029 113860 117889
2713 80140 82853
2627 80022 82649
2700 77276 79976
3446 99742 103188
1619 49046 50665
3536 107681 111217
3034 86540 89574
714 21340 22054
3117 93887 97004
2321 70425 72746
2261 68716 70977
3766 14438 18204
1456 42567 44023
3939 132775 136714
1074 34272 35346
3081 91352 94433
2576 79276 81852
1138 36671 37809
5480 155218 160698
1426 37391 38817
1737 47417 49154
2310 66444 68754
1088 32462 33550
7324 213529 220853
6442 173163 179605
5348 153650 158998
3525 108429 111954
1070 33539 34609
3787 105813 109600
938 29928 30866
2441 65336 67777
2099 57198 59297
1141 19712 20853
1257 34551 35808
8134 225520 233654
1340 42999 44339
789 24604 25393
965 30946 31911
785 18182 18967
3665 109418 113083
8922 249228 258150
2816 70169 72985
2606 69950 72556
2863 83764 86627
4203 118401 122604
3432 109904 113336
3639 105052 108691
1286 34142 35428
3192 106202 109394
6570 210789 217359
4490 122605 127095
5646 162135 167781
4488 131116 135604
2125 63035 65160
1179 38772 39951
2940 85623 88563
3396 110382 113778
5473 156270 161743
2562 75163 77725
1909 61330 63239
2988 94735 97723
843 26204 27047
1675 50380 52055
2524 59291 61815
3211 86038 89249
1751 57004 58755
7579 210736 218315
2500 83555 86055
2582 74486 77068
3594 107970 111564
2455 79417 81872
853 25993 26846
2724 80019 82743
2591 85744 88335
1325 38122 39447
2920 97722 100642
4948 151844 156792
1868 55144 57012
2231 66256 68487
4345 128803 133148
3771 121901 125672
602 18473 19075
5870 166265 172135
3248 98230 101478
763 22986 23749
534 16433 16967
2105 63147 65252
713 22556 23269
1613 46614 48227
2008 72011 74019
1726 55521 57247
3789 105424 109213
612 19724 20336
2166 45287 47453
2101 56458 58559
7918 239513 247431
3552 104649 108201
2746 86761 89507
3440 100190 103630
5245 145574 150819
3303 108556 111859
2897 89462 92359
1911 56837 58748
2943 88960 91903
934 26979 27913
2186 67308 69494
1667 53012 54679
879 26431 27310
689 18777 19466
1058 33729 34787
3097 95578 98675
2954 94529 97483
1216 38415 39631
2627 69217 71844
3504 105055 108559
1797 57633 59430
3315 95176 98491
4532 130663 135195
800 22769 23569
1476 48610 50086
4651 129159 133810
1317 37503 38820
5129 160206 165335
5154 145285 150439
1675 45953 47628
2956 70178 73134
6263 193504 199767
2815 83223 86038
5099 138532 143631
2606 72733 75339
2430 73368 75798
2455 64655 67110
872 26364 27236
1794 55255 57049
3734 119720 123454
2949 91548 94497
3975 118883 122858
1574 46209 47783
2435 85221 87656
963 29752 30715
1271 40064 41335
1296 38251 39547
806 24873 25679
1688 50587 52275
4114 125708 129822
3090 90265 93355
1965 63167 65132
1343 32098 33441
3651 100813 104464
1124 32915 34039
1721 58437 60158
2329 73208 75537
1390 47023 48413
1298 40126 41424
1062 38912 39974
1871 37519 39390
2852 66027 68879
1398 48945 50343
3040 91258 94298
1305 36229 37534
2573 73098 75671
3027 88596 91623
3551 105913 109464
2574 68484 71058
4064 119927 123991
1354 43483 44837
6046 164570 170616
4763 133413 138176
2362 82875 85237
1658 53976 55634
3517 103011 106528
1880 59164 61044
2789 82717 85506
923 30864 31787
2385 74163 76548
2670 83120 85790
1702 55503 57205
4778 138163 142941
6628 180434 187062
1544 54823 56367
3795 117539 121334
2385 68740 71125
960 30220 31180
1854 57577 59431
4856 137146 142002
3250 105464 108714
2567 67697 70264
2353 75279 77632
5358 146019 151377
3509 134553 138062
2250 70601 72851
2475 82446 84921
4084 115426 119510
3783 108942 112725
6440 186846 193286
1629 55168 56797
1594 42002 43596
608 21626 22234
1660 47984 49644
2408 70387 72795
2455 89266 91721
4067 123001 127068
2436 79014 81450
1378 40135 41513
3848 136215 140063
2412 71349 73761
1072 22736 23808
3913 110184 114097
7560 233894 241454
3160 96444 99604
1161 40894 42055
3598 104499 108097
4555 109893 114448
1581 32868 34449
3818 109142 112960
2708 57299 60007
2636 82664 85300
7076 189789 196865
1389 44989 46378
3639 116286 119925
1332 43145 44477
1804 24362 26166
3393 92714 96107
3260 107046 110306
3596 136579 140175
4776 134272 139048
3672 109040 112712
5707 160463 166170
2439 70778 73217
4541 162712 167253
1511 47372 48883
1215 40636 41851
3115 96572 99687
7799 210950 218749
7589 205847 213436
3684 96588 100272
2352 66609 68961
2215 50209 52424
1941 56461 58402
6751 186039 192790
5745 162148 167893
3195 79239 82434
3135 108825 111960
3784 118697 122481
2464 76436 78900
3737 99827 103564
2261 77364 79625
1859 49331 51190
4951 111364 116315
3209 93969 97178
4705 137154 141859
838 32384 33222
3251 95361 98612
2088 64617 66705
2774 90562 93336
1122 36999 38121
4486 138480 142966
2690 80555 83245
780 24941 25721
8535 263614 272149
7550 208366 215916
3686 104894 108580
3072 100119 103191
1994 67153 69147
2820 76305 79125
2677 74701 77378
3953 109994 113947
5258 157961 163219
4260 123549 127809
7903 205525 213428
2522 72769 75291
7473 200606 208079
1879 50837 52716
2609 87397 90006
1100 28412 29512
2422 75702 78124
7198 181679 188877
1703 61580 63283
1399 25487 26886
