8859 69094 77953
4893 38786 43679
9724 75627 85351
11359 84841 96200
9925 72784 82709
21042 74063 95105
5204 45860 51064
4589 33535 38124
7159 56014 63173
12438 107356 119794
4237 34634 38871
11927 92599 104526
12894 107974 120868
9140 72115 81255
4480 34409 38889
6967 55424 62391
14077 111100 125177
5295 42498 47793
10162 75177 85339
15182 120778 135960
17274 161149 178423
8379 68847 77226
5863 47739 53602
4760 39144 43904
7724 58663 66387
10227 90661 100888
3313 26564 29877
3357 26476 29833
2656 21708 24364
10983 83432 94415
12227 95085 107312
10154 60709 70863
13295 97409 110704
10122 78492 88614
8857 71232 80089
7825 63143 70968
12409 93560 105969
5350 38280 43630
11456 91959 103415
10568 83600 94168
2490 19601 22091
9830 74710 84540
7224 61042 68266
10299 63948 74247
7545 4624 12169
4639 57923 62562
13774 113023 126797
3888 30755 34643
9018 71813 80831
9347 75540 84887
3818 29971 33789
16652 125063 141715
4168 31622 35790
5502 39043 44545
6902 52447 59349
3420 28682 32102
22421 225543 247964
25438 158078 183516
17092 132102 149194
12283 90716 102999
3285 27712 30997
14366 96746 111112
4038 29671 33709
7143 55336 62479
5899 49587 55486
2199 18060 20259
3307 29121 32428
28003 214061 242064
4895 39928 44823
2968 23190 26158
3414 28985 32399
2674 17782 20456
12364 94810 107174
24573 192694 217267
7881 57130 65011
7749 59871 67620
8907 71967 80874
12136 97019 109155
11827 93605 105432
11615 84965 96580
3350 26894 30244
10716 86025 96741
18876 140066 158942
13631 105576 119207
15743 126828 142571
14422 112424 126846
6471 51136 57607
4134 32827 36961
9316 73480 82796
12240 93931 106171
19726 149223 168949
9795 76235 86030
7475 55896 63371
11271 88975 100246
2493 23061 25554
5631 43193 48824
6068 48642 54710
13053 87712 100765
6043 61358 67401
26145 189288 215433
9271 74693 83964
7994 65657 73651
12286 102397 114683
14544 72279 86823
2491 19100 21591
8983 68939 77922
8463 75474 83937
4395 34795 39190
9692 82196 91888
19633 144903 164536
5615 46204 51819
6529 51106 57635
13046 110944 123990
11050 94798 105848
2209 14483 16692
16922 133564 150486
9446 78389 87835
2384 20044 22428
1534 12553 14087
6381 48537 54918
2459 16666 19125
4523 35662 40185
5997 56639 62636
5348 55025 60373
12862 91379 104241
2022 17319 19341
4684 38775 43459
5944 46570 52514
24633 186784 211417
12757 93491 106248
9052 77257 86309
11180 89174 100354
15544 121656 137200
12414 104323 116737
9745 72637 82382
5842 46332 52174
10060 76642 86702
3334 24472 27806
7798 63001 70799
5193 39654 44847
2303 20095 22398
2086 17925 20011
2954 25592 28546
9033 74148 83181
12670 89258 101928
4374 36642 41016
7167 56986 64153
10655 82291 92946
5697 48573 54270
10688 81198 91886
15531 118534 134065
2499 18203 20702
4876 37310 42186
14197 97557 111754
4529 31513 36042
16261 140329 156590
15289 120656 135945
5054 39889 44943
8249 67049 75298
32309 193677 225986
9255 72042 81297
17917 118858 136775
7313 55576 62889
7721 66082 73803
9421 59061 68482
2636 22610 25246
6544 46848 53392
12758 101115 113873
10758 77733 88491
12002 96191 108193
5251 41533 46784
8340 73430 81770
3072 23366 26438
4408 36662 41070
4303 32091 36394
2366 19013 21379
5717 42428 48145
13479 101239 114718
9743 82358 92101
6042 49899 55941
3024 26224 29248
12257 90213 102470
3656 28376 32032
5957 52277 58234
7859 61595 69454
4784 39121 43905
4798 35672 40470
3610 32803 36413
3825 31780 35605
6696 59808 66504
4487 40265 44752
10515 83615 94130
3769 29679 33448
7533 60081 67614
9788 73281 83069
12170 84485 96655
18026 54849 72875
13741 109311 123052
4627 35827 40454
21436 153550 174986
12922 103655 116577
9515 75819 85334
5352 42517 47869
11781 80538 92319
5483 46377 51860
10036 69931 79967
3015 25163 28178
6898 54979 61877
7517 63890 71407
5060 41811 46871
14055 116039 130094
20587 156926 177513
4952 46509 51461
13544 110226 123770
7579 59482 67061
2789 22422 25211
6203 53668 59871
14303 110583 124886
10280 82164 92444
7328 66937 74265
7246 65630 72876
22949 127667 150616
12789 87339 100128
5899 49490 55389
9855 60431 70286
12666 96886 109552
12466 94098 106564
21428 172572 194000
5094 41127 46221
4706 38154 42860
2092 18039 20131
5398 40359 45757
6337 53927 60264
6931 55301 62232
11199 92120 103319
7619 63653 71272
3972 31337 35309
12098 97355 109453
7616 60843 68459
2486 16261 18747
10975 89737 100712
24580 186070 210650
9911 79020 88931
3577 32990 36567
11595 88970 100565
10707 80457 91164
2910 24761 27671
12526 89384 101910
5598 43283 48881
7908 63801 71709
22689 172549 195238
4482 38125 42607
12190 106799 118989
4488 33378 37866
2494 18214 20708
11443 83120 94563
10925 86184 97109
12509 94046 106555
14428 112926 127354
12342 97292 109634
17690 135804 153494
8384 65951 74335
12803 122245 135048
4633 36734 41367
3769 30935 34704
10487 84224 94711
23757 169554 193311
22264 175917 198181
11086 67815 78901
6916 54733 61649
4959 46891 51850
6069 45678 51747
20134 155216 175350
13093 111580 124673
7210 58405 65615
10355 88817 99172
12493 94717 107210
7885 64031 71916
10374 83791 94165
7048 63631 70679
5793 38506 44299
11974 100202 112176
9010 71397 80407
16470 114742 131212
2698 21716 24414
9750 87798 97548
6169 48225 54394
8765 71774 80539
3556 29602 33158
14121 107076 121197
8869 67094 75963
2580 23967 26547
32159 207591 239750
21444 162170 183614
12147 89613 101760
9425 78251 87676
7290 61016 68306
8867 89578 98445
9297 70885 80182
16196 99378 115574
14950 118611 133561
13075 98829 111904
22736 169034 191770
7218 54788 62006
22584 168593 191177
5425 42871 48296
9104 68695 77799
2485 20334 22819
8227 64034 72261
19709 160437 180146
6054 45934 51988
2371 17616 19987
