5567 79779 85346
2653 42540 45193
6068 92334 98402
6001 88138 94139
5239 80738 85977
5765 88109 93874
3081 52378 55459
2564 37219 39783
4285 65812 70097
6942 129352 136294
2557 41934 44491
8410 114887 123297
7707 131430 139137
5451 76614 82065
2815 42974 45789
4302 65158 69460
9805 137644 147449
3257 48838 52095
6386 82344 88730
8771 148262 157033
9552 161721 171273
5124 79697 84821
3046 50047 53093
2656 44611 47267
4483 73003 77486
5948 98893 104841
1865 33967 35832
1626 25752 27378
1921 27761 29682
7060 89225 96285
8347 114826 123173
4652 71620 76272
8750 130797 139547
5861 95384 101245
7036 87379 94415
5534 86039 91573
6785 108713 115498
3110 48082 51192
6523 102728 109251
6090 93416 99506
1206 21846 23052
5451 88298 93749
4463 73548 78011
4886 73358 78244
5759 9048 14807
2585 42642 45227
7833 133966 141799
2164 35871 38035
6004 89723 95727
5754 86231 91985
2276 35652 37928
10501 157555 168056
2541 39484 42025
2689 40378 43067
4148 65086 69234
1892 32722 34614
12801 205729 218530
12658 183875 196533
9813 150043 159856
6102 100643 106745
1895 35218 37113
7760 101551 109311
1692 27522 29214
4377 63421 67798
2790 49264 52054
1194 20346 21540
2091 33364 35455
13849 209578 223427
7813 36815 44628
1383 27959 29342
1830 29701 31531
1194 19052 20246
7334 113327 120661
15922 258389 274311
4666 70127 74793
4339 66838 71177
5834 87612 93446
8003 121066 129069
6411 107441 113852
5954 99560 105514
2282 34643 36925
5762 99021 104783
12675 174495 187170
8775 134171 142946
10604 157313 167917
8957 136532 145489
4138 64505 68643
2109 37174 39283
5824 88599 94423
6912 107727 114639
12533 171970 184503
5120 93375 98495
4983 68916 73899
5503 92689 98192
1382 27408 28790
3234 51670 54904
3217 56609 59826
6186 90208 96394
3842 56478 60320
15000 233989 248989
5256 86243 91499
4994 70806 75800
6530 108402 114932
5078 85414 90492
1473 24624 26097
6291 85430 91721
4674 84344 89018
2312 38021 40333
6153 91817 97970
10437 161187 171624
3676 60950 64626
3790 58945 62735
7883 126550 134433
6940 117934 124874
1034 17991 19025
10463 150431 160894
5131 91516 96647
1346 22954 24300
807 14819 15626
3990 61362 65352
1282 19498 20780
2795 48089 50884
3721 70860 74581
3497 55232 58729
6146 91654 97800
1579 17297 18876
2389 41919 44308
3390 49713 53103
15836 232362 248198
5879 91509 97388
5109 81897 87006
5557 85375 90932
9058 143908 152966
5826 108490 114316
5720 85480 91200
3182 54233 57415
5136 88117 93253
2124 26903 29027
4243 71326 75569
2930 49898 52828
1497 24749 26246
1165 18919 20084
2164 29380 31544
5519 95930 101449
5427 96077 101504
2383 40295 42678
4327 70427 74754
5821 92663 98484
3390 59986 63376
5523 81097 86620
9369 139902 149271
1549 23191 24740
3288 45671 48959
8866 125032 133898
2547 41184 43731
10342 175203 185545
9203 139276 148479
3793 46601 50394
5358 85109 90467
13805 218637 232442
5766 90137 95903
10121 144607 154728
4572 68891 73463
4797 81777 86574
4340 72410 76750
1551 24777 26328
3322 54026 57348
7015 104927 111942
5413 81060 86473
7075 116034 123109
2885 46644 49529
4767 88085 92852
1818 31204 33022
2605 41847 44452
2590 41405 43995
1374 23937 25311
2802 49764 52566
8160 120097 128257
5540 89351 94891
3879 61975 65854
2486 29879 32365
6248 101430 107678
2304 40879 43183
3145 53516 56661
5040 76973 82013
2553 44754 47307
3561 43295 46856
2047 38214 40261
2688 40805 43493
4139 67681 71820
2754 52410 55164
5353 91428 96781
2527 37971 40498
4602 72087 76689
6362 93321 99683
7011 113246 120257
4873 76492 81365
8174 126712 134886
2590 40735 43325
12359 167369 179728
9324 129936 139260
5082 84435 89517
3166 54215 57381
6851 103806 110657
3618 58031 61649
5703 85069 90772
1833 30683 32516
4524 72856 77380
4927 90770 95697
3040 52962 56002
8390 131633 140023
11623 174522 186145
2758 47418 50176
7691 118258 125949
3746 60631 64377
1526 27198 28724
3635 61187 64822
7693 117961 125654
6163 84459 90622
4285 63691 67976
3826 63468 67294
13531 152632 166163
6024 99136 105160
3222 52611 55833
4124 68804 72928
7289 109912 117201
6536 98891 105427
11439 175089 186528
2707 51347 54054
2270 39443 41713
1242 18646 19888
2730 45800 48530
3795 63265 67060
4605 69358 73963
6407 109063 115470
4764 74842 79606
2375 36062 38437
6867 103592 110459
4094 59189 63283
1321 19869 21190
5770 98495 104265
13996 233536 247532
5543 87889 93432
2220 35712 37932
7227 93599 100826
5943 88816 94759
1749 30644 32393
7702 106433 114135
3484 54891 58375
4427 68938 73365
14099 192094 206193
2478 42761 45239
6274 109784 116058
2471 42456 44927
2106 21341 23447
6536 94776 101312
5896 93475 99371
7091 117634 124725
8277 134244 142521
6680 105571 112251
9531 144288 153819
5154 88944 94098
7696 144854 152550
2727 44288 47015
2157 36408 38565
5814 96879 102693
13219 189741 202960
12604 194978 207582
6265 78433 84698
4444 61786 66230
2826 44718 47544
3431 50699 54130
11397 177523 188920
7095 117708 124803
4315 70294 74609
5226 90055 95281
5889 102388 108277
4495 69479 73974
5794 87014 92808
4118 67669 71787
2607 46844 49451
7247 107387 114634
5383 79144 84527
8162 120372 128534
1441 25124 26565
5352 85369 90721
3450 54186 57636
4870 80698 85568
2012 33951 35963
7558 139070 146628
4658 71086 75744
1338 24173 25511
14174 241195 255369
11728 185727 197455
6634 99617 106251
5394 85047 90441
3476 65262 68738
4238 65605 69843
4331 68944 73275
6169 98141 104310
9101 140562 149663
7585 110645 118230
11799 172869 184668
3818 58236 62054
12710 182321 195031
2749 44769 47518
4945 73332 78277
1540 24876 26416
4677 71454 76131
10372 161012 171384
2844 46987 49831
1228 20924 22152
