33855 3867 37722
17989 1663 19652
38281 4425 42706
42333 5357 47690
36684 4341 41025
35918 4085 40003
24273 2815 27088
15897 1850 17747
26536 3096 29632
49543 6796 56339
14949 1802 16751
44230 4432 48662
50344 6161 56505
33229 3627 36856
16033 1374 17407
24775 2450 27225
53901 7302 61203
24666 2420 27086
37976 4908 42884
54309 7241 61550
69566 10408 79974
32414 3778 36192
21417 2667 24084
16743 2288 19031
27955 3526 31481
39418 5433 44851
12145 1333 13478
9359 1103 10462
11535 1148 12683
37579 4081 41660
48458 5611 54069
27555 2834 30389
51125 8132 59257
35489 3928 39417
34468 4754 39222
29823 3812 33635
43898 5058 48956
18401 2268 20669
40002 5859 45861
36434 4793 41227
8632 1048 9680
36233 4554 40787
27926 3243 31169
30327 3831 34158
9322 9 9331
16579 2430 19009
52562 7301 59863
14089 1715 15804
36622 5848 42470
33154 4490 37644
15436 1909 17345
64464 7352 71816
16354 1614 17968
17663 1863 19526
25535 2996 28531
12873 1442 14315
84034 11841 95875
77534 9013 86547
60983 8931 69914
43762 6663 50425
13216 1715 14931
42948 4469 47417
11679 1212 12891
26216 2817 29033
19400 3190 22590
7991 1096 9087
12471 1417 13888
99019 12382 111401
15680 1473 17153
8968 1157 10125
10695 1143 11838
6938 907 7845
51437 6041 57478
107431 13675 121106
33395 3274 36669
28028 3257 31285
35009 4448 39457
47389 6163 53552
43848 5432 49280
42177 5884 48061
13478 1539 15017
40712 5733 46445
79056 9552 88608
52331 6742 59073
60909 7962 68871
58946 6317 65263
25267 3054 28321
13846 1510 15356
38058 4667 42725
42362 5649 48011
67971 8367 76338
32280 3533 35813
24193 2761 26954
34133 4589 38722
9241 897 10138
19098 2277 21375
23628 2840 26468
38016 4402 42418
22482 2509 24991
93071 12158 105229
31298 3914 35212
30152 3192 33344
40629 5435 46064
30003 4248 34251
9898 1078 10976
33194 4304 37498
30163 3928 34091
15846 2066 17912
33028 4907 37935
60695 7660 68355
23188 3216 26404
24476 2943 27419
49305 7795 57100
42366 5422 47788
9342 691 10033
66304 7576 73880
35381 4854 40235
9053 1084 10137
4900 668 5568
25074 3536 28610
8408 888 9296
16812 2384 19196
24759 4209 28968
22233 2868 25101
43239 5984 49223
7577 832 8409
17585 2592 20177
22012 3000 25012
90913 12997 103910
42140 5151 47291
36609 4988 41597
38920 4397 43317
58120 7441 65561
47131 7056 54187
35466 4493 39959
23147 3068 26215
35197 4283 39480
10431 1500 11931
25593 3547 29140
19942 2189 22131
8629 1266 9895
6956 1005 7961
11483 1257 12740
35352 4544 39896
39191 4948 44139
15182 1753 16935
27966 3002 30968
40135 4521 44656
23525 2984 26509
36027 5359 41386
55877 5920 61797
13516 872 14388
17725 1838 19563
49636 7162 56798
16143 2061 18204
67041 10747 77788
53180 6649 59829
18092 1863 19955
28150 3719 31869
81067 10425 91492
36834 4423 41257
56126 6858 62984
26220 2940 29160
29717 4626 34343
27564 2887 30451
9908 1886 11794
22095 2980 25075
50303 5832 56135
34012 3388 37400
45668 4670 50338
18920 2161 21081
35728 5754 41482
11996 1130 13126
15452 1566 17018
16696 1644 18340
8610 847 9457
18690 2522 21212
51766 5667 57433
35214 5063 40277
23871 2599 26470
11040 1085 12125
42132 5486 47618
12336 1036 13372
23428 3380 26808
29229 3071 32300
20310 2189 22499
16197 1729 17926
12526 1917 14443
15664 1850 17514
27787 3486 31273
18624 2615 21239
38361 4774 43135
15268 1486 16754
28890 3368 32258
37148 5092 42240
43726 4766 48492
29558 3292 32850
49491 6435 55926
18010 1763 19773
72067 10740 82807
50145 5252 55397
32794 4664 37458
19431 2242 21673
41326 5041 46367
21544 2999 24543
34446 4188 38634
10890 1190 12080
26681 3423 30104
32185 4116 36301
19894 2352 22246
50255 6533 56788
77815 10016 87831
19280 2750 22030
46309 8116 54425
25044 3393 28437
10197 1310 11507
21341 2915 24256
54296 5888 60184
36131 4698 40829
25101 2745 27846
25833 2812 28645
65395 6856 72251
40910 4920 45830
22458 2536 24994
28012 3831 31843
43977 6106 50083
44776 5792 50568
77995 11730 89725
19749 2516 22265
16896 1835 18731
7272 587 7859
17862 1760 19622
24248 2931 27179
25702 3556 29258
47093 6350 53443
29628 3837 33465
14554 1673 16227
43427 5596 49023
25601 3163 28764
7245 682 7927
37102 4660 41762
88848 13381 102229
33836 3410 37246
12961 2055 15016
37829 4933 42762
37422 5237 42659
11291 917 12208
44825 5895 50720
22366 2708 25074
28423 3451 31874
86544 12968 99512
17372 2130 19502
44834 6296 51130
15718 1919 17637
8765 828 9593
41988 4221 46209
39308 5124 44432
49163 6731 55894
55236 6404 61640
42702 4913 47615
63119 7701 70820
32328 3914 36242
50904 7050 57954
17368 1608 18976
14655 2296 16951
36374 4782 41156
93638 15252 108890
82037 10782 92819
32539 3500 36039
25662 4460 30122
19337 2525 21862
21950 2901 24851
74119 9388 83507
47360 6503 53863
27353 3477 30830
36594 4536 41130
39093 4992 44085
26758 3483 30241
38458 5132 43590
25714 3847 29561
18487 1826 20313
45943 4974 50917
35215 4730 39945
53660 8114 61774
9307 869 10176
36157 4708 40865
22371 2341 24712
31635 4611 36246
12848 1174 14022
59308 6969 66277
31641 3784 35425
8639 902 9541
94866 11407 106273
84552 10528 95080
40247 5248 45495
36548 4286 40834
23028 2473 25501
28902 3971 32873
29175 3050 32225
41708 5776 47484
57524 7421 64945
47143 4900 52043
80422 10318 90740
24997 2947 27944
78871 10500 89371
17689 2241 19930
29055 4286 33341
9214 928 10142
29476 3791 33267
95999 10293 106292
20358 2314 22672
8066 979 9045
