7212 67918 75130
4459 46320 50779
8648 79799 88447
10009 89633 99642
9528 76881 86409
8426 76449 84875
4922 48263 53185
3957 42207 46164
6123 59217 65340
11774 117540 129314
3521 34872 38393
10158 90469 100627
11991 114649 126640
7904 76045 83949
3727 36227 39954
5978 56960 62938
12521 125530 138051
4204 43981 48185
9317 79672 88989
12131 120189 132320
14857 160164 175021
6579 67790 74369
5265 46725 51990
4067 38414 42481
6149 62572 68721
8926 90037 98963
2684 26526 29210
2437 21323 23760
2329 23526 25855
9040 82578 91618
12674 106840 119514
7026 58166 65192
11734 104265 115999
8230 76398 84628
8127 82055 90182
6724 67451 74175
10241 89648 99889
4709 39692 44401
9373 87451 96824
8439 82805 91244
1988 18896 20884
7752 77443 85195
6582 66707 73289
10454 60973 71427
16799 7671 24470
4040 39833 43873
11856 113222 125078
3101 29907 33008
8774 76223 84997
7327 75308 82635
3527 38133 41660
14420 140640 155060
3587 35339 38926
4584 41774 46358
5566 53971 59537
2545 26723 29268
20555 173687 194242
17988 167036 185024
14007 137790 151797
10357 99394 109751
2878 31573 34451
10575 93471 104046
3095 29917 33012
6098 57107 63205
4990 57196 62186
2163 17556 19719
3003 36877 39880
22791 243163 265954
3980 40473 44453
2284 23205 25489
2414 27773 30187
1733 17544 19277
11586 95624 107210
24850 212198 237048
6665 65442 72107
7475 66915 74390
9479 89233 98712
11379 101040 112419
9670 97948 107618
10219 99412 109631
3334 31852 35186
10438 113683 124121
20016 189376 209392
15916 135804 151720
14599 154972 169571
15796 129947 145743
6045 59696 65741
3212 32142 35354
8916 84588 93504
9784 94322 104106
15425 156882 172307
7397 73160 80557
5834 54275 60109
8269 88883 97152
2441 22470 24911
4814 45960 50774
6381 54956 61337
9274 84904 94178
6177 47101 53278
22858 196209 219067
7703 76744 84447
6624 64190 70814
10010 93597 103607
7182 76056 83238
2906 23714 26620
7747 72370 80117
6901 75574 82475
3968 38630 42598
8535 80698 89233
15142 143452 158594
5563 54458 60021
6193 60565 66758
12763 115518 128281
10463 104401 114864
1476 15290 16766
15104 143288 158392
9490 89507 98997
2353 19112 21465
1230 14279 15509
5854 56055 61909
2537 18751 21288
4170 40936 45106
5650 64492 70142
5002 49379 54381
9925 85642 95567
1580 17437 19017
3742 39063 42805
5765 50538 56303
59240 200840 260080
9410 84584 93994
8302 83130 91432
9327 80756 90083
12044 117457 129501
10052 111775 121827
7538 82139 89677
6940 50713 57653
10076 80488 90564
2599 25347 27946
6339 66083 72422
4684 45130 49814
2052 20414 22466
2118 17129 19247
2764 28713 31477
8067 90100 98167
9553 97821 107374
3924 37083 41007
8509 69263 77772
9121 89641 98762
7872 49873 57745
9449 86657 96106
13168 122475 135643
2339 21397 23736
4356 47606 51962
12412 116855 129267
4256 38081 42337
14531 154551 169082
13736 160869 174605
4409 44351 48760
7865 68880 76745
18872 194602 213474
9507 83114 92621
13090 120479 133569
6405 60476 66881
6034 66654 72688
7182 64377 71559
2290 22945 25235
5353 52453 57806
11309 98404 109713
7870 73023 80893
10132 92002 102134
4077 37073 41150
6854 75785 82639
2427 24686 27113
3251 34874 38125
3577 33195 36772
1937 19103 21040
4001 38528 42529
10789 105537 116326
8904 87489 96393
5633 57632 63265
2407 25274 27681
10454 94358 104812
3093 27895 30988
4894 51881 56775
6487 64102 70589
3958 39870 43828
4101 38613 42714
2748 31419 34167
3093 33524 36617
5383 59705 65088
3798 42368 46166
8988 88521 97509
3299 32384 35683
6468 64355 70823
8470 79792 88262
9791 88747 98538
6917 66329 73246
10682 105777 116459
3926 40118 44044
17206 145301 162507
12041 118449 130490
7446 80787 88233
4432 42444 46876
10049 89088 99137
5751 50881 56632
8222 82346 90568
2691 27178 29869
5773 63588 69361
6979 74574 81553
4744 43461 48205
11888 120403 132291
18942 178983 197925
4656 48030 52686
11860 108939 120799
6020 61701 67721
2393 25166 27559
5705 55272 60977
11793 117429 129222
8906 86292 95198
6095 58542 64637
5962 61714 67676
14773 141602 156375
9682 95610 105292
5459 51686 57145
6550 68985 75535
11046 98410 109456
10382 98107 108489
18504 176030 194534
4668 48031 52699
4040 39338 43378
1775 18606 20381
4328 40992 45320
5908 57774 63682
6067 58610 64677
10506 106726 117232
6812 67587 74399
3628 35266 38894
10723 100540 111263
6180 57487 63667
2109 18586 20695
9702 85043 94745
20909 208499 229408
7747 77714 85461
3190 34911 38101
9558 84165 93723
9760 87131 96891
2674 26537 29211
11176 100816 111992
4829 53696 58525
6721 68275 74996
18362 165631 183993
4005 41684 45689
9968 106339 116307
3928 37128 41056
2204 19186 21390
9142 78878 88020
9477 91885 101362
10613 106623 117236
12227 121351 133578
10210 88927 99137
14748 139081 153829
7260 66312 73572
11262 130679 141941
3900 38301 42201
3130 33470 36600
8601 79444 88045
18685 168181 186866
17526 170208 187734
8116 76367 84483
6048 62300 68348
4026 41876 45902
5048 43917 48965
16612 149830 166442
10818 105903 116721
6561 63657 70218
8621 86392 95013
9478 94056 103534
6000 60005 66005
8707 86919 95626
6067 64465 70532
4039 38253 42292
10113 91267 101380
7545 73215 80760
11810 117180 128990
2233 21069 23302
8209 86453 94662
5835 49751 55586
7288 74744 82032
3083 30473 33556
11604 118681 130285
7762 65656 73418
2046 21365 23411
24201 197784 221985
19085 181414 200499
9424 86672 96096
8070 85329 93399
5812 52508 58320
7153 64686 71839
6805 66283 73088
9929 89633 99562
13137 135747 148884
10579 93983 104562
18336 163680 182016
5759 53574 59333
18550 162037 180587
4134 38665 42799
6802 66112 72914
2243 22594 24837
6331 61047 67378
15629 160093 175722
4653 43868 48521
1996 19124 21120
