5848 72412 78260
3353 42070 45423
6908 81027 87935
8014 92204 100218
6569 79158 85727
6280 78851 85131
4028 50777 54805
3266 39143 42409
5264 60883 66147
9160 117231 126391
2975 36499 39474
9407 102268 111675
9529 120182 129711
6469 80179 86648
3022 38936 41958
4948 57872 62820
10234 121255 131489
3584 46373 49957
7282 81969 89251
11349 125558 136907
11524 167762 179286
5604 70004 75608
4066 48699 52765
3408 42683 46091
5882 70739 76621
7258 95543 102801
2479 30059 32538
2474 23619 26093
2026 24946 26972
7625 92502 100127
9761 114749 124510
6228 60837 67065
9339 108766 118105
6769 85105 91874
6264 77815 84079
5850 75854 81704
7928 97728 105656
3899 44312 48211
8044 98721 106765
6999 85794 92793
2282 19569 21851
6759 88909 95668
5304 69900 75204
5650 70528 76178
7031 7658 14689
2966 39086 42052
9032 121622 130654
2661 34168 36829
6766 85462 92228
6419 81659 88078
2746 36274 39020
12265 149935 162200
3215 35324 38539
3625 42319 45944
4846 58342 63188
2353 30896 33249
15938 194046 209984
15327 164622 179949
12323 145485 157808
8202 98913 107115
2413 32732 35145
9160 91159 100319
2255 28832 31087
5329 56130 61459
3773 48688 52461
1386 18588 19974
2819 29662 32481
18975 216322 235297
2955 38078 41033
1872 23377 25249
2235 28710 30945
1330 16917 18247
9350 108402 117752
19738 230459 250197
5791 66992 72783
5859 65218 71077
7046 85454 92500
9361 107982 117343
7607 96950 104557
8265 97270 105535
2424 32962 35386
7830 98874 106704
13635 166082 179717
10673 126029 136702
12297 150307 162604
10706 124705 135411
5187 61286 66473
2449 33348 35797
7108 85100 92208
7729 99470 107199
12808 158421 171229
5898 72286 78184
4798 57754 62552
6408 86196 92604
1951 25115 27066
4156 47435 51591
4421 55834 60255
7438 84623 92061
4349 50572 54921
17984 207014 224998
5709 74676 80385
5757 73756 79513
7643 94139 101782
5825 78681 84506
1898 22246 24144
8286 72247 80533
5513 77429 82942
3044 37981 41025
6593 81299 87892
11729 151431 163160
4978 51376 56354
5217 60642 65859
9158 110078 119236
8335 105543 113878
1714 20058 21772
13184 157831 171015
7211 90210 97421
1724 20437 22161
1054 17483 18537
4774 58189 62963
1758 20208 21966
3225 39073 42298
5608 71276 76884
4213 55718 59931
7986 92484 100470
2139 17459 19598
3387 41324 44711
4832 51658 56490
17141 207156 224297
7884 96573 104457
6400 84409 90809
7473 88213 95686
10906 131664 142570
8106 106420 114526
6456 78591 85047
4381 55405 59786
6851 85298 92149
2342 27030 29372
5595 67642 73237
3528 46353 49881
1746 21811 23557
1474 18317 19791
2299 29687 31986
6879 90300 97179
7569 94016 101585
2787 36300 39087
5297 64961 70258
7338 94045 101383
4519 55845 60364
6953 81016 87969
11355 123556 134911
2016 21568 23584
3380 40662 44042
9676 106606 116282
3002 35501 38503
11796 164607 176403
11085 129212 140297
3721 44683 48404
5487 66798 72285
32106 197249 229355
6750 84667 91417
12151 130374 142525
5668 65443 71111
5434 75287 80721
5081 63337 68418
1970 25088 27058
4321 52261 56582
9245 107568 116813
6989 83233 90222
8612 103617 112229
3587 43429 47016
5694 84587 90281
2335 27613 29948
2708 37595 40303
3168 37682 40850
1591 20735 22326
3653 44403 48056
9742 116903 126645
6693 81870 88563
4734 58230 62964
3035 28130 31165
8077 92665 100742
2626 31149 33775
4390 55986 60376
5530 71692 77222
3341 43301 46642
3849 37139 40988
2449 33509 35958
2806 37752 40558
5246 66269 71515
3427 47991 51418
7391 88081 95472
2834 35597 38431
5722 65500 71222
7424 86436 93860
8154 96881 105035
5524 67627 73151
10318 118290 128608
3512 42439 45951
14567 165635 180202
10206 120700 130906
5950 82943 88893
3514 46117 49631
8034 91549 99583
4311 58586 62897
6395 82191 88586
2170 26833 29003
5623 67206 72829
5694 75682 81376
4031 47474 51505
10277 123119 133396
15007 179533 194540
3562 47762 51324
9575 111417 120992
4967 59883 64850
1980 25304 27284
4014 53610 57624
10061 114535 124596
7190 86767 93957
5354 62655 68009
5072 60326 65398
12168 145466 157634
7923 102647 110570
4129 50436 54565
5317 67082 72399
8712 97497 106209
7980 97249 105229
14785 179747 194532
3825 48813 52638
3136 41225 44361
1343 18962 20305
3417 39060 42477
4976 60167 65143
5478 62524 68002
8511 106215 114726
5269 66035 71304
2722 35725 38447
8656 105042 113698
5445 56306 61751
1557 19042 20599
7126 93087 100213
17833 221174 239007
6820 85780 92600
2504 36270 38774
8036 95086 103122
7999 91207 99206
2057 26587 28644
9039 105739 114778
4455 51902 56357
5135 70682 75817
15762 172940 188702
3120 42243 45363
8467 106088 114555
3149 38355 41504
2428 19958 22386
8226 88626 96852
7800 96921 104721
8643 105548 114191
10662 130062 140724
7788 97551 105339
12177 137326 149503
6016 73839 79855
9599 135432 145031
3585 41919 45504
2670 35525 38195
6750 81908 88658
16848 190283 207131
14537 174273 188810
6147 76250 82397
5024 59798 64822
3323 43103 46426
4577 46999 51576
13363 160344 173707
9024 112535 121559
5366 66678 72044
6988 86988 93976
9266 90423 99689
5721 92724 98445
6988 82915 89903
4924 62853 67777
3546 42053 45599
8703 104765 113468
6752 83507 90259
10486 125244 135730
1829 22488 24317
6979 88058 95037
4753 55704 60457
6398 83296 89694
2607 32568 35175
9583 124412 133995
5585 69303 74888
1754 22485 24239
18109 219868 237977
15197 176088 191285
8163 95889 104052
6749 86920 93669
4734 58535 63269
5776 66399 72175
5764 70072 75836
8425 95142 103567
11406 134996 146402
9389 108314 117703
15422 168401 183823
5115 60065 65180
15377 169094 184471
3525 39681 43206
6099 73949 80048
1803 22501 24304
5633 68681 74314
12888 168824 181712
3528 47093 50621
1620 20976 22596
