31149 14244 45393
19690 8341 28031
35140 18856 53996
35964 19392 55356
34352 18711 53063
32029 16376 48405
20122 11872 31994
14917 7472 22389
24836 11160 35996
50005 27362 77367
13225 6900 20125
41860 21195 63055
44623 25324 69947
31449 16387 47836
14411 6142 20553
23654 11401 35055
47084 26790 73874
15589 9185 24774
34430 18760 53190
47691 27072 74763
58612 37784 96396
30542 15255 45797
17841 9648 27489
16206 9557 25763
24472 15057 39529
35553 22213 57766
10542 5121 15663
9447 4669 14116
9051 4501 13552
34389 17816 52205
48182 26881 75063
25606 13545 39151
47902 29481 77383
32627 17169 49796
32277 20838 53115
29582 16862 46444
41574 22143 63717
16081 8802 24883
36800 31999 68799
47606 23820 71426
8542 4825 13367
36372 24315 60687
30315 13305 43620
26043 18578 44621
9402 141 9543
18675 11407 30082
56962 34437 91399
14331 7324 21655
45010 21244 66254
31256 18896 50152
13857 7041 20898
56856 29813 86669
14399 6569 20968
16378 7949 24327
23262 12828 36090
12443 4922 17365
73155 45195 118350
69087 36672 105759
54933 32083 87016
38622 24215 62837
10252 6147 16399
39405 20120 59525
10028 4031 14059
22396 11389 33785
16817 9532 26349
7047 3667 10714
10764 5822 16586
82993 46418 129411
15022 6747 21769
7959 3779 11738
10113 5331 15444
6582 3641 10223
42221 22934 65155
89159 53370 142529
24394 14264 38658
24361 13065 37426
32946 19619 52565
51367 26595 77962
47792 23024 70816
44645 27836 72481
11545 7481 19026
39297 23959 63256
71983 38733 110716
50151 28135 78286
52973 33230 86203
51575 26323 77898
24484 12588 37072
17468 6822 24290
35865 18465 54330
35822 21723 57545
77863 34206 112069
28317 14924 43241
20637 9777 30414
31251 17903 49154
11066 4228 15294
18014 9804 27818
21325 12757 34082
32186 17444 49630
19851 9304 29155
85700 43747 129447
29525 18464 47989
27371 15626 42997
43837 22885 66722
26555 18109 44664
9335 4076 13411
30931 18774 49705
26060 16969 43029
14775 7593 22368
32505 18622 51127
53476 32350 85826
20120 11508 31628
23971 13976 37947
43861 31302 75163
43175 22909 66084
6510 2894 9404
60614 35834 96448
34249 18167 52416
7857 3622 11479
4551 2492 7043
23143 12608 35751
7922 3350 11272
19294 8855 28149
22355 14763 37118
21037 12069 33106
38939 25597 64536
6407 3098 9505
16305 10360 26665
19544 11621 31165
88909 51908 140817
37959 22107 60066
31303 20312 51615
36023 19419 55442
52317 33180 85497
39439 27699 67138
34088 19886 53974
21088 11929 33017
31008 17597 48605
9726 6962 16688
22099 14077 36176
18253 9590 27843
10610 5209 15819
6959 3937 10896
11400 6137 17537
34011 19554 53565
36703 19566 56269
15567 8075 23642
24058 12627 36685
34971 20483 55454
20650 11057 31707
35821 21826 57647
52676 37486 90162
8410 3659 12069
19156 8942 28098
48100 27044 75144
14430 9307 23737
55318 39175 94493
53242 29145 82387
16632 9976 26608
23903 14666 38569
88907 51012 139919
58836 18966 77802
61015 30798 91813
24059 13703 37762
24203 25909 50112
28287 14711 42998
10028 8068 18096
19452 12394 31846
43342 27982 71324
34379 15904 50283
37130 18715 55845
16005 8080 24085
30268 20641 50909
9790 5836 15626
13583 6684 20267
15482 6865 22347
8058 3815 11873
18875 9594 28469
45082 24866 69948
30010 19029 49039
20176 10849 31025
9870 4838 14708
37494 20536 58030
11606 5188 16794
26763 10978 37741
28730 14435 43165
18071 8419 26490
15214 7653 22867
10590 7262 17852
13210 7590 20800
24254 13993 38247
21626 11439 33065
37895 19175 57070
13109 6425 19534
26424 14542 40966
43090 20233 63323
45637 25075 70712
26616 14004 40620
51064 24976 76040
16458 7636 24094
64465 38580 103045
49734 21948 71682
29243 17716 46959
17405 10093 27498
37870 32009 69879
20219 12512 32731
34938 19302 54240
10630 5380 16010
22261 13454 35715
25401 15574 40975
19137 10101 29238
47717 28683 76400
81658 42649 124307
23451 12253 35704
43791 25914 69705
24272 16188 40460
9480 4702 14182
22109 13852 35961
48437 25935 74372
33619 19459 53078
24935 11452 36387
26318 14017 40335
53070 27843 80913
38936 22353 61289
19734 10851 30585
30600 18222 48822
42156 25294 67450
38790 21964 60754
87459 43722 131181
18546 10209 28755
15765 7636 23401
6820 2973 9793
16202 7637 23839
22974 12977 35951
21860 13088 34948
40596 25265 65861
23855 13741 37596
14293 7593 21886
37830 21350 59180
23775 11763 35538
6585 2795 9380
34845 18207 53052
110915 52833 163748
33277 17518 50795
13248 8293 21541
36798 19832 56630
37739 20771 58510
10034 4656 14690
42177 22166 64343
19117 9978 29095
25373 14814 40187
78496 46281 124777
16743 9977 26720
42439 25373 67812
14782 7402 22184
10046 3216 13262
37852 19020 56872
36356 22723 59079
47315 29403 76718
51343 28143 79486
45549 22479 68028
50947 29657 80604
30284 15860 46144
48052 31359 79411
15563 7968 23531
12905 9889 22794
34787 19765 54552
77676 48015 125691
69932 41071 111003
30929 15735 46664
22017 15413 37430
16933 10956 27889
17960 10217 28177
64872 34066 98938
42228 26168 68396
28555 14834 43389
39436 18304 57740
35400 21294 56694
30366 15587 45953
35460 20876 56336
22596 14920 37516
17907 8471 26378
41217 19939 61156
31058 17346 48404
42362 27801 70163
9135 5530 14665
34623 21334 55957
21425 10637 32062
28344 21434 49778
11310 5715 17025
44357 25799 70156
27787 18122 45909
8084 3673 11757
105183 47280 152463
76184 45287 121471
34795 23230 58025
32425 18900 51325
22429 11939 34368
22687 14648 37335
25604 18155 43759
38347 20634 58981
48580 29599 78179
44011 23534 67545
72828 38691 111519
22236 12219 34455
75392 43800 119192
17293 8799 26092
26195 16382 42577
9598 4842 14440
25844 15082 40926
62910 43225 106135
18735 10693 29428
8377 4016 12393
