17924 56790 74714
10420 31526 41946
20692 63440 84132
21209 65454 86663
20786 69923 90709
18964 59080 78044
11001 35405 46406
8928 24949 33877
14229 41053 55282
27885 89409 117294
7809 22330 30139
27102 69501 96603
26798 86807 113605
18068 56552 74620
8989 29405 38394
16355 42823 59178
30428 89094 119522
9844 30134 39978
20645 58591 79236
32802 91242 124044
35942 123974 159916
16567 49165 65732
11986 43765 55751
9458 31096 40554
13356 46847 60203
21706 66760 88466
6843 18675 25518
5582 15786 21368
5919 17253 23172
20391 63063 83454
28361 74035 102396
14381 45076 59457
26378 79480 105858
18239 55069 73308
17679 61624 79303
17977 54206 72183
25128 69734 94862
10610 30136 40746
19584 66123 85707
19498 56852 76350
4617 12822 17439
17159 57052 74211
13325 42340 55665
14922 43419 58341
9088 1606 10694
8608 27446 36054
26313 81750 108063
7233 22136 29369
16848 54706 71554
16697 55838 72535
8176 22779 30955
33436 95694 129130
9380 22924 32304
9923 28232 38155
13692 39446 53138
6797 18861 25658
42691 138591 181282
38452 118465 156917
33804 107014 140818
27050 81062 108112
7765 24875 32640
23702 70664 94366
6753 20399 27152
14765 41019 55784
10831 38617 49448
4736 13141 17877
6909 23277 30186
53186 163052 216238
9774 28016 37790
5246 15393 20639
6518 19799 26317
3362 10835 14197
26010 71481 97491
49222 151300 200522
14530 49747 64277
15033 47923 62956
18404 62599 81003
30770 86835 117605
25129 73734 98863
23492 86229 109721
7153 23798 30951
25008 72624 97632
39824 122207 162031
29944 87817 117761
32183 104401 136584
33830 97463 131293
15676 42666 58342
7519 31283 38802
19315 80763 100078
21368 68464 89832
37196 130080 167276
18209 56008 74217
16456 40134 56590
18485 67458 85943
4960 16389 21349
10590 37283 47873
12412 47435 59847
26268 57456 83724
12511 34870 47381
54142 144743 198885
16545 51877 68422
16070 50790 66860
21161 66179 87340
16368 55561 71929
5758 15822 21580
16486 54700 71186
16608 57374 73982
8960 25214 34174
19230 61680 80910
35535 107309 142844
12830 39743 52573
17286 40396 57682
27136 91548 118684
25272 81319 106591
3709 12278 15987
32581 101251 133832
19634 57840 77474
4636 13309 17945
2810 9633 12443
13358 37811 51169
4288 11928 16216
9234 31615 40849
14660 47675 62335
13448 40075 53523
25325 76567 101892
4331 12500 16831
9012 32504 41516
12652 37500 50152
50644 162898 213542
21795 74934 96729
18384 61826 80210
21383 61867 83250
31536 95930 127466
24763 78404 103167
20824 80383 101207
10660 33630 44290
19006 54825 73831
5342 16306 21648
13718 46117 59835
9012 33507 42519
4179 13521 17700
4440 10805 15245
6226 17440 23666
17479 58001 75480
20254 61873 82127
7197 23241 30438
14660 43993 58653
20660 58078 78738
12334 36353 48687
17117 52359 69476
30562 83683 114245
5248 12973 18221
9282 29398 38680
24977 78582 103559
8776 23755 32531
30837 114190 145027
30097 88968 119065
9400 29519 38919
14600 47400 62000
38000 127138 165138
17673 55450 73123
29109 89016 118125
14354 46267 60621
13173 60583 73756
15267 61483 76750
4816 15517 20333
10557 34079 44636
24986 77092 102078
18483 55276 73759
21193 65179 86372
8288 26403 34691
18604 59846 78450
6248 15689 21937
8611 25925 34536
8771 24021 32792
4310 12143 16453
9775 30199 39974
25376 71157 96533
20251 59830 80081
11576 36919 48495
5890 17309 23199
22051 64614 86665
6878 21112 27990
10072 33453 43525
14826 43789 58615
8703 27844 36547
7908 21928 29836
6441 24136 30577
7240 23021 30261
14879 41614 56493
7979 30605 38584
19929 62025 81954
7068 20701 27769
14433 44720 59153
18891 60754 79645
22290 72864 95154
14827 45032 59859
27398 85533 112931
9761 27176 36937
35534 113797 149331
27452 72694 100146
15919 55411 71330
10137 27584 37721
19908 57608 77516
15613 39367 54980
17857 54497 72354
6624 18033 24657
13523 49234 62757
16384 51444 67828
12478 32444 44922
30785 84320 115105
40488 122896 163384
9148 31137 40285
26494 69469 95963
15061 42868 57929
5543 15856 21399
10583 38971 49554
26483 74689 101172
17350 54327 71677
14035 38487 52522
13345 40707 54052
32061 96928 128989
19310 61925 81235
11489 35970 47459
12997 42530 55527
22632 71161 93793
21228 67618 88846
34687 113560 148247
10045 32135 42180
7832 23155 30987
3539 11418 14957
9563 31162 40725
12769 46962 59731
12462 41277 53739
20859 69432 90291
12979 41194 54173
6875 21505 28380
22165 94826 116991
14513 38721 53234
4073 11542 15615
18566 63006 81572
44984 158273 203257
17478 49986 67464
7033 23776 30809
22937 68343 91280
22428 62234 84662
6147 16987 23134
23516 75230 98746
10816 35313 46129
15139 48720 63859
38753 122406 161159
7446 26915 34361
22039 75396 97435
8202 22123 30325
4622 11496 16118
19486 53659 73145
20408 64470 84878
21247 70613 91860
28593 79741 108334
19364 77500 96864
30850 97143 127993
15114 43678 58792
25160 91275 116435
8167 25023 33190
6474 21406 27880
19315 59803 79118
39698 126083 165781
39966 127911 167877
17806 53149 70955
14443 46324 60767
8374 28112 36486
10811 30556 41367
38793 102314 141107
23058 78640 101698
14083 47975 62058
26196 58493 84689
20915 66789 87704
13059 40965 54024
17003 64555 81558
14903 46442 61345
9723 33025 42748
23584 64730 88314
17867 53757 71624
25127 79466 104593
5145 15430 20575
18981 63768 82749
11401 33307 44708
15629 49291 64920
6052 18407 24459
27228 85382 112610
15121 47483 62604
4568 12537 17105
43317 139409 182726
44107 134460 178567
20684 66830 87514
20108 54997 75105
11617 35958 47575
12494 42859 55353
13320 41148 54468
20404 60895 81299
26438 86591 113029
21484 63151 84635
42567 109759 152326
14032 39551 53583
38807 112167 150974
8837 25459 34296
16954 47658 64612
4940 15822 20762
18645 41211 59856
32297 110789 143086
9225 29409 38634
3967 11779 15746
