18116 44019 62135
10001 22545 32546
22836 54334 77170
23992 75999 99991
22867 46193 69060
20837 48774 69611
15871 35667 51538
9893 23108 33001
16910 35542 52452
33118 70842 103960
9020 21019 30039
27168 64361 91529
31503 76905 108408
21522 52044 73566
10302 25539 35841
19055 36393 55448
30768 75840 106608
11749 30797 42546
19636 46502 66138
32651 76106 108757
44931 124000 168931
18888 45728 64616
15581 32247 47828
8884 22522 31406
16463 39317 55780
23136 56704 79840
7700 16103 23803
5935 11885 17820
7709 14701 22410
23253 54668 77921
29714 71486 101200
15222 36630 51852
31520 74859 106379
18279 45045 63324
17440 47975 65415
16527 40459 56986
25403 53799 79202
11074 23195 34269
21541 57085 78626
21902 53663 75565
4684 9904 14588
18476 46102 64578
17488 37129 54617
17451 38073 55524
9153 1084 10237
11321 26075 37396
29252 74039 103291
9819 21113 30932
20304 52582 72886
17185 46189 63374
8716 18707 27423
35417 82221 117638
8298 19003 27301
9733 21383 31116
16266 37432 53698
7154 15043 22197
47284 118960 166244
44352 93856 138208
34098 83628 117726
23688 61789 85477
7175 18525 25700
23183 55530 78713
7717 15618 23335
16313 34404 50717
12081 27419 39500
4580 11040 15620
6746 16879 23625
52632 136004 188636
9707 22414 32121
5923 13207 19130
7107 16737 23844
4208 10440 14648
25428 66646 92074
54356 131714 186070
16596 40559 57155
15831 39145 54976
20167 50758 70925
30858 74826 105684
27580 58888 86468
25941 62515 88456
7938 20283 28221
25239 62572 87811
45304 99652 144956
34815 82803 117618
34627 98100 132727
35513 89860 125373
21356 35001 56357
7438 18091 25529
18672 49093 67765
21765 53669 75434
37098 86131 123229
16019 41272 57291
15182 30270 45452
17870 46953 64823
6205 13363 19568
10433 24305 34738
12712 31477 44189
22044 51107 73151
16711 30353 47064
51601 130740 182341
16590 42102 58692
17246 46201 63447
21955 53935 75890
15762 44231 59993
5811 11153 16964
17629 43269 60898
14871 42296 57167
8688 19842 28530
19380 51832 71212
31720 82622 114342
12331 32207 44538
15214 33134 48348
29211 70944 100155
26545 65172 91717
3853 8763 12616
36825 93540 130365
21888 54086 75974
5005 10168 15173
3252 8442 11694
15487 36542 52029
4989 9632 14621
10050 24778 34828
13932 38447 52379
15336 32109 47445
22109 54203 76312
4285 10462 14747
9018 24303 33321
14102 31507 45609
47059 138107 185166
20945 53309 74254
19554 52425 71979
22660 55744 78404
33003 87797 120800
24776 73045 97821
18190 45865 64055
14003 32597 46600
19451 43836 63287
6488 18196 24684
15678 39917 55595
11487 26954 38441
4978 12785 17763
3886 10121 14007
7030 17924 24954
18966 50764 69730
22593 54296 76889
9323 21380 30703
15802 38520 54322
22774 56640 79414
13791 29206 42997
20714 50419 71133
32559 71777 104336
6061 11347 17408
10687 24477 35164
28909 65224 94133
9533 20940 30473
34756 102888 137644
33646 78077 111723
10948 26712 37660
17227 43391 60618
44213 126278 170491
20182 48520 68702
41442 73427 114869
17085 36960 54045
15080 47150 62230
22214 34601 56815
7038 15789 22827
16926 38282 55208
27392 67211 94603
20609 49887 70496
26211 60300 86511
10047 26665 36712
18974 52887 71861
7327 15318 22645
10495 22500 32995
9094 20082 29176
5463 11450 16913
10093 26263 36356
31384 70095 101479
19127 49172 68299
14948 34729 49677
7115 15271 22386
23598 52363 75961
7782 19606 27388
12906 33497 46403
19742 45868 65610
10604 25444 36048
10275 21702 31977
6703 22108 28811
8226 22340 30566
16641 39876 56517
9880 30473 40353
19940 50717 70657
8658 20115 28773
15272 38379 53651
21003 47443 68446
28130 61274 89404
15547 37532 53079
28941 65884 94825
9945 21097 31042
38507 96854 135361
30442 65186 95628
17840 49762 67602
11577 26603 38180
25341 56472 81813
12745 33173 45918
19122 49232 68354
6944 15330 22274
15041 38590 53631
16925 45547 62472
11472 27997 39469
29365 76818 106183
44844 107824 152668
11072 30119 41191
27951 63206 91157
16001 39321 55322
6078 16605 22683
13617 36268 49885
32430 71488 103918
21216 52586 73802
16230 34588 50818
16291 37830 54121
43613 85283 128896
22771 61020 83791
12803 31375 44178
14677 40384 55061
28252 60562 88814
24672 61048 85720
42415 109358 151773
12118 30021 42139
9848 22977 32825
4506 10404 14910
10450 22859 33309
18235 36813 55048
17642 42083 59725
25878 73914 99792
16049 38149 54198
8123 19932 28055
29333 63555 92888
15641 34384 50025
5252 10446 15698
21794 87158 108952
65428 140943 206371
20553 49194 69747
7930 21994 29924
26185 72156 98341
24780 50700 75480
6928 13971 20899
30110 67599 97709
13581 32133 45714
18158 51590 69748
49148 116067 165215
9603 26424 36027
26756 69930 96686
10260 21969 32229
7338 14435 21773
23430 58233 81663
24154 62779 86933
29396 69013 98409
33801 82143 115944
26098 56729 82827
34747 85941 120688
17769 42366 60135
34162 91453 125615
12110 26375 38485
8617 22807 31424
22116 54327 76443
45868 134316 180184
57594 110523 168117
19107 48639 67746
14686 40708 55394
10508 29398 39906
13151 30654 43805
43118 104784 147902
29728 75428 105156
16082 41376 57458
20214 58116 78330
24796 56973 81769
16082 41107 57189
23358 53465 76823
15383 40749 56132
11037 22988 34025
28566 58546 87112
18858 48615 67473
30455 77394 107849
6782 15332 22114
20131 56686 76817
14492 32850 47342
19357 52112 71469
7350 20124 27474
29758 81221 110979
18496 43142 61638
6342 12942 19284
59598 134712 194310
45513 116206 161719
25101 62515 87616
20100 55643 75743
14901 35540 50441
16742 42100 58842
17161 42011 59172
23770 62161 85931
34990 94447 129437
29922 65419 95341
60878 115122 176000
15216 34343 49559
47739 117298 165037
10616 26894 37510
18988 48082 67070
9777 16140 25917
16979 41470 58449
33969 114809 148778
11755 27797 39552
5030 11297 16327
