3993 81321 85314
2315 51496 53811
5078 100892 105970
5083 111625 116708
4519 90869 95388
4339 88870 93209
2523 61056 63579
2400 42315 44715
4124 74690 78814
6734 143097 149831
2171 41530 43701
5530 111781 117311
6258 133790 140048
4736 86615 91351
2061 44658 46719
4312 69929 74241
6667 139488 146155
2683 45815 48498
6300 84835 91135
6882 141579 148461
6896 161531 168427
3322 74818 78140
2741 55017 57758
2151 45542 47693
3474 74627 78101
4756 101305 106061
1398 29387 30785
1244 26135 27379
1162 29967 31129
4929 90471 95400
5552 110133 115685
3313 69311 72624
6252 124451 130703
4067 79558 83625
3959 78369 82328
3856 81687 85543
5291 101094 106385
2697 46888 49585
5369 104577 109946
4885 95549 100434
1090 20350 21440
4482 90055 94537
3141 67574 70715
3753 67126 70879
4972 10929 15901
2520 39117 41637
5278 126629 131907
1618 33332 34950
3977 81045 85022
4289 86276 90565
1742 36134 37876
7702 146704 154406
2173 40566 42739
2177 42025 44202
3185 67003 70188
1306 30978 32284
10860 209931 220791
8929 166109 175038
7659 155025 162684
5716 112566 118282
1391 32638 34029
5542 95452 100994
1253 28822 30075
3427 64850 68277
2547 51691 54238
1180 20767 21947
1536 31422 32958
10861 214341 225202
2060 38831 40891
1108 25577 26685
1219 28281 29500
872 17375 18247
5589 117561 123150
11475 232222 243697
3342 70764 74106
3356 63606 66962
4194 82271 86465
5514 114768 120282
4807 100769 105576
5709 112751 118460
1492 33405 34897
4795 103192 107987
8826 163558 172384
6050 124598 130648
7412 148217 155629
6896 140527 147423
3084 62619 65703
1740 35215 36955
5929 84274 90203
5220 101330 106550
8023 155498 163521
3701 75464 79165
2681 56892 59573
3998 84680 88678
1621 26035 27656
2370 47569 49939
2524 57131 59655
4550 88366 92916
2466 51810 54276
11232 206738 217970
3592 78091 81683
3533 71484 75017
5013 104446 109459
3584 79136 82720
1190 26028 27218
4159 76136 80295
3590 82929 86519
1933 40688 42621
4087 88667 92754
7371 151598 158969
2765 60002 62767
2750 61014 63764
5975 125958 131933
4858 110336 115194
843 18108 18951
8055 154197 162252
4377 87930 92307
1105 21535 22640
649 15734 16383
2818 57295 60113
1263 21127 22390
2068 41581 43649
2798 71051 73849
2434 53887 56321
5464 131006 136470
933 19266 20199
2863 48620 51483
2670 50934 53604
11784 236177 247961
5934 104586 110520
5831 116354 122185
4794 90756 95550
7247 192898 200145
5316 114594 119910
4096 79434 83530
2499 55041 57540
4322 80915 85237
1481 28534 30015
3454 75539 78993
2369 48851 51220
1249 25529 26778
1131 19729 20860
1361 29732 31093
4139 83745 87884
4869 102756 107625
1882 38794 40676
3141 76954 80095
5198 105829 111027
2575 61735 64310
4778 91801 96579
9303 194563 203866
1195 25231 26426
2479 47903 50382
5731 117837 123568
2042 40579 42621
7649 177386 185035
6986 140897 147883
2191 44271 46462
3661 77447 81108
9533 199500 209033
4602 84950 89552
7347 140561 147908
3246 72021 75267
3294 84253 87547
3312 64879 68191
1656 28569 30225
2634 60403 63037
7283 123527 130810
4667 92908 97575
5832 117292 123124
3036 53960 56996
3803 95873 99676
2453 29196 31649
2150 46032 48182
2101 40728 42829
1740 25951 27691
2345 48559 50904
5883 117885 123768
5069 96140 101209
2635 58007 60642
2035 28541 30576
5116 103835 108951
2264 36053 38317
2660 64226 66886
3578 74440 78018
2427 52820 55247
2093 38890 40983
1981 40289 42270
1803 37231 39034
3232 72241 75473
1921 45763 47684
4798 99041 103839
1956 39052 41008
3173 64997 68170
4458 88781 93239
5824 115806 121630
3466 66339 69805
6085 129211 135296
2233 46003 48236
9619 177622 187241
5716 119949 125665
3942 88114 92056
2396 52171 54567
4806 92844 97650
2518 56956 59474
4472 88834 93306
1181 29054 30235
3338 73718 77056
3632 81616 85248
2429 49995 52424
6397 133210 139607
9637 179071 188708
2272 53143 55415
5883 114140 120023
3061 70010 73071
1196 25976 27172
2775 62066 64841
6160 123458 129618
4457 89236 93693
3251 64821 68072
3137 65403 68540
7984 146404 154388
5286 105236 110522
2410 53984 56394
3181 69491 72672
5587 110862 116449
5531 104586 110117
9424 179907 189331
2380 52551 54931
1944 40846 42790
970 18708 19678
2106 41911 44017
2894 65643 68537
3252 65600 68852
5820 118558 124378
3428 69564 72992
1738 35133 36871
5072 103853 108925
3166 64577 67743
892 20512 21404
4948 103347 108295
11344 215325 226669
4088 82035 86123
2026 35453 37479
5236 95066 100302
5550 98982 104532
1791 28074 29865
5872 114376 120248
2454 51777 54231
3501 75998 79499
10055 188701 198756
2188 42774 44962
5743 122287 128030
1927 38427 40354
1135 26067 27202
5514 95596 101110
5015 99456 104471
5911 126605 132516
7243 141539 148782
4817 97587 102404
7451 143526 150977
3850 71060 74910
5974 153938 159912
2297 47457 49754
1714 36599 38313
4269 84252 88521
10932 189842 200774
10062 197513 207575
4150 82978 87128
3051 62197 65248
2309 45438 47747
2591 57158 59749
8834 166624 175458
6010 128648 134658
3388 66269 69657
4695 96070 100765
5244 103498 108742
3463 68273 71736
4854 94188 99042
3047 70518 73565
2245 42046 44291
5695 113387 119082
4174 82989 87163
6106 125936 132042
1751 24209 25960
4198 88463 92661
2864 57637 60501
3804 84222 88026
1417 34357 35774
5516 131582 137098
3667 72209 75876
1151 24127 25278
11199 223349 234548
9250 186334 195584
4912 116613 121525
4575 93060 97635
4335 66636 70971
3614 87022 90636
3627 75298 78925
5934 112277 118211
6839 141524 148363
5964 118277 124241
10658 194505 205163
3693 66877 70570
9670 172601 182271
2154 41959 44113
3854 73140 76994
2194 23403 25597
3332 68016 71348
8040 160119 168159
2537 52514 55051
1071 20655 21726
