18993 36090 55083
11392 20672 32064
21703 41779 63482
23687 44143 67830
20939 43404 64343
24084 40819 64903
13382 26612 39994
9909 18035 27944
18818 29709 48527
35629 65351 100980
9406 17095 26501
27707 49532 77239
31883 62512 94395
20618 38672 59290
9184 17491 26675
16471 29189 45660
34112 64491 98603
11203 21472 32675
22243 41882 64125
35848 67914 103762
37783 88452 126235
18882 36308 55190
13655 25684 39339
10476 20691 31167
15225 33418 48643
21463 45303 66766
7248 11928 19176
6396 10964 17360
8039 10602 18641
23207 45767 68974
30906 54634 85540
16283 30614 46897
30881 60729 91610
19690 39446 59136
18803 39002 57805
18049 36217 54266
25317 49212 74529
11879 22229 34108
23538 51778 75316
21876 42216 64092
4959 8622 13581
19583 39691 59274
15417 30362 45779
17398 33797 51195
9325 872 10197
10342 19196 29538
32092 63298 95390
8241 15578 23819
20207 40992 61199
18482 39117 57599
8375 17068 25443
38306 74060 112366
9821 16427 26248
10547 19752 30299
15385 29492 44877
8278 13658 21936
51753 96752 148505
41851 81366 123217
36189 72397 108586
25326 52288 77614
8430 15810 24240
29289 53221 82510
7317 13661 20978
19064 32895 51959
11777 25549 37326
5500 10201 15701
8647 15667 24314
55807 116982 172789
10646 20038 30684
6540 13946 20486
8910 14977 23887
3929 7760 11689
29740 50585 80325
69066 139026 208092
19706 40488 60194
19123 40091 59214
23896 44778 68674
35127 60259 95386
31315 51016 82331
25492 48109 73601
7325 15500 22825
22431 47337 69768
42324 86500 128824
33839 62592 96431
35012 74659 109671
34685 61798 96483
16522 30856 47378
7900 15397 23297
22982 38348 61330
24855 48948 73803
40252 79958 120210
17636 34709 52345
15345 23784 39129
21849 38817 60666
6729 10963 17692
10921 20056 30977
13807 26287 40094
23645 43205 66850
17652 25922 43574
54128 105213 159341
17320 36576 53896
17870 36440 54310
26344 49942 76286
18031 36771 54802
6468 10357 16825
19194 46687 65881
16608 36478 53086
10034 18219 28253
20448 44447 64895
36529 76015 112544
12631 25663 38294
16924 29997 46921
35764 59739 95503
29646 55907 85553
4262 7507 11769
38897 81039 119936
20221 40855 61076
5067 9956 15023
3308 8032 11340
16771 33505 50276
4998 9735 14733
9986 20519 30505
18441 34683 53124
14078 29065 43143
25639 51493 77132
4594 16346 20940
11434 19324 30758
17536 26750 44286
55418 125927 181345
31219 56850 88069
26992 54968 81960
26396 45362 71758
37058 63487 100545
23606 62447 86053
20352 40890 61242
14418 28558 42976
20419 39296 59715
7629 14165 21794
19454 36119 55573
13112 29389 42501
5824 10755 16579
4068 9012 13080
8114 15494 23608
20260 41868 62128
24450 45781 70231
9904 18062 27966
16156 31549 47705
24087 48038 72125
14880 25316 40196
22925 39321 62246
38070 64430 102500
6243 9814 16057
14562 18787 33349
49439 57163 106602
8889 15987 24876
33912 83519 117431
38984 68668 107652
11582 21898 33480
20840 44576 65416
51857 107563 159420
19349 37046 56395
32753 64815 97568
15229 27818 43047
17229 36180 53409
17765 31304 49069
8295 16334 24629
18833 29722 48555
27535 54419 81954
23198 41988 65186
35783 57937 93720
13596 21744 35340
21204 42826 64030
7865 13488 21353
10316 19616 29932
9965 19768 29733
5531 10516 16047
9861 22359 32220
31860 54096 85956
22396 47784 70180
19032 30619 49651
8037 14861 22898
25325 47554 72879
7330 12857 20187
13877 28220 42097
16638 34400 51038
10868 21491 32359
10104 18597 28701
7276 17393 24669
7957 19991 27948
16023 29503 45526
10566 25741 36307
22322 44627 66949
9068 18260 27328
16253 32763 49016
21308 41053 62361
24559 47613 72172
17062 34210 51272
32440 60749 93189
13495 23703 37198
45748 86151 131899
34068 59752 93820
20931 41703 62634
13080 21998 35078
27439 50518 77957
14168 27788 41956
19069 37155 56224
7745 11735 19480
17899 30867 48766
15883 36178 52061
12188 20920 33108
32442 64101 96543
46884 92323 139207
13337 22469 35806
30191 53799 83990
16649 31411 48060
6174 11540 17714
13994 28582 42576
31373 60346 91719
20518 39875 60393
16267 29186 45453
16423 31356 47779
36452 72702 109154
23173 44836 68009
14465 27298 41763
14975 32710 47685
26964 53620 80584
25014 50989 76003
45278 90087 135365
12176 24798 36974
10440 18112 28552
4682 8393 13075
11529 18931 30460
15734 29742 45476
16229 30441 46670
26258 54578 80836
17299 33810 51109
8203 16582 24785
25265 49067 74332
16214 31382 47596
4203 8294 12497
23316 44253 67569
52574 105008 157582
21283 40752 62035
8249 18018 26267
23855 46249 70104
24954 41949 66903
8432 13835 22267
25949 48687 74636
14432 24843 39275
17483 35602 53085
51780 94467 146247
10165 21369 31534
27046 52347 79393
10278 18573 28851
5697 9033 14730
24085 46366 70451
23755 47318 71073
25859 54976 80835
35042 64656 99698
25987 49862 75849
36524 71748 108272
18480 36260 54740
32667 73824 106491
9826 21333 31159
7842 17611 25453
21590 42761 64351
51487 101852 153339
44272 91465 135737
19240 37474 56714
14764 33474 48238
10297 24189 34486
15044 24908 39952
44121 85657 129778
30963 61528 92491
16311 31597 47908
20895 42846 63741
22015 46740 68755
16228 32894 49122
21616 42804 64420
14944 30831 45775
11339 20603 31942
27007 49524 76531
21324 41613 62937
32047 63321 95368
7273 11267 18540
20727 46597 67324
14116 25496 39612
19870 40958 60828
7882 14990 22872
31520 61750 93270
17585 35525 53110
5827 10189 16016
55291 104433 159724
46654 88091 134745
22972 47486 70458
18797 41674 60471
15066 28338 43404
16232 33165 49397
16697 31969 48666
28210 46600 74810
33238 70822 104060
29063 48965 78028
44218 84224 128442
16043 29422 45465
46980 89612 136592
10252 21385 31637
18309 34568 52877
5462 10462 15924
16535 33443 49978
38013 80657 118670
11211 23884 35095
5450 10788 16238
