5702 65581 71283
2729 36060 38789
5772 70000 75772
7980 77628 85608
7511 67271 74782
6071 68149 74220
3493 47875 51368
2587 31423 34010
4863 51287 56150
7297 100527 107824
2700 31185 33885
6812 81251 88063
7706 97267 104973
5501 63592 69093
2632 33827 36459
4278 50910 55188
9082 103642 112724
2884 40413 43297
6204 74089 80293
8966 107981 116947
10562 147631 158193
4806 61244 66050
3549 43073 46622
3305 36839 40144
4634 59532 64166
5814 79298 85112
2103 23048 25151
1583 20421 22004
1660 19957 21617
5664 78449 84113
7584 90613 98197
5500 55257 60757
9488 96346 105834
6058 68421 74479
6207 70036 76243
5463 66040 71503
7308 86182 93490
3141 36727 39868
6677 80170 86847
6068 71493 77561
1308 17496 18804
6413 74682 81095
4850 58824 63674
4898 59480 64378
6863 8201 15064
2637 33882 36519
8625 107736 116361
2975 28551 31526
6219 66758 72977
5432 65694 71126
2550 31253 33803
10527 127975 138502
2533 33298 35831
3019 36181 39200
4207 53548 57755
2084 24520 26604
14861 163697 178558
11936 136110 148046
11604 113853 125457
7100 82065 89165
1825 27892 29717
6786 100594 107380
3888 24655 28543
4045 48162 52207
3215 40873 44088
1180 16079 17259
2030 26802 28832
14525 176891 191416
2624 31674 34298
1388 18393 19781
1578 22649 24227
1617 15127 16744
7354 85363 92717
16857 181128 197985
4759 55022 59781
4662 51566 56228
5256 65943 71199
7918 98402 106320
7220 81885 89105
6583 84284 90867
2069 27396 29465
6792 90737 97529
11941 132112 144053
9795 105401 115196
11321 126919 138240
9865 112022 121887
3970 50859 54829
2816 29456 32272
5983 73478 79461
6984 87692 94676
12545 129792 142337
5298 61597 66895
3876 48151 52027
5726 72528 78254
1400 24431 25831
2917 37590 40507
3838 46820 50658
5896 68792 74688
3828 45549 49377
16284 175256 191540
5116 66009 71125
4572 60467 65039
6507 76444 82951
4686 62145 66831
1654 18578 20232
5391 62238 67629
4488 62906 67394
2583 32814 35397
6014 75868 81882
10213 132140 142353
4123 47122 51245
4271 52775 57046
8431 99433 107864
6908 93751 100659
1467 14923 16390
11468 133502 144970
6918 76295 83213
1543 16889 18432
1052 12918 13970
3715 47654 51369
1635 16355 17990
2688 34804 37492
3546 56374 59920
3391 47828 51219
6853 82370 89223
1172 14358 15530
2766 36684 39450
3435 42336 45771
16510 181557 198067
8332 76146 84478
5771 67789 73560
6456 76727 83183
9332 113555 122887
6224 89085 95309
6120 68713 74833
3580 47306 50886
5868 70441 76309
1938 21190 23128
4039 54924 58963
2932 40044 42976
1728 20501 22229
1737 14889 16626
1932 25927 27859
5092 68303 73395
6262 73280 79542
2531 31991 34522
5258 56420 61678
6174 79225 85399
4507 44365 48872
5999 73660 79659
9474 107386 116860
1470 18539 20009
2998 37024 40022
7990 94495 102485
2657 31574 34231
10524 139765 150289
9111 105479 114590
3115 38903 42018
4797 58129 62926
12595 172184 184779
6026 69077 75103
11081 109911 120992
4438 51437 55875
4740 63605 68345
4069 51186 55255
1560 20230 21790
3217 44925 48142
7180 91139 98319
5838 68221 74059
7151 87407 94558
2950 38810 41760
5355 69869 75224
2093 23114 25207
2473 31058 33531
2685 30731 33416
1940 18201 20141
3183 38105 41288
8596 99173 107769
5725 71719 77444
4195 52682 56877
1869 23325 25194
8071 80159 88230
2416 25604 28020
3530 48038 51568
5260 61771 67031
2679 35683 38362
2628 32586 35214
1857 28302 30159
2688 30740 33428
4401 55397 59798
2492 39384 41876
5656 74767 80423
2742 30344 33086
4327 55037 59364
6371 74823 81194
6616 84856 91472
5683 58621 64304
8312 104607 112919
2623 34372 36995
15105 143710 158815
8022 103835 111857
5032 71211 76243
2923 40790 43713
6399 78234 84633
4705 45537 50242
5579 65886 71465
2221 22777 24998
4186 54702 58888
5641 64099 69740
3348 42010 45358
9144 108190 117334
14321 151937 166258
3182 42938 46120
7628 89075 96703
4581 53894 58475
1440 21993 23433
3607 47311 50918
8405 103744 112149
5515 72712 78227
4529 51883 56412
3783 50045 53828
10480 126282 136762
7125 78158 85283
3792 42801 46593
4145 57993 62138
7163 83090 90253
6702 82915 89617
11944 149949 161893
3270 40267 43537
2397 32984 35381
1235 14546 15781
3261 34606 37867
4106 51499 55605
4894 55862 60756
7450 91701 99151
4778 61717 66495
2621 31383 34004
7458 90661 98119
4552 58859 63411
1997 15676 17673
5646 75409 81055
15843 176452 192295
5818 70844 76662
2193 30695 32888
7184 75178 82362
6653 77621 84274
2429 24222 26651
7931 93210 101141
3998 44565 48563
4858 62547 67405
13065 145868 158933
2562 36601 39163
6435 90690 97125
2883 29718 32601
1525 19425 20950
6479 75763 82242
6985 80520 87505
7689 88936 96625
10213 115643 125856
6899 84969 91868
11151 130726 141877
5616 63140 68756
8860 135305 144165
3653 36827 40480
2255 29843 32098
5792 73155 78947
14355 156500 170855
12939 162625 175564
5897 64300 70197
4962 56648 61610
2860 36936 39796
3688 42348 46036
11882 146728 158610
7375 97774 105149
5321 52330 57651
5475 71498 76973
6742 83564 90306
4762 56373 61135
5610 74048 79658
5388 59083 64471
3125 36128 39253
7380 87328 94708
6450 65872 72322
8471 103659 112130
1722 19605 21327
5555 70850 76405
4053 45862 49915
5169 69888 75057
2333 27805 30138
9074 103331 112405
4828 77949 82777
1383 18628 20011
14958 186646 201604
13695 157529 171224
6789 81961 88750
5949 72180 78129
3638 48446 52084
4527 56086 60613
4848 58143 62991
7113 80980 88093
9886 123963 133849
7845 85442 93287
12616 147184 159800
4206 51232 55438
13860 151817 165677
3611 36855 40466
5765 61146 66911
1435 20857 22292
4784 56729 61513
11568 132091 143659
2871 38605 41476
1440 18863 20303
