11210 56875 68085
6334 32353 38687
11366 59866 71232
12862 64257 77119
13893 62291 76184
11541 55124 66665
6774 35721 42495
5696 25461 31157
8073 42118 50191
16448 93618 110066
5335 24917 30252
14814 67623 82437
16868 84193 101061
11166 57131 68297
5671 26639 32310
8926 42365 51291
17322 89059 106381
5608 31749 37357
12938 64939 77877
19523 94149 113672
21913 123666 145579
10418 54195 64613
6787 34953 41740
5362 29405 34767
8874 47324 56198
13020 66888 79908
4173 19491 23664
3410 17437 20847
3750 18593 22343
12152 64396 76548
19135 78023 97158
15123 44439 59562
16892 81742 98634
12067 60636 72703
11892 59581 71473
10451 55662 66113
14856 80428 95284
8705 31800 40505
13578 71637 85215
12084 61368 73452
2870 13363 16233
11938 61374 73312
9896 49672 59568
10443 51024 61467
8442 3023 11465
5610 28104 33714
17253 92507 109760
5326 23899 29225
11043 58810 69853
10613 57821 68434
5409 25651 31060
21705 105565 127270
5475 24160 29635
6093 30836 36929
9401 42091 51492
3885 19537 23422
27511 138231 165742
24880 119975 144855
20074 105247 125321
14193 75758 89951
4261 23925 28186
15052 68662 83714
3916 20822 24738
8413 40663 49076
6352 34684 41036
2755 13048 15803
3906 23110 27016
32271 154592 186863
5697 28407 34104
2925 17408 20333
3656 20751 24407
2446 14316 16762
15256 78869 94125
32424 164374 196798
10127 50637 60764
9910 43021 52931
12199 58106 70305
15751 84268 100019
14761 77878 92639
13608 74265 87873
4394 21292 25686
15746 72404 88150
25562 122963 148525
18333 94302 112635
20077 100019 120096
19827 97478 117305
8756 45217 53973
4689 27542 32231
13774 62141 75915
14482 75727 90209
21679 114900 136579
11936 56286 68222
8697 38205 46902
12034 63218 75252
3089 18204 21293
6688 35371 42059
7650 39726 47376
12569 60492 73061
8427 36697 45124
31078 148138 179216
10929 55788 66717
10255 54561 64816
13141 68143 81284
10630 55580 66210
3831 16979 20810
11370 55974 67344
10458 51211 61669
7482 24919 32401
11881 61944 73825
19185 104800 123985
6847 37250 44097
9327 43075 52402
15238 81887 97125
13849 74507 88356
2199 11510 13709
23171 111911 135082
13144 63854 76998
2677 14590 17267
2188 9358 11546
8389 40917 49306
3087 12433 15520
6118 30182 36300
8398 46771 55169
6759 37124 43883
14423 70282 84705
2308 12977 15285
6152 29405 35557
7456 37079 44535
29086 150000 179086
13216 71333 84549
11295 57714 69009
12828 69325 82153
20817 93861 114678
13940 81342 95282
11823 60195 72018
7324 39545 46869
12453 58306 70759
3167 18325 21492
9150 45565 54715
6170 31516 37686
2919 15324 18243
3290 12477 15767
3900 20714 24614
12061 65060 77121
13482 70150 83632
6041 24961 31002
9543 46897 56440
12507 66434 78941
7991 38769 46760
14795 59373 74168
18056 82632 100688
3044 17377 20421
6297 31932 38229
17087 81147 98234
6732 26247 32979
21779 114552 136331
20360 100701 121061
5977 31671 37648
10692 51939 62631
27460 146005 173465
11498 58030 69528
19345 93206 112551
9561 46479 56040
9580 54190 63770
9116 45099 54215
3189 17207 20396
6896 39625 46521
15619 76399 92018
12289 59944 72233
14915 74260 89175
5945 32607 38552
11094 58920 70014
3624 18330 21954
6664 27732 34396
6230 27262 33492
2703 15484 18187
6042 30942 36984
17887 78578 96465
12613 62230 74843
8121 39895 48016
3824 22260 26084
13335 68003 81338
4598 22790 27388
6919 38494 45413
25404 50657 76061
5689 33035 38724
6214 27643 33857
4436 23567 28003
5725 26481 32206
9136 44218 53354
6127 35289 41416
11906 64745 76651
5835 27112 32947
10016 46130 56146
13183 63898 77081
14235 76715 90950
10157 47739 57896
16983 78567 95550
6233 31346 37579
25498 117586 143084
17958 80622 98580
10650 58400 69050
6618 34147 40765
14445 66769 81214
7415 39277 46692
11966 60981 72947
3765 18107 21872
9284 47328 56612
10397 53389 63786
6538 34920 41458
17596 92356 109952
27654 132418 160072
6573 37539 44112
15881 78767 94648
8995 48657 57652
3447 18358 21805
7303 39131 46434
16840 81182 98022
12653 61373 74026
9071 42330 51401
9071 44734 53805
22356 98776 121132
12460 69113 81573
6962 37209 44171
8822 47170 55992
15043 74877 89920
14547 69869 84416
27934 133749 161683
5892 34722 40614
5994 29347 35341
2432 13622 16054
6303 28614 34917
8420 43211 51631
11051 45008 56059
13611 72840 86451
9502 46523 56025
4951 24836 29787
14125 76699 90824
10890 43447 54337
2340 12978 15318
12683 63654 76337
40274 155793 196067
11651 58754 70405
4746 26012 30758
13347 68605 81952
14723 63451 78174
3533 19726 23259
14165 71231 85396
6768 34408 41176
9992 53758 63750
27292 133941 161233
5547 31774 37321
14972 79854 94826
5933 28319 34252
3009 14487 17496
13269 64237 77506
13472 72245 85717
15690 80505 96195
18200 90608 108808
13028 71633 84661
21765 107385 129150
11524 54750 66274
17323 106117 123440
6447 30103 36550
4713 26994 31707
13220 59448 72668
27224 132880 160104
29969 149905 179874
11021 52462 63483
8205 43044 51249
6072 33043 39115
7173 32359 39532
26419 120712 147131
17500 83864 101364
9638 46320 55958
12266 64455 76721
12711 71822 84533
9808 49543 59351
13052 63460 76512
10752 45755 56507
6273 31977 38250
15228 74297 89525
11145 59358 70503
16247 84303 100550
3701 17078 20779
11871 65783 77654
7292 37602 44894
11059 59611 70670
4330 22380 26710
16577 89032 105609
10661 52607 63268
3843 18106 21949
28884 157241 186125
28710 139081 167791
14090 69500 83590
12124 63697 75821
7422 40202 47624
9000 47018 56018
10288 47065 57353
13780 68417 82197
20393 102676 123069
16213 72473 88686
28500 127080 155580
8739 40137 48876
28193 124623 152816
6132 33895 40027
11492 54468 65960
3591 17783 21374
10136 50436 60572
22998 114262 137260
6445 34847 41292
3069 15162 18231
