13060 47680 60740
7102 29056 36158
15466 55925 71391
17072 59252 76324
14232 52872 67104
13952 50683 64635
9073 35491 44564
6525 23276 29801
11183 36277 47460
22034 80395 102429
6087 22293 28380
21113 69080 90193
21427 75698 97125
13665 47485 61150
7422 22850 30272
10620 37212 47832
24024 80948 104972
7767 29483 37250
14892 56607 71499
23126 79938 103064
25534 106270 131804
12474 46486 58960
9074 32089 41163
6578 28121 34699
11707 41800 53507
14701 61437 76138
5044 16517 21561
3911 13902 17813
4916 15305 20221
16623 62218 78841
21842 75041 96883
11015 38781 49796
19366 71073 90439
13200 54481 67681
14482 54627 69109
13933 48878 62811
17692 62543 80235
9077 27128 36205
16383 63156 79539
15238 56471 71709
3839 13065 16904
16123 62592 78715
11306 40043 51349
12632 43375 56007
8760 2153 10913
6697 26407 33104
19715 73609 93324
5432 20417 25849
14204 49253 63457
13202 52611 65813
6033 22335 28368
28468 94175 122643
6551 25157 31708
7715 26964 34679
10040 39009 49049
5418 18657 24075
35008 127936 162944
30404 112633 143037
25673 92028 117701
17995 64531 82526
5415 20550 25965
17294 62697 79991
5199 15989 21188
10941 35402 46343
8399 30673 39072
3368 11833 15201
5156 19435 24591
40677 142582 183259
7221 24903 32124
4123 14748 18871
4890 18150 23040
2730 11470 14200
18992 66391 85383
40748 145224 185972
12490 42484 54974
11813 38925 50738
14790 52420 67210
20491 70062 90553
16645 62779 79424
17134 66322 83456
5728 20696 26424
16801 66708 83509
28164 104432 132596
23061 84011 107072
29820 94369 124189
23261 82490 105751
10575 38448 49023
5421 26190 31611
15405 55489 70894
16959 63954 80913
28086 95931 124017
12551 46786 59337
18329 34230 52559
13382 54500 67882
4018 15192 19210
8490 29845 38335
9386 36452 45838
16897 56267 73164
9188 31517 40705
57280 135120 192400
14193 52810 67003
12142 47047 59189
17409 63847 81256
12701 50475 63176
4042 14135 18177
13336 50986 64322
12316 48219 60535
6390 22767 29157
15198 51980 67178
26999 99048 126047
10174 35404 45578
11357 36029 47386
20755 88252 109007
18164 69825 87989
2587 10718 13305
27633 101032 128665
15726 60504 76230
4282 13385 17667
2480 8861 11341
10493 36298 46791
3657 12522 16179
7926 31221 39147
9803 40471 50274
9232 36108 45340
17756 63812 81568
2945 11275 14220
6443 27587 34030
9538 33899 43437
37602 143619 181221
16768 64333 81101
23629 52333 75962
16264 59347 75611
24482 88603 113085
17306 76126 93432
14296 55492 69788
9360 35640 45000
15704 51172 66876
4165 16986 21151
11483 41947 53430
7669 30508 38177
3824 13868 17692
3531 11422 14953
5476 17518 22994
15585 54871 70456
16448 58949 75397
5880 22567 28447
12649 43418 56067
16669 62922 79591
10588 36343 46931
15575 55931 71506
23291 78754 102045
4207 13230 17437
8020 28695 36715
20780 74069 94849
7330 24219 31549
26538 101556 128094
23492 75945 99437
7259 28617 35876
12744 48549 61293
31238 131091 162329
14099 51313 65412
26714 91673 118387
12107 40210 52317
12396 47866 60262
11470 40616 52086
4731 15856 20587
9112 37605 46717
19978 67514 87492
14327 50428 64755
18707 69485 88192
7049 29575 36624
13521 55308 68829
5282 18282 23564
6406 25160 31566
6836 22680 29516
3334 13126 16460
7487 28648 36135
21811 76143 97954
14944 54047 68991
10205 39700 49905
5445 17809 23254
17975 64348 82323
10752 18052 28804
8524 33363 41887
12784 44008 56792
7619 29814 37433
7082 26390 33472
5486 20369 25855
6364 23979 30343
11237 43483 54720
7281 32098 39379
15324 57580 72904
6326 22390 28716
10856 39080 49936
14953 55607 70560
20336 63776 84112
13120 43489 56609
22308 77047 99355
7993 27518 35511
30339 108636 138975
22968 80742 103710
13277 51804 65081
8862 32359 41221
16264 57086 73350
9915 38141 48056
14191 53273 67464
5453 17981 23434
11171 42191 53362
12840 45417 58257
10302 29947 40249
22325 75476 97801
32231 113550 145781
8105 32857 40962
20943 68444 89387
12010 38297 50307
3942 15068 19010
10446 37817 48263
21120 76405 97525
15901 57223 73124
11405 35691 47096
10454 37523 47977
27373 93692 121065
16548 61103 77651
9150 34883 44033
14159 44189 58348
18418 69462 87880
16981 61496 78477
30170 110701 140871
8566 32860 41426
6535 24250 30785
3124 10934 14058
7240 24977 32217
10118 37937 48055
11691 41978 53669
17330 67551 84881
12506 45564 58070
6648 23838 30486
17101 69365 86466
11412 37957 49369
2964 10526 13490
16386 61640 78026
35162 137908 173070
13557 50796 64353
6031 22334 28365
16797 62411 79208
17236 59440 76676
5021 18079 23100
18130 67155 85285
9498 33339 42837
12759 42949 55708
31666 115724 147390
6169 26541 32710
18546 72538 91084
6921 24932 31853
3998 13174 17172
17306 56838 74144
16286 62547 78833
19351 75757 95108
24115 85427 109542
17470 66247 83717
26637 88961 115598
12214 45571 57785
21654 96198 117852
6858 28121 34979
5697 23833 29530
16369 56239 72608
36997 129255 166252
33061 121239 154300
13517 49747 63264
11151 40527 51678
7295 28642 35937
9783 32653 42436
30678 108730 139408
19897 77480 97377
13168 39559 52727
14851 57610 72461
17309 62217 79526
12085 43623 55708
15876 61120 76996
12775 42178 54953
7657 24463 32120
19306 68622 87928
13181 51066 64247
20770 78341 99111
3875 16022 19897
13743 58698 72441
9521 32981 42502
13674 49667 63341
5389 18616 24005
19749 83153 102902
11905 43576 55481
4764 13746 18510
41802 142660 184462
33369 122666 156035
17488 63932 81420
15903 62157 78060
10544 39280 49824
11793 43751 55544
12368 41493 53861
17278 66523 83801
24644 91367 116011
22021 67376 89397
34821 117710 152531
11447 39005 50452
33041 118841 151882
7603 27534 35137
11879 45370 57249
4222 14220 18442
12796 41668 54464
29151 105423 134574
8494 32384 40878
3703 12301 16004
