22042 27038 49080
15405 20569 35974
28150 35381 63531
31670 39074 70744
26267 34569 60836
23733 31316 55049
15988 21883 37871
11719 14636 26355
21496 22762 44258
36421 46760 83181
10360 13486 23846
34336 40157 74493
37247 48846 86093
23707 30575 54282
13277 14474 27751
20557 21263 41820
42239 50003 92242
14038 16147 30185
24905 34643 59548
39289 50757 90046
44577 69033 113610
21699 27501 49200
17103 21331 38434
11668 17709 29377
18137 26388 44525
25454 37702 63156
9813 10343 20156
7441 8544 15985
8143 9103 17246
27665 36407 64072
38844 45105 83949
17649 22592 40241
36492 46338 82830
23385 32023 55408
24468 34555 59023
20622 29098 49720
31986 38345 70331
14435 16380 30815
29682 42543 72225
27313 37284 64597
6610 6806 13416
22784 36074 58858
20051 26129 46180
20618 27907 48525
9600 504 10104
12197 17131 29328
37774 47088 84862
10600 13493 24093
22920 34086 57006
22710 33121 55831
10575 13388 23963
44156 57337 101493
10997 13541 24538
13628 14624 28252
19760 24920 44680
8790 9559 18349
54483 76006 130489
50875 69989 120864
38500 55085 93585
31385 41366 72751
10331 12803 23134
33321 39302 72623
9089 9649 18738
19377 21782 41159
15057 19860 34917
5266 8238 13504
8704 11208 19912
71291 86187 157478
11503 13802 25305
7425 8802 16227
7511 9845 17356
5589 6455 12044
34505 40921 75426
74506 92547 167053
20036 28791 48827
19047 24658 43705
24011 33295 57306
35599 45911 81510
29595 38712 68307
30226 39257 69483
8829 13660 22489
31232 42137 73369
49318 69027 118345
39115 50543 89658
43619 57383 101002
40364 50354 90718
19752 24078 43830
11772 12983 24755
25654 34974 60628
32316 39528 71844
47775 62942 110717
23063 28822 51885
18597 19901 38498
24295 35133 59428
7037 8321 15358
14669 20805 35474
17378 23840 41218
26544 34704 61248
17968 18373 36341
67183 83586 150769
20594 29054 49648
23505 26130 49635
30703 38952 69655
21169 30516 51685
7316 7898 15214
22594 32746 55340
18834 29495 48329
10889 13635 24524
24261 34282 58543
40840 58283 99123
17303 21929 39232
19701 22695 42396
33827 49542 83369
32933 40204 73137
4565 5883 10448
45803 62364 108167
27984 36508 64492
6289 7950 14239
3657 5566 9223
17623 22504 40127
6454 5873 12327
12375 17026 29401
18055 25611 43666
16978 19712 36690
31764 40194 71958
5544 6266 11810
12009 17837 29846
16285 20447 36732
67707 87996 155703
29291 39616 68907
23522 34068 57590
27015 34555 61570
37594 52766 90360
29750 43511 73261
23026 34173 57199
16547 22579 39126
22779 30537 53316
7456 9396 16852
18630 26209 44839
14239 15734 29973
6809 8699 15508
4992 6583 11575
8259 9280 17539
29586 33536 63122
29459 34726 64185
9952 13010 22962
18100 23533 41633
28399 37244 65643
16611 19087 35698
24227 33628 57855
40709 47131 87840
6971 8036 15007
13869 16826 30695
35326 45997 81323
11160 14118 25278
42306 68965 111271
41961 48907 90868
13520 18144 31664
20154 27887 48041
58658 84229 142887
25833 32756 58589
41226 51220 92446
18230 23441 41671
20061 32392 52453
22325 24108 46433
7629 9955 17584
15823 22052 37875
32446 42833 75279
24938 30935 55873
34032 40023 74055
12182 18995 31177
21744 33464 55208
8311 8830 17141
32482 14711 47193
11494 13972 25466
6777 7723 14500
13563 18747 32310
38222 48455 86677
24565 33864 58429
16997 20904 37901
8734 9745 18479
30812 36451 67263
9090 10360 19450
15243 19545 34788
20582 29581 50163
13412 17659 31071
13721 14630 28351
8713 13875 22588
10193 15064 25257
19730 25651 45381
12452 19177 31629
25171 36599 61770
10486 14104 24590
18482 25988 44470
25272 36203 61475
33122 44077 77199
19442 25693 45135
35670 43659 79329
13849 16857 30706
48730 65123 113853
39453 47016 86469
21547 33417 54964
14811 17215 32026
29680 34913 64593
16073 21223 37296
22622 30432 53054
8135 9445 17580
17957 25168 43125
20389 29594 49983
15718 18839 34557
42425 48945 91370
54493 71913 126406
14487 21401 35888
35905 43935 79840
18780 24281 43061
7074 8564 15638
16888 22918 39806
40622 45663 86285
25186 35111 60297
18759 21510 40269
19125 23599 42724
42019 54519 96538
33319 41095 74414
15882 21172 37054
18920 28206 47126
33930 42073 76003
32825 40187 73012
50417 72177 122594
13699 17472 31171
12037 14376 26413
9700 5954 15654
12857 14488 27345
18527 23392 41919
18248 27457 45705
35617 44758 80375
19737 27992 47729
10111 13559 23670
32479 42083 74562
19375 21925 41300
5176 6051 11227
26515 36113 62628
68631 88685 157316
24252 30545 54797
9191 13327 22518
30512 36265 66777
28330 36555 64885
8736 9761 18497
33612 42680 76292
17674 19424 37098
20228 28583 48811
55883 74733 130616
11246 15766 27012
31664 42789 74453
10915 14668 25583
6419 6493 12912
29377 36087 65464
30857 38086 68943
32470 44801 77271
41731 48895 90626
33388 39541 72929
42933 55889 98822
21056 28139 49195
36483 57537 94020
13211 23242 36453
10530 16674 27204
25260 36499 61759
59163 83335 142498
53974 73189 127163
21646 27434 49080
17554 26733 44287
12446 18772 31218
15934 19259 35193
50840 62298 113138
36605 44718 81323
19291 26720 46011
24601 32609 57210
28013 37703 65716
17833 24459 42292
24130 34173 58303
17724 25760 43484
12261 15947 28208
34693 40448 75141
22387 30098 52485
36100 51640 87740
7229 8809 16038
24334 39312 63646
16542 19093 35635
21447 29861 51308
9154 11491 20645
36251 49627 85878
21806 26529 48335
6784 7457 14241
69125 87177 156302
54194 77253 131447
29757 38797 68554
22416 33802 56218
18767 22501 41268
20207 26499 46706
19251 23909 43160
31811 40250 72061
39669 55437 95106
36083 41247 77330
55582 70274 125856
18794 22435 41229
53234 73069 126303
13828 16975 30803
21620 27787 49407
6918 8600 15518
21229 25251 46480
43222 66648 109870
15243 20434 35677
6479 8722 15201
