34781 3321 38102
19654 1564 21218
40708 3992 44700
43738 4489 48227
39000 3809 42809
36313 3492 39805
23073 2601 25674
18090 1753 19843
28791 2295 31086
55097 5796 60893
16430 1774 18204
47718 4261 51979
51959 4956 56915
35192 3345 38537
16874 1246 18120
26367 2176 28543
59362 9966 69328
19122 2086 21208
37184 4866 42050
58432 6372 64804
74222 8677 82899
34286 2990 37276
23170 2340 25510
18572 2095 20667
28434 3156 31590
42487 4183 46670
13201 1185 14386
12381 954 13335
10564 962 11526
43561 3781 47342
53001 4963 57964
31198 2579 33777
54402 7263 61665
36830 3242 40072
37009 4414 41423
32427 3174 35601
47369 4522 51891
20116 2206 22322
43429 4904 48333
41430 4123 45553
8547 822 9369
38053 3945 41998
32258 2501 34759
32847 3151 35998
9501 7 9508
18853 2209 21062
53808 6142 59950
15137 2185 17322
37158 4826 41984
34714 4207 38921
16068 1726 17794
76145 6014 82159
16476 1325 17801
19816 2102 21918
30109 2653 32762
12353 1090 13443
88452 9577 98029
84274 7294 91568
63012 6917 69929
44138 5106 49244
13623 1480 15103
47286 3895 51181
12446 976 13422
27612 2487 30099
21394 2508 23902
8385 961 9346
12844 1264 14108
104476 10394 114870
19655 1408 21063
9671 1101 10772
12798 1072 13870
7426 876 8302
52286 5225 57511
106879 10933 117812
31038 3598 34636
29629 2774 32403
38143 3897 42040
59551 5299 64850
42979 4575 47554
46107 4910 51017
14127 1531 15658
46162 5414 51576
90818 8070 98888
61882 5524 67406
66687 6644 73331
75846 6124 81970
30766 3204 33970
18711 1486 20197
49911 4347 54258
51080 5774 56854
72299 9991 82290
43394 2829 46223
30015 2485 32500
36346 4297 40643
9274 676 9950
19464 2009 21473
24245 2365 26610
41948 3705 45653
26206 2641 28847
100703 10289 110992
32144 3668 35812
29623 2662 32285
41313 4053 45366
33298 3738 37036
9525 762 10287
32447 3438 35885
29033 2824 31857
16323 1520 17843
35445 5664 41109
66457 10368 76825
21653 2505 24158
27428 3235 30663
53047 7444 60491
52564 5426 57990
7866 567 8433
73140 6575 79715
38949 4550 43499
9346 788 10134
5660 592 6252
25696 2695 28391
8823 757 9580
17438 1959 19397
26889 3923 30812
24358 2758 27116
53616 5386 59002
7762 737 8499
18920 2197 21117
24706 2853 27559
110411 11812 122223
46349 6449 52798
55284 5773 61057
45386 4302 49688
60163 6767 66930
44094 6193 50287
38909 3920 42829
23842 2787 26629
36770 3439 40209
11205 1581 12786
26535 2896 29431
19539 1974 21513
10774 1353 12127
9412 1023 10435
12601 1081 13682
36753 4324 41077
42584 4224 46808
16489 1466 17955
31541 2475 34016
42299 3901 46200
24466 2586 27052
44840 4819 49659
60100 6074 66174
9916 670 10586
20399 1779 22178
57468 6007 63475
17536 1942 19478
71651 8987 80638
63351 5408 68759
22416 1811 24227
31634 3059 34693
93357 8824 102181
38239 4035 42274
60630 6296 66926
30658 2855 33513
32847 4241 37088
29434 2678 32112
10798 1407 12205
26103 3139 29242
50261 5703 55964
39666 3012 42678
46587 3908 50495
20960 1697 22657
36621 5157 41778
13474 1048 14522
17696 1605 19301
17856 1427 19283
9518 855 10373
19551 2167 21718
53768 5199 58967
38366 4631 42997
25504 2383 27887
14619 1115 15734
42418 5079 47497
14277 838 15115
22882 3317 26199
34444 2790 37234
19966 2047 22013
17050 1656 18706
14270 1813 16083
16598 1951 18549
31096 3037 34133
20528 2565 23093
40357 4003 44360
15981 1314 17295
27543 3032 30575
40740 4259 44999
49619 5944 55563
30839 3115 33954
52279 5411 57690
18572 1572 20144
80636 9274 89910
55006 4577 59583
33604 3897 37501
20702 2327 23029
45103 4360 49463
23449 2856 26305
42810 3468 46278
13880 1384 15264
26486 3317 29803
32373 3322 35695
23248 2516 25764
55297 5636 60933
97191 8317 105508
21248 2230 23478
50536 6469 57005
29165 3074 32239
11211 1168 12379
24605 2816 27421
59307 5902 65209
40501 3943 44444
27651 2351 30002
27852 2285 30137
68984 6073 75057
44206 3976 48182
25622 2320 27942
31225 3761 34986
50114 5665 55779
45208 5479 50687
101793 9491 111284
21314 2182 23496
17033 1629 18662
9137 494 9631
17605 1749 19354
28482 2643 31125
30880 3308 34188
50298 5045 55343
29825 4161 33986
16484 1680 18164
46503 4755 51258
26378 2571 28949
7608 606 8214
57221 4132 61353
99046 11042 110088
38608 3123 41731
14425 2114 16539
44562 4242 48804
44561 4845 49406
11467 724 12191
47842 4983 52825
24745 2356 27101
30674 3010 33684
86439 11809 98248
18367 1823 20190
48463 5757 54220
16813 1647 18460
9349 742 10091
43187 3678 46865
43159 4713 47872
53398 5827 59225
60031 5485 65516
44325 4018 48343
69420 7945 77365
33882 3472 37354
57403 7433 64836
19955 1835 21790
19344 2312 21656
39203 4378 43581
95152 12672 107824
86357 9007 95364
35846 3184 39030
27084 3706 30790
20350 2550 22900
23465 2258 25723
81638 8369 90007
50481 5637 56118
29637 3515 33152
38934 4173 43107
42309 4460 46769
30206 3330 33536
41272 4601 45873
33037 3225 36262
19782 1602 21384
46789 4209 50998
37340 3622 40962
56071 6693 62764
10383 807 11190
38106 4359 42465
23503 2247 25750
35054 3983 39037
14221 1144 15365
54981 5999 60980
31770 3179 34949
10067 891 10958
100415 10043 110458
87755 8860 96615
44741 4734 49475
40098 3813 43911
26919 2351 29270
30190 3338 33528
31654 3179 34833
46864 5263 52127
60090 5775 65865
49465 4534 53999
86858 8800 95658
26550 2805 29355
93107 9095 102202
19271 2430 21701
33437 4468 37905
9563 729 10292
40758 3146 43904
71396 8449 79845
19676 1992 21668
8756 922 9678
