15422 45621 61043
8649 26097 34746
18483 49975 68458
18757 61474 80231
17638 49974 67612
15868 48813 64681
10407 32764 43171
8171 21662 29833
14792 36123 50915
23450 75259 98709
6764 21859 28623
21038 73733 94771
22411 74689 97100
16012 48024 64036
7434 22346 29780
12944 34885 47829
27217 77331 104548
8130 27291 35421
16248 50203 66451
27894 95283 123177
29800 97115 126915
13949 43764 57713
9631 29271 38902
7842 24140 31982
13096 41987 55083
17892 57406 75298
6493 16713 23206
4742 13708 18450
5169 14933 20102
17742 51933 69675
22981 67259 90240
12963 37144 50107
24946 66788 91734
15638 47835 63473
15811 50669 66480
13414 42047 55461
19972 60321 80293
9138 24564 33702
20237 62695 82932
18083 54043 72126
4289 10488 14777
16408 51124 67532
12784 39243 52027
14778 40043 54821
8665 1404 10069
7910 22959 30869
25021 76245 101266
5830 19572 25402
16543 47643 64186
14374 45928 60302
6870 22356 29226
29672 84060 113732
7791 20844 28635
8751 25263 34014
11794 36609 48403
5829 16409 22238
38684 123155 161839
34339 105606 139945
26744 87452 114196
18266 58615 76881
6140 17252 23392
20015 55236 75251
5405 16077 21482
13240 34907 48147
9981 31120 41101
3676 10698 14374
5608 18042 23650
45196 136970 182166
7984 22518 30502
4268 14355 18623
5389 15273 20662
3029 10440 13469
23502 62034 85536
46222 144585 190807
12730 39297 52027
12916 37590 50506
16184 49870 66054
22819 70746 93565
19626 62438 82064
19268 63657 82925
6226 19817 26043
19696 62353 82049
34701 104696 139397
26170 81566 107736
28560 88351 116911
26809 77071 103880
12346 34597 46943
6025 19716 25741
16777 53234 70011
21230 60561 81791
29619 95788 125407
14376 42891 57267
11151 31833 42984
17021 50766 67787
4253 15343 19596
9148 27955 37103
10176 33442 43618
17520 51552 69072
11111 31812 42923
39941 125585 165526
16372 45061 61433
13814 41642 55456
20185 59583 79768
13175 46418 59593
4781 13184 17965
14883 45922 60805
13908 46039 59947
7626 22664 30290
16259 48843 65102
27818 87760 115578
10540 33712 44252
11773 35255 47028
20619 70448 91067
21919 67578 89497
2825 8550 11375
31245 92773 124018
18122 53709 71831
4615 12653 17268
2628 7787 10415
12087 32501 44588
3837 9991 13828
8475 23771 32246
11596 39947 51543
9877 34098 43975
20083 63114 83197
3067 10645 13712
7916 26822 34738
10624 31950 42574
41833 135856 177689
19291 61912 81203
16932 53843 70775
17258 52851 70109
25970 73943 99913
19609 67830 87439
15757 50453 66210
10614 34384 44998
16049 50310 66359
5018 16006 21024
12089 38292 50381
9569 29458 39027
4017 12964 16981
3406 9861 13267
6091 17367 23458
15794 53022 68816
17865 54474 72339
7142 21641 28783
12319 36785 49104
17303 54913 72216
11279 32834 44113
16906 52885 69791
26758 74860 101618
5353 11800 17153
8735 25053 33788
22929 72311 95240
8207 21402 29609
28140 100265 128405
27114 76397 103511
9188 24476 33664
13458 41352 54810
37027 128674 165701
17869 49792 67661
28081 78261 106342
11902 36377 48279
13076 45127 58203
12632 37521 50153
5058 15333 20391
10085 34083 44168
21777 66072 87849
16897 49324 66221
20526 59558 80084
8287 27212 35499
15932 51028 66960
6454 15371 21825
8011 24976 32987
8038 22334 30372
4321 14580 18901
8756 26387 35143
22898 68343 91241
15803 52780 68583
12004 36619 48623
5238 16754 21992
20628 60753 81381
6414 17069 23483
10565 32395 42960
13614 40436 54050
8127 27724 35851
7824 21428 29252
6930 20126 27056
6245 21259 27504
12421 37618 50039
8365 30428 38793
17231 53592 70823
6835 19055 25890
12443 38385 50828
16702 50335 67037
19853 59775 79628
12120 38072 50192
21998 68224 90222
8395 25260 33655
34379 96363 130742
24587 68058 92645
13669 46460 60129
8594 26754 35348
18784 55837 74621
12055 33763 45818
16117 50955 67072
5502 15843 21345
12480 35999 48479
12471 41181 53652
9208 29990 39198
26346 70388 96734
37655 111138 148793
10642 30282 40924
23507 67517 91024
12856 39089 51945
4734 15937 20671
9763 35370 45133
24804 73640 98444
16988 51416 68404
11880 35211 47091
12617 36640 49257
29631 85064 114695
20113 60226 80339
9873 32173 42046
12980 42148 55128
20712 62163 82875
22043 60099 82142
32769 106373 139142
8669 27925 36594
7956 24160 32116
3577 11147 14724
8396 24009 32405
11930 36380 48310
12769 40005 52774
20287 66658 86945
13679 40361 54040
6891 21147 28038
19979 60411 80390
13366 35314 48680
3951 10333 14284
18492 54028 72520
41383 136007 177390
17293 48943 66236
6217 21532 27749
18837 54679 73516
18062 52413 70475
5620 17966 23586
20171 61900 82071
10603 30978 41581
14640 39301 53941
35860 109243 145103
8308 24676 32984
21598 66961 88559
8645 20565 29210
5043 12101 17144
19045 53468 72513
17894 55177 73071
21734 69438 91172
28319 81250 109569
19301 64018 83319
29550 84902 114452
13702 44395 58097
24932 96646 121578
8458 26343 34801
7350 21759 29109
17613 50221 67834
39623 125135 164758
37743 113902 151645
15503 47647 63150
11848 38230 50078
8967 28272 37239
10214 30180 40394
34438 99920 134358
22694 75478 98172
12828 38692 51520
18518 53712 72230
19333 63021 82354
13473 40259 53732
16965 53383 70348
13157 35882 49039
8415 25613 34028
20850 61367 82217
16350 47250 63600
23325 76686 100011
4256 13241 17497
16483 54581 71064
11743 33025 44768
15131 46006 61137
5511 17829 23340
23015 75016 98031
13352 42921 56273
4756 12685 17441
43142 127797 170939
38048 115181 153229
18657 76805 95462
15298 53054 68352
11560 34527 46087
12246 40217 52463
13570 38323 51893
19113 57127 76240
24831 79893 104724
22930 62693 85623
37361 105555 142916
11841 35521 47362
39386 109976 149362
8574 24991 33565
14385 45051 59436
4549 13314 17863
12971 39228 52199
29519 95821 125340
10942 30166 41108
4165 13183 17348
