27687 16925 44612
17038 10187 27225
32580 20518 53098
37624 24723 62347
33055 22113 55168
31337 18511 49848
17825 13550 31375
14347 8651 22998
25119 13961 39080
44593 30624 75217
13101 8906 22007
42335 23303 65638
43576 30185 73761
31681 18743 50424
15368 9000 24368
22967 14325 37292
46207 31365 77572
15339 10609 25948
31617 23669 55286
47431 32187 79618
57351 44147 101498
25563 16890 42453
19168 12303 31471
15471 10439 25910
23490 18699 42189
34631 24717 59348
12349 6465 18814
8932 4744 13676
9535 5745 15280
34843 20875 55718
47174 27494 74668
22717 14808 37525
44263 32713 76976
30121 19987 50108
27969 20792 48761
24673 17355 42028
39348 25939 65287
17101 10375 27476
34480 26512 60992
35233 24243 59476
7626 4481 12107
30691 23349 54040
22278 15131 37409
24923 17354 42277
9663 207 9870
14874 9785 24659
43860 31287 75147
12029 8237 20266
31856 21238 53094
26923 21137 48060
12632 8357 20989
53560 35418 88978
13784 7644 21428
16534 10548 27082
22276 15334 37610
10344 5985 16329
71952 48543 120495
65455 41366 106821
47126 34410 81536
37309 27494 64803
11961 8369 20330
41501 23471 64972
10528 5575 16103
22472 13439 35911
16364 11532 27896
6941 4450 11391
9800 6340 16140
83842 57757 141599
14125 8496 22621
8164 4752 12916
9265 5814 15079
5957 4132 10089
42229 26584 68813
90124 58997 149121
22683 15534 38217
25389 16189 41578
30919 20785 51704
41355 27627 68982
41974 26737 68711
37744 28151 65895
11570 7932 19502
37216 27180 64396
65021 43220 108241
47427 31763 79190
51611 36481 88092
49438 31797 81235
22994 16732 39726
11884 7743 19627
33375 23152 56527
35797 24226 60023
54814 39829 94643
26769 18296 45065
21244 12017 33261
30377 22338 52715
9528 4699 14227
17486 10824 28310
23087 16605 39692
33231 21770 55001
23177 11630 34807
82757 55779 138536
27708 19327 47035
24522 19498 44020
37355 23086 60441
26969 18670 45639
9407 4990 14397
28498 21711 50209
24126 18524 42650
14443 8899 23342
30785 21804 52589
51923 37136 89059
21715 14239 35954
23201 15168 38369
40620 35729 76349
39383 26326 65709
5781 3556 9337
55213 40615 95828
31478 20915 52393
8148 4541 12689
4588 2854 7442
20927 14319 35246
7282 3647 10929
15590 9428 25018
21090 16163 37253
19851 14089 33940
40679 24670 65349
5765 3915 9680
15320 13102 28422
19393 13390 32783
77407 55341 132748
35167 23166 58333
29867 22454 52321
33732 20903 54635
46729 36425 83154
35660 28665 64325
30058 20764 50822
17660 12531 30191
30985 20636 51621
8595 6045 14640
20391 15766 36157
17440 10874 28314
8159 5458 13617
6191 4772 10963
11403 6305 17708
30554 22526 53080
35928 21975 57903
12744 8544 21288
23707 15432 39139
36215 21469 57684
21264 11442 32706
30707 21065 51772
49968 30618 80586
8632 3948 12580
16494 10080 26574
43771 32074 75845
14711 8775 23486
52972 43843 96815
47408 32070 79478
15433 11235 26668
23272 18796 42068
75434 52319 127753
31833 20769 52602
49523 32602 82125
25213 15712 40925
25176 21273 46449
24598 15938 40536
8382 6745 15127
17936 13216 31152
39787 26611 66398
32072 20174 52246
39599 23772 63371
16678 12478 29156
29627 24416 54043
9803 5415 15218
16741 10209 26950
14839 8203 23042
8858 5691 14549
16195 10952 27147
43628 28096 71724
33932 21614 55546
20982 14039 35021
10621 5821 16442
36510 22858 59368
11953 5519 17472
18996 15217 34213
25922 16368 42290
16156 10625 26781
16492 8938 25430
10681 9121 19802
13307 9597 22904
24432 16466 40898
15840 11861 27701
33502 21959 55461
13275 8467 21742
23174 16419 39593
32999 21730 54729
38615 26777 65392
24728 15413 40141
44733 30455 75188
16464 9329 25793
62142 42327 104469
47707 25758 73465
27585 21559 49144
18252 10201 28453
35818 24965 60783
19765 13248 33013
31631 22787 54418
9433 5633 15066
21140 15392 36532
25579 19763 45342
19241 11194 30435
50425 32017 82442
72750 45561 118311
17172 13995 31167
43978 29864 73842
23373 15467 38840
8763 4967 13730
19624 14492 34116
47920 29471 77391
32186 23097 55283
22236 12284 34520
23615 15231 38846
54426 35993 90419
37735 22222 59957
18466 13957 32423
41042 19809 60851
37530 26635 64165
36797 25339 62136
68050 46767 114817
39547 10678 50225
14640 8893 23533
6682 4041 10723
16805 9103 25908
22038 15078 37116
21771 17425 39196
36842 27854 64696
23867 17163 41030
15070 9040 24110
38067 26374 64441
22159 13870 36029
6961 3923 10884
35732 23042 58774
82643 58922 141565
30591 18172 48763
11627 9908 21535
34863 22933 57796
34089 23702 57791
10326 5519 15845
40200 24165 64365
19558 12299 31857
23495 16317 39812
69321 48553 117874
14020 10286 24306
40052 26117 66169
14075 9171 23246
8416 4267 12683
37482 22325 59807
36478 25137 61615
40029 30899 70928
47000 32102 79102
39558 24632 64190
51781 36541 88322
26430 18515 44945
49316 38502 87818
16148 9299 25447
12055 9888 21943
33025 23205 56230
73830 55746 129576
70356 48188 118544
28007 17350 45357
21856 16990 38846
16324 12495 28819
21307 13628 34935
68231 43008 111239
42079 30535 72614
22832 17326 40158
34457 22667 57124
34945 24987 59932
24255 17199 41454
32539 23869 56408
22866 16826 39692
16205 9599 25804
39699 23695 63394
30385 20083 50468
43419 32988 76407
8753 5123 13876
32629 24929 57558
19279 12043 31322
27461 21351 48812
11005 6940 17945
44191 32444 76635
26010 18645 44655
8108 4980 13088
79716 51256 130972
71411 50117 121528
36727 26825 63552
31882 22472 54354
21655 14646 36301
23590 18474 42064
25423 16609 42032
38087 23596 61683
48221 34541 82762
41805 24137 65942
72251 45146 117397
23100 17746 40846
71116 46116 117232
16597 10062 26659
23830 17931 41761
9119 5025 14144
23545 16190 39735
51813 41435 93248
17240 11312 28552
7502 4226 11728
