11723 50729 62452
6912 29872 36784
13958 59804 73762
15615 65697 81312
14336 61144 75480
12119 58431 70550
7620 35086 42706
7879 27775 35654
10421 42759 53180
18909 84593 103502
5875 25027 30902
17418 70448 87866
18308 83519 101827
12491 53333 65824
6187 26661 32848
9930 41254 51184
20745 86200 106945
6669 31360 38029
13582 59679 73261
19728 87613 107341
25572 117239 142811
11538 50489 62027
7909 35439 43348
6291 29467 35758
9921 42526 52447
13618 66764 80382
4778 18963 23741
3697 15054 18751
3758 15808 19566
14803 63245 78048
18927 74340 93267
10397 39369 49766
17590 74979 92569
12183 52848 65031
13108 54130 67238
11444 47309 58753
15714 68006 83720
6641 28465 35106
14659 63814 78473
13825 57348 71173
3383 13000 16383
12815 56747 69562
10648 47472 58120
11548 45508 57056
8626 2260 10886
6099 27843 33942
17609 83236 100845
5886 21149 27035
13111 59992 73103
11669 53333 65002
5537 22833 28370
24712 102467 127179
5686 23250 28936
8362 29149 37511
9349 39603 48952
4720 19546 24266
28645 131516 160161
27895 119900 147795
21333 91839 113172
16238 75128 91366
4619 21695 26314
15865 65469 81334
4692 18504 23196
10115 39405 49520
8197 35251 43448
2822 12327 15149
5263 20168 25431
35684 157168 192852
6211 27398 33609
3492 15658 19150
4128 18581 22709
2589 11345 13934
17217 74562 91779
38192 156119 194311
10992 45762 56754
10677 42769 53446
13050 58234 71284
17465 73375 90840
15498 68415 83913
14919 69357 84276
4928 22484 27412
15116 72367 87483
28643 116958 145601
22779 88713 111492
25376 98066 123442
21820 82835 104655
9729 42260 51989
6171 22524 28695
13567 59415 72982
16634 70474 87108
24531 104661 129192
12514 50490 63004
9270 38219 47489
13299 61273 74572
3847 17187 21034
7368 32663 40031
9043 36887 45930
14352 62781 77133
8249 35282 43531
33927 147037 180964
12799 50798 63597
10680 46745 57425
16790 67273 84063
11732 52399 64131
3577 15372 18949
13017 54888 67905
10680 51463 62143
5881 26017 31898
12466 59394 71860
22550 97463 120013
8471 37351 45822
9693 39372 49065
16753 76532 93285
17000 75308 92308
2819 11041 13860
23571 107780 131351
12645 60058 72703
3321 13636 16957
2168 11319 13487
10912 38147 49059
3409 13247 16656
5982 27544 33526
9132 40614 49746
8304 37456 45760
16273 71588 87861
2586 12429 15015
6446 30215 36661
8853 36388 45241
37553 150770 188323
15014 67929 82943
13059 57084 70143
14770 64870 79640
21330 85043 106373
15302 75631 90933
13657 53243 66900
7994 33589 41583
13252 54626 67878
3774 19574 23348
10288 42644 52932
7139 30069 37208
3093 16604 19697
2679 12517 15196
4407 18035 22442
13100 57125 70225
14835 65338 80173
5729 25816 31545
10856 46369 57225
15378 68761 84139
9538 35033 44571
14338 62505 76843
21291 85373 106664
3483 14281 17764
6368 28714 35082
20189 81189 101378
6037 26279 32316
22895 109526 132421
21315 89663 110978
6446 29323 35769
11565 47422 58987
31401 145750 177151
13321 56271 69592
21783 92989 114772
11092 45605 56697
11519 51617 63136
10737 43301 54038
3479 16789 20268
8576 34475 43051
17658 73632 91290
12985 53510 66495
16386 66836 83222
7259 31361 38620
12667 59807 72474
4488 18220 22708
5375 26665 32040
5947 25882 31829
3695 14509 18204
7587 32533 40120
18590 76630 95220
13090 63159 76249
9906 40251 50157
4601 20317 24918
16021 63997 80018
5899 21092 26991
7548 34385 41933
11713 47405 59118
6734 31059 37793
6373 26695 33068
5349 22427 27776
5633 23938 29571
9944 47643 57587
5917 37178 43095
14931 61675 76606
6069 22978 29047
10209 42214 52423
13094 61115 74209
15519 68360 83879
10783 44201 54984
20164 79015 99179
6337 27723 34060
26372 117460 143832
20117 82945 103062
12363 57140 69503
7311 32363 39674
15499 63697 79196
10232 37759 47991
13227 56625 69852
3915 17023 20938
11565 42027 53592
11215 52767 63982
7710 31429 39139
18398 79013 97411
31011 126247 157258
6542 33396 39938
18967 77760 96727
10447 43089 53536
3956 16349 20305
8270 37414 45684
19747 81321 101068
14024 61071 75095
10392 39033 49425
10205 42097 52302
24491 100069 124560
14900 65831 80731
7932 34765 42697
10512 45493 56005
16816 71547 88363
16821 67849 84670
26077 125756 151833
6929 32682 39611
5580 27956 33536
2697 13277 15974
6906 29172 36078
9981 42781 52762
11104 47376 58480
16750 77330 94080
12030 48607 60637
6228 26080 32308
15883 71830 87713
9641 37682 47323
2584 14195 16779
13215 59426 72641
31642 146112 177754
12997 57686 70683
5467 25581 31048
14988 65082 80070
14633 58892 73525
4233 17261 21494
15873 68478 84351
8116 35193 43309
11350 49435 60785
31523 133159 164682
5868 29192 35060
16923 76289 93212
5525 25481 31006
3337 13599 16936
15619 61612 77231
14789 66048 80837
16441 72656 89097
21325 92597 113922
15191 68251 83442
23146 101493 124639
12561 51684 64245
19219 97689 116908
6659 29578 36237
5330 24066 29396
13759 61731 75490
31392 135162 166554
28100 125659 153759
12943 52355 65298
10323 46681 57004
6544 32014 38558
7591 32663 40254
27554 114514 142068
18500 80308 98808
11085 47242 58327
13840 61617 75457
14178 66414 80592
15003 45663 60666
14208 65198 79406
9330 41844 51174
7101 29259 36360
16498 69292 85790
11873 54048 65921
18103 79923 98026
3627 15757 19384
12637 63299 75936
8936 37090 46026
12882 56631 69513
5047 21634 26681
20313 81930 102243
12282 54341 66623
3691 14270 17961
32136 148751 180887
28911 126761 155672
15186 63030 78216
12874 64014 76888
9344 39758 49102
11289 47099 58388
11464 47215 58679
16195 68723 84918
21405 96328 117733
18274 72404 90678
28484 124396 152880
9856 40714 50570
30813 123081 153894
7814 27874 35688
12740 48701 61441
3209 15415 18624
10895 45958 56853
25990 117470 143460
8164 32141 40305
2977 12870 15847
