8131 58318 66449
4423 32301 36724
9472 71457 80929
11900 77208 89108
9057 66399 75456
8531 62498 71029
5048 42901 47949
4611 31310 35921
7861 49728 57589
12767 98900 111667
3578 29862 33440
11613 81104 92717
12610 95238 107848
7854 63626 71480
3846 30376 34222
7727 54872 62599
12856 98356 111212
4534 34287 38821
8800 68732 77532
14090 103631 117721
15587 131840 147427
7412 56173 63585
5742 39425 45167
4772 31605 36377
6142 52186 58328
9542 77581 87123
2934 22948 25882
2925 19411 22336
2763 21718 24481
9983 68528 78511
13571 85491 99062
6320 46947 53267
13662 89552 103214
8566 65712 74278
10096 63795 73891
8144 61149 69293
10817 78882 89699
20134 33542 53676
10312 75764 86076
9561 70862 80423
2292 15290 17582
8466 68099 76565
6891 56548 63439
7418 55504 62922
8598 4678 13276
4304 30386 34690
12464 92869 105333
3153 25207 28360
8946 68435 77381
8032 59178 67210
3667 29471 33138
16131 112260 128391
4073 27218 31291
5258 34481 39739
6894 50491 57385
2747 22620 25367
20526 153032 173558
18476 130889 149365
15088 107696 122784
10888 84429 95317
3253 26850 30103
10912 75835 86747
2654 21488 24142
6047 43371 49418
5094 39920 45014
1996 13980 15976
3168 25872 29040
23669 163574 187243
3713 31063 34776
2238 16686 18924
2631 20156 22787
2175 13251 15426
12444 85310 97754
24559 178730 203289
7051 53133 60184
6816 51179 57995
10930 62003 72933
13157 95306 108463
10370 79989 90359
10391 80290 90681
3656 23648 27304
9948 83011 92959
20319 132445 152764
12059 93460 105519
15057 113586 128643
12611 98634 111245
5905 45231 51136
3232 26680 29912
9162 66963 76125
10646 79415 90061
15989 123407 139396
7822 61009 68831
6544 46436 52980
8869 70829 79698
2268 18353 20621
4857 36498 41355
5410 46685 52095
9835 69341 79176
5647 41646 47293
23415 159826 183241
7545 61544 69089
7498 58548 66046
9752 73526 83278
8775 63200 71975
2570 17177 19747
8577 62766 71343
7284 63235 70519
4584 28324 32908
8835 69705 78540
14928 117980 132908
5775 43914 49689
6219 49127 55346
13996 90317 104313
11312 81430 92742
1590 12562 14152
17312 127539 144851
9389 71038 80427
2323 15371 17694
1269 26179 27448
5742 44951 50693
2228 15592 17820
4439 36511 40950
5939 52880 58819
5544 44235 49779
10835 74369 85204
1996 14531 16527
3969 34812 38781
5614 37942 43556
24814 174731 199545
10225 74196 84421
7943 64268 72211
10116 67680 77796
14329 109400 123729
11848 88234 100082
11194 68698 79892
11996 42047 54043
9056 61543 70599
3727 21562 25289
6100 51138 57238
4479 34393 38872
2202 16036 18238
1950 15500 17450
2722 24398 27120
8874 69339 78213
11100 78009 89109
3617 27876 31493
6672 55720 62392
9348 71495 80843
6100 44844 50944
9646 68945 78591
13732 102054 115786
2559 16616 19175
4706 34383 39089
11988 92041 104029
4217 30394 34611
15561 128799 144360
13972 101973 115945
4880 32603 37483
6780 53219 59999
19032 147691 166723
8279 64602 72881
14570 107789 122359
6921 48641 55562
6376 55938 62314
6340 50395 56735
2811 21210 24021
5602 40052 45654
11734 82135 93869
9375 65380 74755
11358 80806 92164
4721 34290 39011
7623 65526 73149
2597 24422 27019
3730 30775 34505
3719 29279 32998
3017 16556 19573
4227 34103 38330
12519 93152 105671
9378 79506 88884
6034 45154 51188
3702 21066 24768
11014 70710 81724
3412 24578 27990
5112 40272 45384
7449 57405 64854
4875 33794 38669
4359 31056 35415
3079 28354 31433
3965 31277 35242
6166 50165 56331
3975 36395 40370
8695 67285 75980
4549 26114 30663
6879 53447 60326
10231 70298 80529
10852 77326 88178
6968 49916 56884
11517 89528 101045
4339 33896 38235
19000 131925 150925
12384 95630 108014
7665 62705 70370
4523 36486 41009
9747 74077 83824
5799 41902 47701
9430 67415 76845
2677 19744 22421
7676 49360 57036
7593 60098 67691
4954 34984 39938
12952 99193 112145
19950 145161 165111
4882 39289 44171
11533 81440 92973
6300 46837 53137
2637 20404 23041
5441 42447 47888
12114 88896 101010
11347 70689 82036
5809 47905 53714
6706 45675 52381
15361 118538 133899
9773 73790 83563
6084 40601 46685
6705 52009 58714
11599 83187 94786
10842 76377 87219
19508 145994 165502
4988 38256 43244
4265 33575 37840
1858 15142 17000
5453 34493 39946
6033 47997 54030
7586 57131 64717
11564 80603 92167
6602 53469 60071
3744 28997 32741
11639 76301 87940
6986 43245 50231
2005 13564 15569
8932 70494 79426
22663 157608 180271
9040 68961 78001
3217 26155 29372
9943 71225 81168
10487 72101 82588
2798 22931 25729
11702 85036 96738
5356 36812 42168
7287 56906 64193
20099 149540 169639
4295 35512 39807
10707 81006 91713
4029 28790 32819
2515 17203 19718
10952 71922 82874
9189 71214 80403
12276 83856 96132
16431 107658 124089
10908 81458 92366
16684 118492 135176
7371 55202 62573
12513 121165 133678
4261 36279 40540
4241 29425 33666
9602 71532 81134
21455 147161 168616
18818 144907 163725
8090 62144 70234
6322 51042 57364
4329 34641 38970
5934 40772 46706
17469 129026 146495
14028 89745 103773
6760 52461 59221
9390 72048 81438
9479 76048 85527
6427 53454 59881
8825 71665 80490
7610 52160 59770
4868 36404 41272
11972 82643 94615
8527 67148 75675
11477 90982 102459
2375 18404 20779
8928 72956 81884
6180 44521 50701
8216 66594 74810
2874 24586 27460
12924 97322 110246
7423 59096 66519
3599 16226 19825
21918 164182 186100
20603 152756 173359
10717 76546 87263
8368 65698 74066
5383 41920 47303
6845 54516 61361
6791 50539 57330
10854 79068 89922
14499 113733 128232
11016 76705 87721
19183 133276 152459
6366 47838 54204
20423 143242 163665
4319 32907 37226
7653 54119 61772
2321 17621 19942
6485 50304 56789
15636 119177 134813
5045 40004 45049
2219 17788 20007
