6522 58488 65010
3485 34625 38110
7866 70816 78682
8793 75309 84102
7676 69591 77267
6745 67115 73860
4457 44876 49333
3377 34231 37608
5768 53697 59465
10416 103549 113965
2858 28540 31398
9191 85268 94459
10285 101709 111994
7025 65116 72141
3511 33300 36811
5477 51761 57238
17708 101778 119486
3512 36855 40367
7161 69533 76694
11056 103803 114859
12258 132812 145070
5705 59248 64953
4186 40817 45003
3288 35216 38504
5654 52239 57893
6979 73009 79988
2862 25111 27973
2202 19754 21956
2257 21348 23605
8351 74099 82450
10478 96768 107246
6076 53679 59755
10748 93321 104069
6425 65159 71584
7013 67494 74507
5801 56766 62567
10531 91248 101779
4104 37263 41367
8251 78407 86658
7767 72047 79814
1986 16071 18057
6586 71266 77852
5400 57106 62506
6223 59340 65563
7696 6287 13983
3474 34044 37518
10268 104893 115161
2556 26635 29191
6620 69234 75854
6730 66272 73002
3423 30675 34098
13781 127463 141244
3043 30370 33413
3498 31775 35273
5237 50462 55699
2751 26084 28835
21686 161528 183214
13505 130866 144371
12097 105957 118054
8837 86109 94946
2633 27004 29637
11014 89848 100862
2314 20594 22908
5131 48255 53386
4360 43253 47613
1815 20248 22063
2400 22251 24651
18209 163379 181588
3411 34560 37971
2443 19421 21864
3242 26109 29351
1504 15127 16631
9050 88022 97072
18336 191554 209890
6473 58389 64862
5477 50231 55708
7054 61980 69034
10204 99345 109549
8756 88230 96986
8974 85383 94357
2455 24743 27198
7447 87857 95304
17684 137133 154817
11497 109011 120508
11479 110233 121712
11245 110796 122041
5456 50671 56127
2697 27626 30323
6647 60928 67575
8484 80385 88869
14929 142311 157240
6823 65321 72144
4822 47994 52816
7386 72286 79672
2159 19432 21591
4370 38704 43074
4225 43905 48130
7326 64728 72054
4549 45556 50105
17503 159459 176962
5816 59731 65547
6031 61248 67279
7896 77513 85409
6353 64805 71158
2424 17570 19994
6869 66245 73114
5651 57986 63637
3365 32213 35578
7522 72645 80167
12570 126447 139017
4763 46166 50929
5764 51873 57637
9070 88453 97523
9327 90655 99982
1240 13310 14550
13843 119460 133303
8180 74856 83036
1912 18443 20355
1085 11259 12344
5337 48260 53597
1768 15603 17371
3508 34247 37755
5189 54619 59808
4054 43061 47115
8761 73046 81807
1723 14470 16193
3299 36110 39409
5071 40239 45310
17500 173230 190730
8618 81020 89638
7506 73322 80828
7508 67336 74844
12137 112123 124260
7975 84445 92420
7416 63107 70523
5055 47108 52163
6973 67808 74781
2025 22862 24887
5241 51248 56489
3515 35172 38687
2088 17916 20004
1517 16066 17583
2356 22013 24369
8049 74174 82223
8144 78264 86408
3131 31732 34863
5439 55850 61289
7404 70954 78358
4354 42314 46668
7669 70495 78164
11109 99647 110756
2340 17649 19989
3670 31994 35664
10158 90850 101008
3041 29401 32442
12971 139774 152745
12833 104173 117006
3865 37139 41004
6430 59396 65826
15477 158506 173983
6659 66892 73551
13169 114441 127610
7283 49772 57055
5832 63539 69371
5970 53391 59361
6776 19791 26567
4238 40310 44548
10056 87006 97062
7494 65939 73433
9513 86958 96471
4157 33525 37682
6501 75447 81948
2407 22988 25395
2795 33490 36285
2996 30130 33126
1764 17911 19675
4042 39486 43528
10624 93908 104532
6998 67399 74397
5005 52367 57372
2369 25257 27626
18674 75658 94332
3003 25526 28529
4272 44750 49022
6359 62662 69021
3447 36864 40311
3157 34712 37869
2709 29901 32610
2861 31726 34587
5234 54977 60211
3748 40881 44629
7675 72467 80142
2924 29389 32313
5514 52705 58219
7424 68879 76303
8980 86081 95061
6175 52431 58606
10500 97814 108314
3410 34042 37452
15352 128452 143804
10054 92690 102744
6882 71292 78174
4046 37712 41758
8147 70641 78788
4212 42756 46968
6495 65275 71770
2467 22236 24703
5884 55524 61408
6036 61318 67354
4149 39758 43907
10987 102527 113514
16345 147034 163379
3815 40996 44811
9596 86996 96592
5635 48859 54494
2379 21060 23439
4313 47484 51797
10211 96475 106686
8993 68944 77937
5791 48167 53958
5470 49363 54833
13059 116772 129831
8567 79459 88026
4162 41343 45505
5866 53441 59307
9051 80736 89787
8560 83080 91640
16143 147486 163629
3850 39770 43620
3136 33695 36831
1528 16613 18141
3514 33725 37239
6094 52465 58559
6127 51969 58096
9324 90897 100221
6204 55036 61240
3708 30167 33875
9067 81406 90473
5801 49827 55628
1513 15090 16603
7474 69375 76849
19122 178909 198031
7276 69789 77065
2542 29808 32350
11528 77449 88977
8661 73833 82494
2230 24890 27120
9216 83201 92417
4899 42444 47343
5474 55156 60630
19748 141402 161150
3667 33514 37181
9089 92485 101574
3100 30735 33835
2081 19673 21754
8138 67481 75619
8196 72856 81052
9071 90112 99183
10829 101088 111917
7867 78304 86171
12217 112407 124624
6452 61416 67868
10820 125823 136643
3476 34759 38235
2663 30463 33126
7252 69325 76577
17939 159215 177154
16946 144402 161348
6806 66094 72900
5362 50217 55579
3424 34571 37995
5009 42422 47431
15180 142825 158005
11228 95908 107136
6275 56641 62916
7156 71359 78515
8779 80506 89285
6364 58288 64652
7439 66802 74241
5815 55295 61110
3805 35233 39038
9708 86774 96482
7257 65197 72454
10837 98216 109053
2199 19032 21231
7996 70853 78849
4657 42728 47385
6187 64728 70915
2685 25996 28681
9537 94782 104319
6427 59684 66111
2004 17632 19636
17762 168570 186332
17013 160945 177958
8029 76672 84701
6472 67738 74210
4463 46092 50555
8168 59851 68019
6121 58636 64757
9191 85259 94450
12697 117473 130170
10039 88253 98292
19363 138931 158294
5405 50312 55717
18564 143809 162373
3997 35988 39985
6365 57348 63713
1841 18196 20037
5460 53020 58480
13329 138574 151903
3656 38646 42302
2010 15351 17361
