29974 11638 41612
18439 6904 25343
34751 14163 48914
37159 16698 53857
34783 13672 48455
31036 13320 44356
19709 8800 28509
15712 6112 21824
23760 9797 33557
48198 21818 70016
14749 6087 20836
44001 19579 63580
50598 21513 72111
32259 13356 45615
16539 5935 22474
24896 9680 34576
51476 23264 74740
16822 7638 24460
33760 15082 48842
51854 21877 73731
67081 33563 100644
29024 12440 41464
20446 8864 29310
16922 8203 25125
25096 13055 38151
36683 18710 55393
13076 4030 17106
9452 3565 13017
10190 3688 13878
39376 16141 55517
48019 20478 68497
27636 11785 39421
46598 24487 71085
35362 13550 48912
32748 17224 49972
26585 13906 40491
41850 16762 58612
16980 8003 24983
41627 19561 61188
36384 16884 53268
8157 2846 11003
33088 15931 49019
24629 11957 36586
27623 13500 41123
10261 105 10366
16452 6832 23284
47949 22381 70330
13144 5861 19005
32221 16544 48765
32228 15600 47828
13690 5632 19322
59977 24311 84288
14404 5611 20015
16577 6326 22903
24256 11016 35272
10789 4204 14993
76307 34565 110872
69890 30530 100420
55777 26393 82170
39655 20869 60524
11084 5703 16787
42327 24500 66827
11234 3724 14958
23644 8754 32398
18631 9081 27712
7946 3031 10977
11114 5242 16356
94162 41514 135676
15761 5799 21560
9463 3535 12998
10761 5162 15923
8278 2995 11273
46706 19541 66247
95438 42930 138368
25236 11958 37194
24146 11179 35325
34001 15524 49525
43925 20647 64572
39242 18122 57364
38452 19262 57714
12395 6738 19133
40865 19158 60023
72264 32712 104976
47468 22554 70022
54367 25611 79978
52677 22631 75308
24234 10645 34879
13313 5995 19308
34695 14946 49641
38462 17335 55797
65860 31478 97338
31890 13140 45030
22573 9973 32546
34737 16684 51421
9556 3135 12691
18974 8097 27071
22097 10585 32682
36616 16039 52655
20646 7788 28434
89116 37362 126478
31881 13657 45538
29212 12753 41965
39709 18515 58224
30109 14681 44790
8584 3143 11727
36372 14548 50920
25508 13543 39051
16050 6950 23000
32077 17691 49768
58041 25086 83127
22867 9669 32536
24111 10668 34779
54272 23766 78038
40375 17418 57793
6627 2386 9013
63531 27477 91008
35327 16221 51548
8418 3150 11568
5281 2085 7366
22373 10275 32648
8214 2620 10834
16252 7465 23717
55043 12915 67958
23176 10115 33291
41728 18891 60619
7099 2491 9590
15586 9588 25174
23342 9091 32433
88770 41629 130399
39139 18377 57516
32224 16378 48602
36447 15397 51844
53647 24702 78349
39750 22591 62341
34372 14758 49130
20680 14763 35443
31686 14452 46138
11623 4891 16514
25532 12246 37778
18618 7421 26039
9154 3709 12863
6937 3597 10534
11845 4469 16314
32815 15283 48098
36950 16068 53018
16773 6082 22855
25551 10785 36336
38263 16861 55124
22112 8038 30150
34685 15647 50332
54495 22164 76659
8363 3859 12222
16323 7160 23483
43746 21459 65205
15813 6311 22124
56793 31935 88728
52907 21805 74712
17624 7973 25597
25783 12519 38302
81445 38440 119885
32641 13672 46313
53394 23065 76459
23988 10893 34881
26122 15589 41711
26174 10701 36875
9778 4899 14677
20626 10103 30729
45166 19158 64324
35388 15394 50782
39770 18287 58057
17995 8576 26571
32516 17197 49713
10276 4328 14604
15262 7058 22320
16075 5406 21481
8499 2898 11397
18249 7909 26158
46787 21365 68152
33609 16455 50064
22745 10460 33205
11005 4102 15107
38990 16692 55682
12110 4336 16446
20462 10027 30489
28293 11947 40240
17058 7679 24737
17264 6408 23672
10705 6631 17336
15335 6450 21785
27071 13338 40409
17622 10087 27709
35378 15485 50863
14354 5660 20014
23155 11037 34192
36588 14628 51216
43200 17819 61019
25879 10677 36556
45499 20568 66067
17250 6540 23790
70652 32887 103539
50518 18756 69274
30271 14082 44353
21380 7939 29319
39248 17422 56670
20747 9781 30528
33816 15175 48991
10860 4111 14971
23349 10973 34322
27977 13658 41635
20111 8468 28579
48640 22177 70817
75983 33821 109804
18616 8646 27262
46386 21562 67948
37470 10980 48450
9892 4163 14055
20925 10416 31341
48166 19433 67599
34575 15284 49859
23924 8944 32868
23964 10711 34675
56724 24158 80882
39323 16741 56064
19884 8907 28791
26049 12251 38300
43652 20485 64137
38382 18073 56455
70082 33172 103254
18697 7767 26464
15793 7054 22847
6813 3216 10029
26483 6782 33265
24327 10843 35170
23976 11556 35532
44364 20762 65126
25478 13099 38577
14648 7645 22293
41482 17425 58907
24444 10419 34863
7496 2352 9848
36267 16030 52297
89311 41939 131250
32882 12713 45595
12831 7867 20698
38224 16497 54721
39157 17563 56720
10451 3867 14318
43563 18880 62443
21527 8733 30260
27215 11153 38368
77961 36091 114052
16217 8040 24257
42182 20326 62508
15405 6180 21585
9416 2891 12307
38523 14751 53274
37176 16344 53520
44821 22681 67502
53184 22783 75967
41965 20442 62407
52872 25937 78809
30968 12631 43599
47040 25552 72592
16849 7063 23912
13846 6839 20685
35546 16781 52327
80821 39760 120581
76867 35770 112637
32432 13387 45819
24187 13169 37356
17184 9306 26490
19209 9762 28971
71097 28912 100009
43444 21625 65069
25968 12656 38624
34265 14634 48899
35952 17005 52957
25527 11509 37036
37155 17060 54215
23106 11478 34584
17340 6328 23668
43591 18341 61932
34278 13967 48245
47942 25908 73850
8494 3711 12205
34180 16931 51111
22964 8546 31510
30387 13561 43948
11690 4665 16355
46021 21696 67717
30123 12457 42580
9064 3264 12328
93018 39949 132967
78769 35184 113953
42268 19048 61316
33409 15802 49211
21956 9721 31677
24981 14054 39035
25596 11051 36647
41918 19221 61139
53334 24704 78038
44740 18295 63035
74467 32844 107311
22664 10502 33166
77232 35223 112455
16809 7098 23907
27825 13369 41194
9157 3937 13094
25356 11547 36903
63461 31208 94669
19098 9112 28210
8416 3370 11786
