24877 22564 47441
15844 13597 29441
32755 29989 62744
47538 30230 77768
29519 26028 55547
26241 25067 51308
17605 17414 35019
12944 11975 24919
20500 17636 38136
44218 40191 84409
13273 10517 23790
36231 31220 67451
39074 40483 79557
25757 24415 50172
13753 10852 24605
18754 16583 35337
43385 43696 87081
15485 14326 29811
29857 28176 58033
48610 41482 90092
50176 59138 109314
22267 24726 46993
18328 17289 35617
14110 13201 27311
20531 21668 42199
30737 31845 62582
10493 8948 19441
9297 6452 15749
8541 7786 16327
31208 27386 58594
41225 35476 76701
23006 19035 42041
38081 39083 77164
26340 26102 52442
24025 27404 51429
21748 21136 42884
35553 31053 66606
16582 13135 29717
36148 37290 73438
32473 30549 63022
6892 5831 12723
26909 30211 57120
20953 20388 41341
20946 21512 42458
9244 387 9631
13044 13171 26215
40489 40308 80797
11231 9382 20613
27903 29425 57328
23061 27707 50768
11748 11591 23339
48395 45789 94184
11370 9926 21296
15857 12312 28169
21145 19914 41059
10686 8668 19354
68811 65373 134184
57052 55380 112432
44996 47719 92715
34860 35004 69864
9689 10617 20306
35601 30042 65643
10246 8151 18397
19864 16816 36680
16533 15989 32522
6370 5895 12265
9913 9409 19322
77335 69464 146799
13008 10408 23416
7248 6442 13690
10314 9177 19491
5042 5930 10972
35891 32165 68056
80576 79019 159595
20996 22104 43100
21060 20266 41326
27614 28229 55843
38099 38134 76233
34347 33361 67708
34860 36593 71453
10292 10226 20518
32885 32378 65263
53393 54490 107883
41294 39704 80998
45993 48301 94294
45228 39682 84910
20702 19595 40297
10931 10814 21745
30293 27898 58191
32578 33335 65913
51238 50978 102216
23176 24076 47252
20260 15777 36037
25797 28710 54507
7667 6173 13840
18613 13654 32267
17765 18588 36353
30529 26019 56548
19439 15748 35187
73820 68185 142005
23053 25561 48614
25576 24942 50518
34719 31878 66597
21506 23718 45224
8205 6455 14660
24472 27120 51592
21597 23868 45465
12821 11489 24310
25367 27931 53298
47817 46768 94585
17930 18261 36191
21004 18373 39377
42804 41049 83853
35525 31326 66851
4917 4461 9378
47790 46497 94287
30742 28767 59509
7884 5190 13074
3896 4001 7897
18317 17278 35595
7241 4919 12160
13272 11860 25132
17975 19355 37330
18718 18115 36833
34063 34387 68450
5177 4705 9882
14712 14311 29023
18217 17817 36034
73490 74981 148471
32987 32202 65189
27461 26710 54171
32370 29058 61428
41647 43785 85432
34781 40247 75028
26857 25735 52592
17299 16322 33621
26654 26496 53150
8055 8238 16293
19088 20944 40032
16042 14240 30282
7397 6858 14255
6706 5518 12224
11001 8691 19692
28063 29434 57497
33362 27762 61124
12170 11445 23615
20358 19741 40099
30715 29585 60300
20115 16948 37063
30233 28510 58743
44622 37164 81786
7332 5187 12519
14303 13843 28146
40965 41030 81995
12696 11351 24047
49972 55256 105228
44279 40009 84288
15142 13619 28761
23073 21218 44291
70774 69948 140722
29805 27362 57167
44114 41226 85340
20350 19143 39493
21568 24810 46378
23795 19270 43065
8204 9096 17300
17854 18691 36545
40215 36722 76937
28310 24077 52387
36400 30784 67184
13867 14433 28300
25619 30528 56147
9589 7677 17266
12241 11596 23837
13234 11673 24907
7214 6297 13511
16638 14234 30872
42076 37189 79265
27297 29650 56947
20985 19607 40592
9581 8519 18100
34301 30859 65160
10134 7518 17652
18362 18792 37154
21855 22217 44072
16336 12775 29111
14274 11809 26083
10599 11477 22076
11959 12683 24642
20988 20228 41216
14666 16551 31217
30910 28542 59452
11673 10854 22527
19966 19884 39850
32423 27398 59821
34456 33322 67778
21264 21076 42340
40566 38462 79028
15275 12387 27662
56882 56627 113509
43640 37372 81012
24245 25887 50132
16351 14551 30902
33209 31873 65082
17856 17950 35806
26052 26121 52173
8897 7332 16229
20582 21819 42401
22466 23809 46275
16983 15297 32280
40615 41658 82273
63255 61931 125186
15884 18471 34355
40010 39016 79026
21495 22228 43723
8196 6402 14598
17911 18674 36585
41031 37057 78088
30898 28887 59785
21217 18513 39730
20367 18937 39304
47091 43441 90532
35912 33818 69730
18205 17193 35398
19869 22798 42667
35259 33828 69087
35960 32523 68483
60633 60362 120995
15842 15224 31066
14765 11425 26190
6695 4899 11594
14280 11318 25598
20650 20370 41020
21753 21883 43636
35470 36397 71867
20918 21702 42620
11601 11381 22982
36206 32833 69039
21308 18700 40008
6381 4803 11184
31360 28571 59931
71965 72989 144954
26196 25487 51683
9719 10601 20320
31796 30156 61952
31129 27715 58844
9231 7574 16805
37277 34608 71885
19775 16807 36582
23063 24763 47826
71380 66877 138257
12291 14341 26632
35825 34755 70580
13021 12294 25315
7366 5743 13109
33517 28191 61708
31847 29402 61249
37327 37621 74948
44779 42450 87229
34597 32705 67302
45755 44665 90420
23991 23615 47606
41936 47924 89860
14836 13779 28615
10298 11107 21405
31350 29074 60424
75482 72083 147565
65548 63698 129246
24995 24111 49106
19124 20914 40038
15421 17125 32546
16753 15056 31809
54226 51780 106006
35900 37290 73190
20589 24203 44792
29192 31418 60610
32454 32774 65228
19996 20474 40470
31630 31538 63168
19380 19542 38922
15049 13224 28273
35522 31908 67430
25241 25644 50885
43112 43627 86739
8313 6852 15165
28112 29686 57798
18707 15953 34660
24309 26377 50686
11407 8807 20214
40390 41279 81669
22698 22524 45222
7115 5645 12760
78370 71537 149907
65654 60502 126156
34427 32090 66517
25763 30587 56350
19100 18285 37385
20659 23043 43702
24476 21807 46283
34538 31508 66046
42008 42880 84888
38945 33353 72298
65300 60151 125451
20916 19547 40463
62355 61407 123762
15271 14185 29456
22751 22830 45581
7297 6579 13876
21532 21827 43359
47906 53470 101376
16120 15939 32059
6691 5432 12123
