15829 40217 56046
10394 23564 33958
20057 48587 68644
21533 52682 74215
18597 43150 61747
17487 42281 59768
11468 31357 42825
8671 19469 28140
17246 33291 50537
26921 69354 96275
8133 20129 28262
31401 52297 83698
27137 70969 98106
18108 42881 60989
9163 19959 29122
14668 32641 47309
34936 68522 103458
9586 24624 34210
20123 47082 67205
31979 74998 106977
33427 93375 126802
16016 40008 56024
10775 26762 37537
8942 22708 31650
13262 35508 48770
19864 52409 72273
7191 14882 22073
5048 11507 16555
5785 13019 18804
21948 51145 73093
28092 60183 88275
13976 32611 46587
25489 65109 90598
18402 46994 65396
18709 44117 62826
18381 39372 57753
23443 51755 75198
9927 25931 35858
20891 56618 77509
20005 48938 68943
4306 10053 14359
17747 45178 62925
13728 36014 49742
15550 37510 53060
8470 1311 9781
9369 20339 29708
26239 70323 96562
7672 18341 26013
18057 47410 65467
16488 42520 59008
8038 18661 26699
34780 81442 116222
8253 19247 27500
10088 21771 31859
13958 31656 45614
7154 16059 23213
45868 110058 155926
38886 92570 131456
30330 80460 110790
22763 57788 80551
6905 16835 23740
21181 52150 73331
6291 13372 19663
13868 29689 43557
9910 26777 36687
3886 10040 13926
6915 17349 24264
50526 121497 172023
9445 20764 30209
4839 11352 16191
6738 16152 22890
4105 8803 12908
36077 57234 93311
49759 118576 168335
14108 36776 50884
13087 32659 45746
18984 42889 61873
25498 66676 92174
20766 51839 72605
21202 56842 78044
6711 17635 24346
22685 54252 76937
37199 88360 125559
32487 68030 100517
30705 83996 114701
34443 71000 105443
14499 34822 49321
7650 18284 25934
19665 47110 66775
21269 56281 77550
33015 83316 116331
16110 40524 56634
14109 28724 42833
17596 48299 65895
5364 12755 18119
10817 26279 37096
12572 32272 44844
19119 44711 63830
12383 27252 39635
49516 115230 164746
16855 42010 58865
15931 42730 58661
21882 53288 75170
15996 48023 64019
6059 11710 17769
16114 41667 57781
14934 41082 56016
8763 19703 28466
18357 48946 67303
33388 81060 114448
10985 28831 39816
16446 30341 46787
25507 66373 91880
23385 62550 85935
3774 8261 12035
33557 84008 117565
18618 47449 66067
4703 11433 16136
2882 7795 10677
12863 30369 43232
4679 9182 13861
9269 21569 30838
15518 34027 49545
11960 29566 41526
23458 54019 77477
3696 9373 13069
8329 24601 32930
11607 29024 40631
46544 124563 171107
21017 53533 74550
18838 45653 64491
20955 51813 72768
31951 76992 108943
23099 62883 85982
17598 45166 62764
11099 27804 38903
18466 44684 63150
5957 15376 21333
14043 37748 51791
9432 25014 34446
4657 12326 16983
3562 9668 13230
7106 15813 22919
18958 66340 85298
21314 51148 72462
9070 21179 30249
14790 34213 49003
20452 51792 72244
13052 29190 42242
21171 46426 67597
31672 67310 98982
5486 9788 15274
9075 21655 30730
26228 65151 91379
8815 18443 27258
30557 87516 118073
32019 68213 100232
10385 23971 34356
14552 37915 52467
41741 113756 155497
17378 43471 60849
31175 70540 101715
14437 32268 46705
15696 44682 60378
15030 34372 49402
5361 15088 20449
11718 30579 42297
25553 62951 88504
18789 44585 63374
36728 54983 91711
9682 23756 33438
16922 49023 65945
7304 14774 22078
8017 20992 29009
8489 19826 28315
4576 10565 15141
9609 25910 35519
26943 66265 93208
19738 47975 67713
12925 31137 44062
6163 14518 20681
21424 51800 73224
7327 15570 22897
11764 30991 42755
15559 39699 55258
9492 24857 34349
9006 18443 27449
6588 19753 26341
7713 20965 28678
15150 34248 49398
9342 28332 37674
18201 46872 65073
7365 17013 24378
13345 33140 46485
19855 48135 67990
23338 57128 80466
14305 35828 50133
27489 64798 92287
9872 22645 32517
36916 96421 133337
33714 72536 106250
16156 45354 61510
10499 24719 35218
20102 46719 66821
14011 30350 44361
17879 44118 61997
8593 14386 22979
13895 36217 50112
14711 37263 51974
10360 25126 35486
25895 65358 91253
40577 100372 140949
9947 27411 37358
25629 62274 87903
15015 35284 50299
5507 13074 18581
10945 30792 41737
31061 67955 99016
18041 46529 64570
15928 31684 47612
15574 35673 51247
45210 78257 123467
22085 56672 78757
11707 28957 40664
14444 36781 51225
25608 55769 81377
22570 55751 78321
39143 114505 153648
9573 25190 34763
8137 20563 28700
4013 9245 13258
9668 21376 31044
14157 32559 46716
12843 34062 46905
23487 64716 88203
14789 38230 53019
8390 18560 26950
22636 54096 76732
14101 32017 46118
3853 9995 13848
20228 52796 73024
46697 117466 164163
18594 44813 63407
8341 18608 26949
23340 50020 73360
20052 47400 67452
6615 14891 21506
24071 60109 84180
11926 28647 40573
15030 38400 53430
43444 105539 148983
8873 23171 32044
26992 61845 88837
9086 20262 29348
5270 10680 15950
21743 49694 71437
21635 54844 76479
23372 63416 86788
32625 75359 107984
21001 54040 75041
31372 77397 108769
16686 39982 56668
27840 85265 113105
8810 22789 31599
8017 20766 28783
19066 46984 66050
43248 110126 153374
41644 104423 146067
19817 40937 60754
12393 34243 46636
9534 25377 34911
11711 27249 38960
38294 89870 128164
26284 67959 94243
18490 38896 57386
20120 46832 66952
21666 57421 79087
14501 38842 53343
19205 50058 69263
15378 34704 50082
9348 20879 30227
24185 57452 81637
17921 43974 61895
26210 66112 92322
4741 11932 16673
18426 50317 68743
11713 30122 41835
17354 46173 63527
6708 15802 22510
28080 68935 97015
15414 38362 53776
4781 12400 17181
50666 121341 172007
44624 103407 148031
23067 54421 77488
17259 47664 64923
13930 32906 46836
14052 38234 52286
17253 35060 52313
22489 52055 74544
27747 75749 103496
23788 54636 78424
42054 97245 139299
15840 31368 47208
47768 98848 146616
9601 24170 33771
14960 37663 52623
5073 13514 18587
13534 36062 49596
35607 89647 125254
10903 26643 37546
4297 12149 16446
