2712 66169 68881
1876 38820 40696
3219 76897 80116
4136 86845 90981
3290 76839 80129
2783 70515 73298
2185 46937 49122
1998 34525 36523
2415 56900 59315
4090 103639 107729
1666 30694 32360
3845 93913 97758
4301 102034 106335
2769 71250 74019
1505 33947 35452
2178 55264 57442
5222 109419 114641
1547 39492 41039
3188 74878 78066
5153 117186 122339
5749 141379 147128
2453 64045 66498
1836 45155 46991
1487 35523 37010
2474 58716 61190
3651 83703 87354
1371 27423 28794
1044 19921 20965
1399 22535 23934
3339 78297 81636
5124 95745 100869
2648 55233 57881
4626 100100 104726
3688 73578 77266
2915 68656 71571
2612 63892 66504
3942 87543 91485
1771 43847 45618
4046 87997 92043
3348 74886 78234
744 17784 18528
3413 77847 81260
2455 58957 61412
2607 65722 68329
4144 14120 18264
1776 36085 37861
4467 112080 116547
1288 27913 29201
3367 75197 78564
2800 66337 69137
2041 30031 32072
5797 132767 138564
1566 33389 34955
1952 36284 38236
2908 54509 57417
1390 27559 28949
7769 171990 179759
6022 145699 151721
5624 127682 133306
4912 90243 95155
1724 28166 29890
3726 89602 93328
1076 23568 24644
2562 54602 57164
1792 45767 47559
766 17000 17766
1753 27084 28837
9024 194652 203676
1324 35965 37289
907 20719 21626
1783 25630 27413
1411 14853 16264
3884 94916 98800
9700 190894 200594
2568 59546 62114
3129 54781 57910
3087 71935 75022
4594 104151 108745
3377 85925 89302
3734 90669 94403
1177 29742 30919
3690 96932 100622
6418 144079 150497
8959 115582 124541
5343 130909 136252
5308 115586 120894
2352 52163 54515
1207 32936 34143
4188 73030 77218
3715 85909 89624
5944 136020 141964
2771 65360 68131
2685 53357 56042
3053 77330 80383
838 22644 23482
1614 40750 42364
2376 52105 54481
3405 77937 81342
2043 47785 49828
8831 190223 199054
3641 66383 70024
2840 63827 66667
3534 93062 96596
2834 68331 71165
1490 21297 22787
2954 66320 69274
2666 64066 66732
1809 32350 34159
2774 74358 77132
5055 133048 138103
2115 47513 49628
2339 56539 58878
4612 105068 109680
4258 98034 102292
1016 13863 14879
5852 134275 140127
3594 79611 83205
865 24950 25815
628 13635 14263
2146 58634 60780
748 16671 17419
2206 35065 37271
1932 52853 54785
1837 50846 52683
5204 88500 93704
584 14045 14629
1658 38298 39956
2168 42325 44493
8557 202942 211499
5076 86050 91126
3754 79302 83056
3295 81305 84600
5000 108466 113466
3462 96525 99987
2767 73260 76027
1803 46373 48176
2785 61985 64770
918 23963 24881
2605 52124 54729
1517 36614 38131
801 21180 21981
899 18152 19051
1145 25913 27058
3067 75904 78971
3160 73567 76727
1717 33283 35000
2301 52431 54732
3159 73075 76234
2106 50013 52119
3144 72676 75820
4757 110315 115072
1549 17509 19058
1825 33672 35497
4866 107165 112031
1328 29420 30748
5787 147980 153767
4900 101944 106844
1857 39647 41504
2777 64926 67703
6614 174183 180797
2973 75783 78756
6909 123237 130146
2648 52680 55328
2819 62933 65752
2487 56715 59202
1039 21317 22356
1801 44289 46090
4469 96983 101452
3303 72978 76281
4097 93768 97865
2180 36280 38460
2514 71643 74157
1075 26665 27740
1227 32164 33391
1451 35193 36644
744 20079 20823
1874 39853 41727
4830 103670 108500
3304 79034 82338
2508 51384 53892
1154 24688 25842
3798 91878 95676
1440 27521 28961
2454 51492 53946
2586 64901 67487
1794 40512 42306
1392 34436 35828
1180 31193 32373
1891 30958 32849
2607 57068 59675
1681 40643 42324
3421 83534 86955
1324 30183 31507
2487 56191 58678
3126 78067 81193
4345 94986 99331
2578 60538 63116
4943 103212 108155
1515 36340 37855
7284 137904 145188
4419 102509 106928
2733 70685 73418
1683 43266 44949
3292 76885 80177
1910 51616 53526
2938 66865 69803
1022 25881 26903
2400 59567 61967
2850 66916 69766
2047 46463 48510
4501 105067 109568
7213 160190 167403
1553 45635 47188
4995 100447 105442
2253 52623 54876
1259 21970 23229
2387 53509 55896
5424 107460 112884
3284 77643 80927
2503 53654 56157
2574 59709 62283
5749 123892 129641
3736 90783 94519
1875 46610 48485
2681 63456 66137
4194 95263 99457
4308 94804 99112
7594 160592 168186
1916 40919 42835
1337 39145 40482
655 15797 16452
1685 41000 42685
2249 54801 57050
2580 58840 61420
3764 95227 98991
2554 61047 63601
2039 31828 33867
4350 98091 102441
3153 56460 59613
632 16258 16890
3244 83333 86577
7868 187888 195756
3067 69065 72132
1144 29893 31037
3595 79885 83480
3444 77109 80553
1497 24090 25587
4184 90462 94646
2276 44945 47221
2717 59727 62444
7052 152522 159574
1731 38571 40302
3565 93800 97365
1663 33060 34723
1074 21054 22128
3901 81633 85534
3460 86666 90126
4062 97490 101552
5249 113060 118309
3745 89935 93680
5708 126099 131807
2554 62242 64796
4249 128647 132896
1923 37024 38947
1202 31723 32925
3029 74019 77048
8488 171626 180114
7186 157311 164497
3115 64834 67949
2258 54667 56925
1581 38368 39949
2284 47015 49299
6714 148522 155236
4162 101550 105712
2919 59861 62780
3662 78885 82547
3868 87317 91185
2707 60977 63684
2971 77968 80939
2570 60972 63542
1634 35877 37511
3869 93732 97601
2983 72952 75935
5248 105971 111219
1279 19951 21230
3986 76006 79992
2271 49133 51404
2906 73069 75975
1215 29571 30786
4828 108517 113345
2725 65308 68033
937 20520 21457
8515 194538 203053
6958 156249 163207
3890 84484 88374
3308 79662 82970
2201 52627 54828
3128 57206 60334
2785 63980 66765
4052 88401 92453
6073 124417 130490
4645 95611 100256
8878 158965 167843
2165 52835 55000
7314 156386 163700
1655 38160 39815
3013 69838 72851
848 20094 20942
2601 65837 68438
5643 134450 140093
2222 43964 46186
746 17938 18684
