33471 7733 41204
18277 4524 22801
37499 9717 47216
42319 10779 53098
36526 9267 45793
33535 8419 41954
20929 6104 27033
16394 3919 20313
28606 6167 34773
51729 14753 66482
16140 3833 19973
44009 10744 54753
52536 13580 66116
35313 8741 44054
17450 3647 21097
25319 5986 31305
54438 14558 68996
19053 5286 24339
39323 11537 50860
57618 15849 73467
72700 21057 93757
32361 9945 42306
21347 5579 26926
20583 5343 25926
26936 8247 35183
39543 11635 51178
12781 2953 15734
10136 2454 12590
10708 2167 12875
40494 9596 50090
48179 12492 60671
26355 6508 32863
48778 15345 64123
34347 8195 42542
32025 10914 42939
29230 7521 36751
40810 11702 52512
19227 5143 24370
38801 12415 51216
39629 10750 50379
8164 2123 10287
36450 9994 46444
26843 6779 33622
30611 8065 38676
9109 57 9166
17936 4659 22595
51203 15523 66726
13586 3603 17189
37141 12617 49758
34218 10166 44384
15334 4039 19373
68689 16203 84892
16216 3893 20109
17673 6850 24523
25549 6427 31976
12092 2853 14945
85278 23812 109090
80157 20318 100475
60922 17042 77964
43826 13680 57506
12557 4066 16623
43913 10722 54635
10990 2416 13406
23968 5933 29901
20445 5800 26245
8487 2246 10733
12035 3294 15329
96213 26439 122652
15835 3475 19310
9204 2336 11540
11350 2936 14286
6993 2205 9198
47526 12098 59624
100361 28459 128820
29077 8030 37107
24737 6347 31084
35579 10278 45857
48777 13123 61900
43304 11243 54547
43506 13631 57137
13378 3254 16632
41109 11873 52982
73873 20524 94397
53926 14052 67978
61454 17153 78607
53616 14469 68085
24469 7683 32152
16326 3593 19919
36031 11033 47064
42672 11584 54256
69514 18843 88357
31316 8299 39615
23370 5513 28883
35216 10566 45782
9669 2183 11852
19834 5277 25111
23136 5993 29129
37398 9911 47309
24316 8311 32627
93581 30033 123614
33466 8950 42416
30797 8107 38904
42537 10936 53473
30215 10280 40495
9195 2475 11670
33273 10914 44187
28386 9280 37666
16979 3955 20934
34577 10614 45191
65119 18601 83720
22895 6696 29591
25155 5988 31143
47549 17255 64804
46190 11789 57979
6279 1719 7998
67149 16997 84146
37196 10524 47720
8878 2218 11096
5710 1433 7143
25241 6961 32202
8541 2226 10767
17670 5959 23629
24162 8198 32360
21285 6407 27692
41291 11888 53179
7119 1850 8969
17219 5252 22471
22931 5915 28846
92616 25664 118280
42144 11360 53504
34432 12399 46831
45982 9964 55946
55426 17745 73171
43265 14554 57819
34724 9085 43809
21924 6493 28417
33541 10049 43590
10863 3314 14177
25891 7443 33334
19313 5042 24355
9073 2766 11839
7920 2237 10157
12038 3016 15054
35070 10535 45605
40230 10696 50926
15894 4142 20036
27281 6595 33876
40115 10649 50764
22797 5697 28494
37217 10669 47886
54611 12753 67364
9324 1940 11264
18858 4280 23138
50326 15046 65372
15805 4208 20013
63791 21180 84971
57070 13835 70905
17871 4300 22171
28134 8343 36477
86941 24231 111172
35102 9550 44652
58240 15546 73786
24767 6157 30924
29908 9827 39735
26093 6132 32225
10559 3202 13761
24100 6736 30836
48034 13003 61037
37557 7715 45272
44805 11552 56357
17512 5305 22817
34009 11779 45788
11651 2318 13969
15791 3839 19630
17171 3853 21024
8375 1859 10234
19510 5493 25003
50295 12725 63020
35679 10662 46341
24488 6467 30955
11416 2608 14024
41433 12044 53477
11854 2224 14078
21634 6738 28372
31568 7180 38748
16913 4662 21575
15389 3908 19297
14172 4398 18570
14470 3994 18464
26008 7552 33560
17047 6298 23345
35637 12861 48498
14639 3713 18352
26344 7086 33430
38658 9435 48093
42802 10624 53426
26470 6550 33020
50870 13808 64678
18248 3660 21908
76485 23106 99591
50782 12171 62953
31581 10049 41630
19718 5782 25500
40488 10913 51401
22568 6280 28848
36741 9782 46523
11541 4152 15693
25715 7376 33091
31104 8661 39765
22686 5413 28099
54234 13982 68216
81019 23370 104389
19478 6428 25906
52832 14485 67317
28081 7865 35946
10657 2557 13214
23477 7359 30836
61299 13192 74491
38992 10673 49665
24690 6255 30945
23901 5576 29477
59700 14962 74662
39940 9903 49843
21465 5328 26793
26455 8220 34675
42329 12692 55021
39245 13930 53175
69885 20470 90355
18687 4425 23112
15455 3532 18987
7297 1755 9052
16130 3277 19407
24495 6943 31438
23466 6649 30115
46381 12861 59242
29390 7767 37157
17449 4253 21702
50318 12639 62957
26053 6512 32565
7418 1576 8994
36695 11205 47900
93975 28953 122928
37066 8209 45275
13117 4139 17256
39148 10390 49538
40079 11533 51612
12059 2672 14731
42087 11181 53268
23095 5708 28803
29707 8085 37792
81547 25286 106833
15794 4412 20206
45816 13411 59227
17076 4375 21451
8507 1727 10234
41269 9711 50980
41681 11279 52960
43721 13123 56844
55020 13337 68357
42647 11898 54545
60781 16390 77171
33373 8800 42173
52059 16333 68392
18048 4653 22701
15031 4933 19964
37475 11080 48555
87349 28366 115715
83508 23389 106897
32529 7894 40423
26066 8281 34347
16759 5316 22075
20854 6105 26959
69972 17824 87796
50511 16029 66540
27548 7757 35305
36504 10192 46696
44356 11990 56346
27516 7379 34895
38119 11088 49207
24438 7504 31942
18245 4184 22429
45736 11203 56939
35917 9771 45688
52133 16761 68894
9797 2337 12134
37103 11165 48268
23685 5722 29407
31690 9812 41502
11913 2773 14686
52082 13797 65879
31384 8753 40137
9599 2571 12170
98199 24715 122914
83330 22314 105644
41197 11839 53036
37783 10873 48656
24791 5981 30772
25367 8269 33636
27604 7538 35142
43932 11749 55681
53813 14695 68508
46861 11918 58779
82539 22878 105417
24242 7205 31447
78571 23382 101953
18065 4532 22597
30681 8935 39616
9814 2465 12279
29875 7356 37231
69612 20930 90542
21553 5311 26864
8877 2257 11134
