20031 32037 52068
13237 18658 31895
24200 43970 68170
25841 44089 69930
23910 39253 63163
20242 35156 55398
44872 24209 69081
9986 15587 25573
18102 29048 47150
32638 57462 90100
9090 14727 23817
31410 46968 78378
32082 55004 87086
20135 34462 54597
11494 17281 28775
17584 27109 44693
35779 59007 94786
11175 21254 32429
22269 39588 61857
38198 63649 101847
40065 79169 119234
18804 33859 52663
13298 22277 35575
10090 18120 28210
16271 29655 45926
23482 41632 65114
7927 11267 19194
6738 9762 16500
7169 10833 18002
24067 39824 63891
32023 49213 81236
15950 27190 43140
32939 56260 89199
22324 37712 60036
19781 37028 56809
18869 33002 51871
26627 46714 73341
12424 20245 32669
23577 45713 69290
25213 42534 67747
5406 8078 13484
20960 41828 62788
16180 29459 45639
18689 31029 49718
9085 721 9806
10662 17482 28144
34484 61395 95879
8925 15250 24175
21556 38802 60358
20018 39398 59416
9493 14506 23999
37806 65731 103537
10178 15916 26094
11598 19523 31121
17159 27488 44647
7811 11673 19484
52971 96352 149323
46959 78668 125627
35312 65102 100414
25678 47732 73410
8200 14934 23134
27448 45373 72821
8040 11587 19627
17719 25895 43614
12608 22618 35226
4729 8340 13069
7518 12990 20508
63588 101642 165230
10892 16982 27874
6461 8955 15416
7218 11072 18290
4479 8472 12951
30643 48385 79028
64974 107804 172778
16939 29593 46532
16943 29623 46566
22920 36093 59013
31699 53876 85575
26217 46560 72777
24737 46709 71446
9080 13944 23024
24708 46506 71214
42798 75934 118732
36566 58766 95332
37880 70526 108406
38489 57687 96176
17776 29338 47114
8859 15373 24232
22156 37921 60077
25400 44173 69573
39839 73052 112891
19440 35587 55027
15211 22132 37343
19372 37864 57236
7442 9178 16620
13153 20741 33894
14941 25610 40551
22855 40042 62897
15899 23475 39374
57080 92607 149687
19396 37008 56404
18418 33553 51971
27356 41824 69180
16726 35491 52217
6950 9771 16721
19539 36607 56146
16650 33874 50524
11900 15132 27032
21233 40654 61887
36917 65996 102913
13765 24931 38696
18740 25475 44215
32581 57988 90569
29819 48481 78300
4128 6968 11096
40157 74282 114439
26216 40731 66947
5818 7933 13751
3281 6098 9379
16833 27415 44248
5260 8000 13260
11276 17868 29144
15713 28728 44441
15481 24562 40043
26449 45935 72384
4733 7921 12654
10908 19947 30855
14399 24190 38589
56916 103560 160476
31016 50057 81073
20131 37264 57395
22661 37598 60259
37993 65424 103417
26450 52701 79151
19546 34970 54516
13869 25941 39810
20266 34284 54550
7298 12053 19351
15642 30524 46166
12068 19891 31959
7112 9096 16208
4639 8201 12840
7659 11147 18806
20536 36098 56634
24447 40882 65329
9285 14971 24256
15977 27089 43066
25721 43401 69122
17399 23571 40970
25231 41771 67002
36123 55296 91419
6175 10281 16456
11814 21774 33588
33695 54665 88360
10482 16595 27077
40320 82660 122980
36446 58231 94677
12425 20741 33166
17175 31347 48522
54788 96011 150799
22144 39382 61526
36302 58928 95230
19603 28505 48108
17578 35299 52877
18082 29028 47110
6495 10930 17425
14641 24751 39392
31005 51456 82461
22279 37234 59513
30578 48657 79235
11994 18864 30858
20673 42465 63138
8191 12522 20713
10229 17571 27800
12461 15401 27862
5773 8634 14407
12759 18910 31669
33816 54603 88419
20866 42066 62932
16255 25894 42149
8448 12522 20970
25188 42393 67581
9299 11740 21039
16757 26263 43020
20396 33751 54147
11162 18700 29862
10066 16347 26413
9042 20880 29922
8804 18978 27782
17242 28923 46165
10904 23322 34226
23712 42823 66535
9098 15338 24436
17331 30652 47983
31209 40024 71233
28317 48086 76403
17178 30633 47811
34152 51154 85306
12152 18185 30337
44803 76061 120864
35810 56599 92409
19014 37476 56490
13413 20986 34399
26203 42457 68660
15254 25824 41078
21001 36870 57871
7603 11537 19140
16862 30558 47420
17696 35973 53669
13321 21970 35291
34057 58666 92723
47442 85799 133241
11873 22284 34157
31974 51124 83098
17603 29352 46955
7252 11028 18280
16492 28471 44963
35753 55121 90874
22723 41929 64652
18071 25018 43089
17016 28172 45188
38870 68543 107413
26511 46897 73408
14990 25216 40206
17565 32592 50157
30499 46752 77251
26039 45430 71469
47032 83730 130762
12487 21317 33804
10222 17305 27527
4944 8213 13157
11757 18521 30278
17243 26743 43986
15751 30678 46429
27618 48082 75700
16419 31426 47845
9641 17395 27036
27870 48526 76396
18070 26461 44531
4470 7389 11859
24195 42488 66683
55575 103446 159021
22322 37307 59629
8463 16644 25107
24868 41718 66586
26575 40736 67311
8183 12579 20762
29881 51133 81014
17109 23567 40676
17097 33885 50982
49845 85123 134968
10328 20752 31080
28518 51212 79730
9697 18136 27833
6077 7966 14043
24322 39504 63826
25534 45855 71389
28781 53655 82436
36675 60045 96720
25586 43921 69507
38347 70342 108689
18887 34014 52901
32948 66479 99427
12009 19350 31359
9059 17316 26375
22415 40956 63371
50345 88308 138653
48553 86640 135193
20519 34723 55242
15342 28830 44172
10493 19546 30039
13759 22800 36559
47275 80976 128251
32038 57893 89931
17470 33314 50784
23510 41200 64710
26556 48212 74768
18204 31054 49258
23641 43951 67592
15615 29601 45216
11398 17521 28919
31251 48240 79491
20202 36566 56768
36008 59991 95999
6584 9784 16368
20629 39741 60370
15042 23576 38618
20229 38466 58695
8333 13718 22051
32672 55308 87980
18227 32461 50688
5841 8880 14721
57413 95659 153072
49796 89298 139094
25431 43212 68643
22157 40535 62692
14732 27078 41810
16725 32730 49455
17391 31670 49061
27857 46907 74764
36896 66260 103156
32510 47838 80348
50385 87702 138087
17836 26565 44401
49399 84002 133401
12020 19266 31286
18134 33741 51875
6194 10508 16702
17404 31284 48688
40273 80555 120828
12744 22449 35193
5399 8740 14139
