11400 60738 72138
5813 36646 42459
11721 68319 80040
12161 72420 84581
10400 61769 72169
9648 60597 70245
9843 40053 49896
4705 30479 35184
7310 42078 49388
14449 94743 109192
4111 28131 32242
12653 79323 91976
12898 90238 103136
10080 61201 71281
4889 27821 32710
7934 45524 53458
15926 99637 115563
5752 35147 40899
11920 67203 79123
15996 100734 116730
18304 125232 143536
9634 53536 63170
5677 38072 43749
5058 30221 35279
7976 53037 61013
11090 68083 79173
3281 21724 25005
2644 17789 20433
3037 19816 22853
12160 70223 82383
13598 81023 94621
8547 48436 56983
13163 81567 94730
9715 61421 71136
10402 58475 68877
9182 60730 69912
12310 72922 85232
6179 34959 41138
12137 71916 84053
11644 70082 81726
3201 15556 18757
10748 67539 78287
8533 48986 57519
10152 51044 61196
8073 3885 11958
5241 31956 37197
15168 92093 107261
4759 25341 30100
9759 68325 78084
10162 61202 71364
4349 27960 32309
19244 113922 133166
4678 29048 33726
8421 31970 40391
7131 43812 50943
3547 22740 26287
23509 149987 173496
20524 129611 150135
17563 104789 122352
13459 77989 91448
3712 23432 27144
14581 70504 85085
3285 21650 24935
7778 46549 54327
6941 35699 42640
2669 16048 18717
3565 23192 26757
26046 156210 182256
5082 28094 33176
2507 17073 19580
3811 23851 27662
2105 13076 15181
12531 76216 88747
28732 181571 210303
8518 50195 58713
8429 48555 56984
10648 63874 74522
13069 87831 100900
12903 76077 88980
13056 79975 93031
4352 26726 31078
12496 78859 91355
22126 123901 146027
15123 90629 105752
17338 129253 146591
16240 99566 115806
7055 43905 50960
4378 26247 30625
10739 68613 79352
13051 74428 87479
19127 113195 132322
9575 62621 72196
7317 42063 49380
10426 67591 78017
2621 17712 20333
6094 35746 41840
6172 41242 47414
11541 67016 78557
6724 40492 47216
27875 160220 188095
9649 62264 71913
8936 52308 61244
12819 77437 90256
9429 56305 65734
2648 17712 20360
9332 59729 69061
7886 57793 65679
5443 27843 33286
10373 64821 75194
18032 118143 136175
6437 40626 47063
7532 46225 53757
13591 83493 97084
12501 79664 92165
2247 12348 14595
19773 121443 141216
11108 72493 83601
2565 16186 18751
1713 10293 12006
7078 43787 50865
3118 14637 17755
5370 31443 36813
6832 49761 56593
5987 39656 45643
13941 76587 90528
2053 13979 16032
5617 32859 38476
6685 39911 46596
25505 157708 183213
11441 68089 79530
9832 66079 75911
11434 72372 83806
15709 101402 117111
12184 80229 92413
9729 61798 71527
6655 39814 46469
10075 63372 73447
2703 20624 23327
8072 53209 61281
11172 33061 44233
2509 16362 18871
2408 13676 16084
3313 22483 25796
9792 63745 73537
11717 74392 86109
4735 29755 34490
7694 48276 55970
11112 71025 82137
7191 41359 48550
11109 65903 77012
16010 89485 105495
2581 16065 18646
5222 32559 37781
13724 84501 98225
4535 27094 31629
18500 129047 147547
15943 97783 113726
5216 32582 37798
8561 54224 62785
29678 150971 180649
10298 62823 73121
16977 100323 117300
7633 46039 53672
9372 58700 68072
7422 48669 56091
2658 18362 21020
5718 38330 44048
13353 83153 96506
9949 59953 69902
12576 78218 90794
4887 32737 37624
9129 66044 75173
3209 20689 23898
4771 32166 36937
4973 27216 32189
2429 15561 17990
5510 34047 39557
13490 88371 101861
10024 63753 73777
6124 42994 49118
3066 22334 25400
12857 73072 85929
3731 22990 26721
6231 42579 48810
10139 51779 61918
4899 32397 37296
4960 27617 32577
3483 24748 28231
4681 27315 31996
7322 49477 56799
5445 37557 43002
10218 65953 76171
4539 27760 32299
7959 49959 57918
11400 69310 80710
14851 74988 89839
8356 51489 59845
14175 92487 106662
5179 31044 36223
23114 130044 153158
15247 91990 107237
9167 63173 72340
6627 34799 41426
12708 70447 83155
6739 41417 48156
10113 63566 73679
3126 20429 23555
7837 50679 58516
8420 53148 61568
5726 34722 40448
14375 94410 108785
24379 137633 162012
5299 36317 41616
13150 83280 96430
7328 47234 54562
2736 17225 19961
5968 44103 50071
14729 88324 103053
10720 65018 75738
9075 42183 51258
7011 45871 52882
18518 109798 128316
12340 75604 87944
5928 41097 47025
9261 53437 62698
12517 77951 90468
12846 73630 86476
22359 135286 157645
5436 36977 42413
5423 30585 36008
2116 15412 17528
4832 30542 35374
7152 47608 54760
7617 50436 58053
11705 78037 89742
7731 50417 58148
4213 29013 33226
14626 74925 89551
8420 46953 55373
2326 13674 16000
10498 68549 79047
27165 162778 189943
10340 66477 76817
3742 27837 31579
12540 75498 88038
11056 66849 77905
3553 20049 23602
11514 74870 86384
6375 40089 46464
8462 56384 64846
24537 136683 161220
4585 30875 35460
11985 81742 93727
4908 27505 32413
2543 15267 17810
12751 68797 81548
12102 73930 86032
13088 87203 100291
17661 98915 116576
11813 70187 82000
17663 103043 120706
9431 56938 66369
16035 109334 125369
5581 34140 39721
4402 28298 32700
10748 62119 72867
25783 155871 181654
24278 141992 166270
10296 59231 69527
7814 48300 56114
4976 35464 40440
6406 38229 44635
22823 121299 144122
13367 91668 105035
8058 49868 57926
10699 69443 80142
12056 76000 88056
8234 50336 58570
10866 70918 81784
7876 49730 57606
5688 31897 37585
13391 77154 90545
10284 58414 68698
14351 92581 106932
2824 17696 20520
10833 68365 79198
6624 41410 48034
9419 59214 68633
3540 22908 26448
13643 91573 105216
9291 57325 66616
2639 15576 18215
29142 166985 196127
22556 142257 164813
12211 69974 82185
10385 65064 75449
6110 40955 47065
8517 50422 58939
8513 51856 60369
13233 77248 90481
15283 107942 123225
15018 79360 94378
24994 135796 160790
7614 47499 55113
23818 138788 162606
5299 30783 36082
10021 52934 62955
2498 17281 19779
7691 48833 56524
19251 124390 143641
6278 36697 42975
2798 14781 17579
