4041 66627 70668
2309 36532 38841
4939 78570 83509
5248 82137 87385
5649 72296 77945
4545 69290 73835
2495 51710 54205
2376 35368 37744
3655 55589 59244
6698 110957 117655
2019 32049 34068
5610 88156 93766
5889 106304 112193
4199 69326 73525
2657 32822 35479
3440 56938 60378
7024 117421 124445
3142 44259 47401
5071 76442 81513
6876 114834 121710
8763 150347 159110
3761 62026 65787
2702 44575 47277
2340 37634 39974
3302 56292 59594
4786 82047 86833
1543 24967 26510
1319 20851 22170
1235 22183 23418
5195 79965 85160
6443 104935 111378
3561 56935 60496
5960 99978 105938
4804 73053 77857
5090 64478 69568
3914 69875 73789
5920 86691 92611
2734 38197 40931
5287 83467 88754
5136 79121 84257
1516 17590 19106
4591 72278 76869
3498 60728 64226
4151 57534 61685
6141 10497 16638
2191 35235 37426
5591 108660 114251
1809 29692 31501
4553 72220 76773
4110 66816 70926
1967 32411 34378
8336 124441 132777
2407 31961 34368
2480 39275 41755
3302 51061 54363
1500 27709 29209
11238 170074 181312
9712 141105 150817
7881 127951 135832
5911 90867 96778
1681 28877 30558
5768 79021 84789
1600 23487 25087
4253 49255 53508
2952 47515 50467
1873 16433 18306
2042 29607 31649
11949 180121 192070
2011 36581 38592
1091 21455 22546
1215 23683 24898
907 14115 15022
5881 96650 102531
12474 198217 210691
3881 58099 61980
3865 58697 62562
4833 72598 77431
6132 96142 102274
6497 89634 96131
5805 84853 90658
1630 27954 29584
5397 93838 99235
9592 136044 145636
6848 111017 117865
8453 128191 136644
7727 114256 121983
3651 54336 57987
1702 32091 33793
4465 73105 77570
5454 83207 88661
8328 133192 141520
4921 69216 74137
2854 50376 53230
4206 73066 77272
1067 21925 22992
2623 42044 44667
2591 49243 51834
4972 71644 76616
2661 45312 47973
12647 186530 199177
4326 69896 74222
3660 61761 65421
5269 82811 88080
3801 69899 73700
1426 20013 21439
4753 64443 69196
3417 63805 67222
2091 35111 37202
4235 68807 73042
8432 133275 141707
2910 49173 52083
3166 53456 56622
6140 102251 108391
5418 94764 100182
821 15316 16137
9538 129026 138564
4929 75348 80277
1131 17862 18993
621 15188 15809
3144 53826 56970
1154 18833 19987
2185 35873 38058
2837 58219 61056
2504 45348 47852
6702 83812 90514
889 15832 16721
2296 37949 40245
2609 45534 48143
11469 185760 197229
5448 78013 83461
4273 72242 76515
5046 75183 80229
7489 117175 124664
5542 95418 100960
4435 70062 74497
2737 48643 51380
5461 66908 72369
1238 23718 24956
3125 60555 63680
2304 37543 39847
1278 21386 22664
1151 16307 17458
1722 25347 27069
5564 76441 82005
5339 83014 88353
1994 32632 34626
3436 57380 60816
5190 81612 86802
2687 49048 51735
4910 72797 77707
7393 108881 116274
1422 20135 21557
2933 35495 38428
6266 102743 109009
2087 32702 34789
8340 144508 152848
7259 111885 119144
2306 39496 41802
3603 63649 67252
9667 167813 177480
4364 68695 73059
8118 113830 121948
3710 55166 58876
3846 67215 71061
3169 53078 56247
1375 21329 22704
2548 44345 46893
5905 89954 95859
4477 70704 75181
6087 92592 98679
2453 37466 39919
4231 72095 76326
1254 24964 26218
2304 33598 35902
2201 31885 34086
1052 17825 18877
3047 39197 42244
6658 105168 111826
4643 75224 79867
2783 51079 53862
1593 25171 26764
5587 85740 91327
1845 27633 29478
2521 45634 48155
3776 60808 64584
2185 38460 40645
2009 32339 34348
1428 29935 31363
2283 29520 31803
3125 53798 56923
2223 40999 43222
5235 81082 86317
1951 31578 33529
3688 53420 57108
5577 79065 84642
5979 93821 99800
3896 61997 65893
6620 107629 114249
2646 36726 39372
10600 148504 159104
6449 102884 109333
4062 66053 70115
2667 41067 43734
5308 81426 86734
2712 46328 49040
4415 73908 78323
2249 24692 26941
3534 65347 68881
3813 65063 68876
2573 46533 49106
6887 110780 117667
10319 154019 164338
2586 41493 44079
6212 99093 105305
3320 51565 54885
1137 22746 23883
2874 49807 52681
6197 99640 105837
5234 76060 81294
3357 51060 54417
3246 57069 60315
8242 129799 138041
5499 88005 93504
3111 47429 50540
3642 59260 62902
6142 89795 95937
5851 88227 94078
10891 148152 159043
2592 43651 46243
2393 33463 35856
973 16803 17776
2380 35592 37972
3177 49364 52541
3661 55391 59052
6097 97155 103252
3787 62272 66059
2234 29953 32187
7629 92191 99820
4065 52598 56663
1237 17628 18865
5058 79703 84761
11583 182014 193597
4687 72025 76712
3951 30019 33970
5212 80492 85704
5667 77219 82886
2045 24174 26219
5789 91229 97018
2533 42753 45286
3605 59472 63077
11143 159916 171059
2233 35301 37534
5539 98272 103811
2205 33447 35652
1199 20272 21471
5810 75466 81276
5493 80233 85726
6083 92489 98572
7260 110096 117356
5888 83927 89815
8460 132960 141420
4067 64353 68420
6130 133004 139134
2448 36794 39242
1993 33558 35551
4505 79672 84177
11808 170385 182193
10420 151686 162106
4770 71723 76493
3361 57196 60557
2366 36946 39312
2966 41404 44370
10083 144695 154778
7826 100081 107907
3646 56344 59990
4504 72563 77067
5082 80835 85917
4399 60370 64769
4615 77096 81711
3456 56261 59717
2234 36221 38455
6766 89206 95972
4152 69204 73356
6449 102172 108621
1525 19603 21128
4706 75656 80362
2611 47638 50249
3824 67177 71001
1640 27262 28902
6357 112178 118535
3996 62820 66816
1237 19501 20738
13224 183618 196842
12256 155305 167561
5455 85187 90642
4552 78193 82745
2671 51424 54095
3425 56944 60369
3268 58682 61950
6126 85736 91862
7688 123340 131028
6452 92659 99111
10448 147838 158286
3634 50677 54311
11021 159706 170727
2494 39181 41675
4249 63340 67589
1636 20926 22562
4096 59026 63122
8914 135257 144171
2716 40729 43445
1514 20589 22103
