6185 92021 98206
2769 57080 59849
6427 106272 112699
9066 111605 120671
6364 93848 100212
6081 100126 106207
3589 65815 69404
2444 42332 44776
3986 67688 71674
7234 135908 143142
2353 40346 42699
7134 124712 131846
8318 152880 161198
5866 98633 104499
2671 49462 52133
4319 74967 79286
8054 159610 167664
3026 56897 59923
6676 109224 115900
8996 148352 157348
9926 187977 197903
4808 95529 100337
3829 66633 70462
2844 47516 50360
4793 84164 88957
6971 115996 122967
2017 35517 37534
1560 29158 30718
1607 28000 29607
6648 113601 120249
8063 132338 140401
4755 67202 71957
8334 135809 144143
5625 87163 92788
6182 97121 103303
4749 83180 87929
7038 122622 129660
2978 48685 51663
6562 118082 124644
6127 104236 110363
1535 24598 26133
5137 99557 104694
5421 79776 85197
5141 85985 91126
6160 10769 16929
2506 43447 45953
7202 137257 144459
2369 40279 42648
6275 108621 114896
6184 98265 104449
2391 46586 48977
10028 180187 190215
2565 44380 46945
3104 51418 54522
4333 74031 78364
1992 38438 40430
13881 236988 250869
12618 189611 202229
9326 161079 170405
6388 119327 125715
2020 39747 41767
7190 144561 151751
1946 33023 34969
4969 86040 91009
3287 67934 71221
1212 20614 21826
2087 37596 39683
15712 257041 272753
2791 43094 45885
1452 25271 26723
1569 31031 32600
1344 19304 20648
6820 114979 121799
16375 275901 292276
4556 86118 90674
4725 76487 81212
5063 87819 92882
7302 123325 130627
6579 121536 128115
6927 114255 121182
2164 41819 43983
6460 129022 135482
11582 173046 184628
8755 154963 163718
9900 165156 175056
9461 160493 169954
4412 74775 79187
2308 41297 43605
6017 103893 109910
7092 131857 138949
11381 177095 188476
5775 117118 122893
4393 63875 68268
5065 93775 98840
1588 33227 34815
2920 66931 69851
4003 60444 64447
6148 102649 108797
3383 62794 66177
14803 243872 258675
4455 87861 92316
5218 95952 101170
6558 115367 121925
5582 98091 103673
1511 25727 27238
5870 93773 99643
4537 92234 96771
2601 40425 43026
5428 95331 100759
10039 181700 191739
4172 65108 69280
3948 67461 71409
8210 150620 158830
7319 133480 140799
1064 19404 20468
10377 169810 180187
5878 108220 114098
1447 27149 28596
885 18915 19800
3688 61736 65424
2068 20792 22860
2768 49546 52314
4489 76817 81306
3441 66852 70293
6934 114750 121684
1118 19014 20132
2678 51679 54357
3750 62842 66592
14755 250094 264849
5979 100369 106348
5331 91049 96380
6381 111474 117855
9388 163626 173014
6520 137333 143853
5300 87484 92784
3316 66104 69420
5394 94820 100214
1734 28522 30256
3918 74726 78644
2723 52166 54889
1373 27288 28661
1079 19739 20818
1948 35550 37498
7495 109302 116797
5932 106332 112264
2676 58464 61140
6066 81797 87863
6625 121885 128510
3615 64881 68496
7935 103015 110950
9462 149861 159323
1457 23684 25141
2930 51635 54565
7853 125061 132914
2797 42886 45683
9358 172964 182322
9219 160693 169912
2866 55739 58605
4813 84976 89789
12313 233224 245537
5512 98046 103558
9449 147325 156774
4604 77825 82429
4850 89431 94281
5051 81198 86249
1607 27540 29147
3340 59464 62804
7255 115454 122709
5743 96714 102457
6546 116153 122699
2944 52167 55111
4894 90960 95854
1692 32210 33902
2576 46038 48614
2621 45384 48005
1326 27199 28525
3041 54848 57889
8364 143850 152214
6049 105924 111973
5460 63078 68538
1862 31813 33675
6795 120397 127192
2327 38410 40737
3597 67694 71291
5742 90931 96673
2849 55196 58045
2680 46706 49386
1870 38864 40734
2402 40350 42752
4018 74067 78085
2822 51930 54752
5558 97050 102608
2872 39892 42764
4949 85026 89975
5649 106766 112415
6818 116510 123328
4445 77913 82358
7527 134197 141724
3211 46280 49491
11813 174176 185989
7364 132221 139585
5271 100480 105751
2928 60886 63814
6780 111389 118169
3782 69204 72986
6702 99264 105966
2212 30488 32700
7270 71947 79217
5233 88797 94030
3767 58870 62637
8265 131185 139450
12729 217453 230182
3103 60818 63921
8014 136453 144467
4325 76136 80461
1494 31193 32687
3251 62022 65273
8653 148735 157388
5690 95703 101393
4454 74042 78496
4207 77966 82173
10705 181131 191836
6102 114030 120132
3298 60938 64236
4363 84929 89292
7765 133240 141005
7592 130124 137716
11742 207957 219699
2853 52504 55357
2337 48867 51204
1053 20068 21121
2837 50527 53364
4357 73308 77665
4064 69174 73238
7178 132183 139361
4999 85020 90019
2792 38596 41388
7377 130458 137835
4067 64463 68530
1327 21472 22799
5966 118534 124500
14489 258058 272547
5470 91025 96495
2094 42574 44668
6387 103329 109716
5850 100962 106812
2015 33427 35442
6795 118460 125255
3203 63356 66559
4837 83464 88301
16185 200966 217151
2475 50336 52811
6287 121225 127512
2511 42162 44673
2166 23544 25710
6109 96673 102782
6320 114623 120943
6724 120138 126862
9373 155584 164957
6393 108825 115218
9906 162005 171911
4790 78572 83362
8506 171617 180123
3391 44803 48194
2361 41762 44123
5452 101225 106677
13026 206748 219774
13435 199295 212730
5781 94107 99888
4412 75312 79724
2600 52711 55311
3609 59178 62787
11923 179575 191498
7883 140663 148546
4819 78782 83601
5370 100718 106088
6493 119184 125677
4283 75214 79497
5984 104336 110320
4121 77075 81196
2705 49925 52630
6869 141924 148793
5485 87610 93095
7577 131490 139067
1426 26093 27519
5641 103901 109542
3326 60445 63771
5454 99289 104743
1995 38835 40830
7216 137298 144514
5939 87965 93904
1247 26223 27470
13136 236389 249525
12958 221484 234442
6866 112194 119060
6366 93230 99596
3873 69588 73461
4459 78913 83372
4836 82170 87006
6809 120193 127002
8627 153427 162054
7653 126161 133814
13222 213818 227040
4146 70699 74845
12231 188772 201003
2893 51272 54165
4918 79424 84342
1515 28938 30453
4318 73448 77766
11211 191268 202479
3219 53541 56760
1405 24826 26231
