25482 40390 65872
15764 22502 38266
24827 44120 68947
30101 51634 81735
26923 46525 73448
23119 43088 66207
16576 30702 47278
10877 19474 30351
19298 31862 51160
38029 68182 106211
10979 19304 30283
33259 54107 87366
36931 69300 106231
23191 41719 64910
11932 20320 32252
18626 28119 46745
37941 70571 108512
14556 24397 38953
25747 46184 71931
42374 75254 117628
45357 100042 145399
23051 38019 61070
18250 26009 44259
11113 21377 32490
19465 37837 57302
28657 54218 82875
9550 14571 24121
8007 12021 20028
7437 13499 20936
27524 49343 76867
39421 60007 99428
20054 33018 53072
37100 66157 103257
25571 42137 67708
25405 47925 73330
22817 39418 62235
64157 53229 117386
14308 23412 37720
28230 55752 83982
31164 54088 85252
6944 10734 17678
25356 47268 72624
23925 35108 59033
20865 36171 57036
9668 749 10417
12850 21017 33867
37015 78539 115554
9738 18902 28640
32581 46909 79490
24521 44315 68836
11502 17183 28685
48314 76123 124437
12777 18223 31000
13193 21892 35085
18623 31997 50620
8831 14657 23488
58615 113679 172294
53398 96341 149739
40643 79727 120370
31302 57131 88433
9026 19484 28510
32941 50125 83066
10472 12223 22695
20044 30387 50431
14428 26062 40490
5671 10508 16179
8828 15485 24313
79540 119334 198874
11417 18322 29739
7648 12018 19666
8577 15120 23697
4642 9761 14403
34828 58328 93156
69366 133901 203267
16821 31681 48502
20293 33911 54204
23882 44896 68778
38215 65895 104110
35543 59436 94979
31476 51953 83429
9183 16474 25657
29510 56231 85741
52594 90957 143551
38497 68790 107287
41890 76174 118064
44590 70238 114828
19359 34215 53574
9343 20417 29760
25527 58110 83637
37018 52722 89740
41237 86694 127931
19943 35884 55827
18129 26771 44900
23271 46627 69898
7467 11387 18854
15024 25617 40641
17166 31005 48171
25790 44599 70389
19283 29789 49072
90786 127724 218510
27648 42028 69676
21205 38168 59373
31191 53830 85021
21290 46387 67677
7893 11816 19709
20868 44883 65751
18938 39277 58215
10902 17906 28808
24182 49083 73265
42474 85445 127919
16434 29540 45974
18811 28865 47676
34680 70383 105063
34525 59737 94262
4724 8094 12818
46448 88314 134762
26556 49887 76443
10518 9769 20287
3941 7420 11361
17320 28749 46069
6172 8358 14530
12240 22556 34796
17501 32476 49977
17055 29968 47023
31769 57716 89485
5281 9581 14862
11588 24527 36115
15524 26929 42453
64411 117609 182020
30808 54865 85673
22202 46964 69166
27625 47308 74933
41981 75772 117753
32087 64647 96734
24613 43311 67924
16596 27750 44346
25176 42614 67790
8071 15297 23368
19741 34030 53771
15202 24032 39234
6850 13165 20015
4924 11793 16717
8760 13186 21946
24536 46415 70951
30836 50799 81635
10674 19498 30172
18805 36089 54894
30744 49647 80391
16803 26810 43613
25908 47804 73712
40596 65112 105708
6710 10007 16717
12747 21956 34703
39240 67868 107108
11609 19212 30821
45254 100177 145431
39580 68106 107686
14431 24047 38478
20496 37792 58288
54745 112102 166847
26029 44944 70973
40522 70680 111202
19080 32777 51857
21836 45695 67531
20812 35882 56694
7626 13995 21621
15790 28623 44413
34826 59862 94688
25070 40530 65600
34257 54501 88758
13841 25738 39579
22318 46872 69190
8657 12956 21613
11008 20410 31418
11678 20097 31775
6437 10482 16919
12653 24250 36903
37458 59893 97351
24815 46149 70964
17273 29654 46927
8489 14396 22885
31856 49907 81763
10018 14448 24466
16417 28851 45268
21173 35962 57135
13631 25275 38906
11936 19440 31376
8906 19798 28704
9594 20147 29741
18470 33522 51992
13359 29138 42497
25923 47362 73285
10753 18393 29146
19095 36307 55402
27057 44248 71305
32534 54669 87203
20075 34434 54509
37266 60113 97379
14456 21851 36307
67808 92914 160722
37644 57216 94860
21320 45238 66558
14848 23827 38675
31199 52982 84181
17392 29482 46874
25209 46352 71561
8223 14658 22881
17808 34806 52614
20899 40119 61018
15162 25504 40666
38773 65087 103860
52533 95168 147701
13415 25898 39313
34772 58594 93366
19051 34404 53455
7820 12667 20487
19158 32027 51185
36983 62717 99700
26143 50197 76340
18819 30174 48993
18673 33393 52066
44735 73466 118201
31495 54173 85668
15922 27480 43402
19097 38756 57853
35039 59140 94179
30506 55476 85982
54314 106248 160562
21057 25080 46137
13275 20440 33715
5237 8996 14233
14042 21107 35149
17702 32631 50333
19586 34627 54213
32942 59955 92897
18082 35251 53333
10870 20584 31454
32167 57146 89313
21059 29193 50252
5243 9439 14682
28286 49757 78043
72615 128612 201227
25574 42928 68502
8884 19090 27974
30458 49765 80223
29017 50424 79441
9302 13168 22470
34671 60749 95420
16854 26472 43326
19531 36679 56210
56933 100256 157189
11974 26995 38969
31676 57412 89088
11314 20179 31493
6965 10095 17060
31376 51539 82915
33885 51965 85850
32596 62737 95333
38247 62481 100728
34486 55589 90075
37162 69099 106261
21959 39517 61476
43636 118050 161686
12522 23324 35846
10074 21142 31216
24720 47349 72069
54435 113492 167927
53058 104092 157150
20291 35360 55651
16280 36326 52606
12972 27832 40804
16438 26416 42854
50587 88677 139264
34054 64861 98915
18379 35856 54235
23639 41953 65592
29164 53252 82416
18950 34795 53745
26158 52831 78989
17618 35489 53107
12863 21188 34051
31850 58419 90269
22733 43372 66105
38463 66438 104901
6354 10722 17076
21370 45145 66515
16462 27403 43865
19957 39871 59828
9962 16418 26380
35619 66890 102509
19540 37663 57203
7310 11373 18683
70882 110123 181005
53234 104510 157744
30205 54215 84420
23328 60484 83812
15945 27774 43719
18369 36844 55213
19692 34580 54272
31263 52578 83841
37607 74039 111646
34449 54346 88795
48915 102464 151379
20996 29246 50242
53002 109113 162115
13741 22103 35844
19575 37427 57002
6898 12220 19118
17746 32011 49757
40368 83293 123661
14810 25475 40285
5728 8752 14480
