3990 85240 89230
2259 50837 53096
4979 106921 111900
5459 112938 118397
4451 99581 104032
4068 90379 94447
2796 66583 69379
1881 42407 44288
3481 69907 73388
5988 153981 159969
1873 45837 47710
5623 125665 131288
5808 155508 161316
4141 88203 92344
2078 44971 47049
3291 76360 79651
8348 161252 169600
2385 57207 59592
4887 96148 101035
6337 149362 155699
9403 180457 189860
3738 83473 87211
2456 57298 59754
2123 47596 49719
3141 74640 77781
6256 100987 107243
1422 32590 34012
1169 26980 28149
1430 34184 35614
4874 103555 108429
6332 137816 144148
3396 68976 72372
6263 140194 146457
4128 88805 92933
5330 88354 93684
3867 105924 109791
5142 122455 127597
2412 49895 52307
4833 106752 111585
5825 109210 115035
1117 25941 27058
4703 91341 96044
3652 86048 89700
4338 75039 79377
4924 12368 17292
2334 48906 51240
6370 144519 150889
1668 37461 39129
4899 103550 108449
3864 88074 91938
1919 41232 43151
7401 164539 171940
2234 49528 51762
2393 52270 54663
2896 67374 70270
1401 33531 34932
11010 241684 252694
9861 213496 223357
7733 178436 186169
5925 133638 139563
2215 45233 47448
6121 113229 119350
1290 35564 36854
3145 67780 70925
2414 56650 59064
1024 21364 22388
1436 34793 36229
12161 272058 284219
2366 44103 46469
2019 25940 27959
1257 31321 32578
964 21031 21995
5807 133867 139674
11496 290788 302284
4275 82854 87129
4486 82098 86584
4379 117083 121462
6124 190031 196155
5410 124449 129859
6203 123750 129953
1612 41958 43570
5549 130550 136099
10210 207635 217845
7155 160451 167606
8567 187286 195853
9845 171509 181354
5258 91385 96643
1769 41371 43140
5595 97537 103132
5483 136886 142369
8842 176022 184864
4454 103502 107956
2927 72645 75572
4452 109355 113807
1071 32374 33445
3052 59245 62297
2802 70747 73549
7554 117982 125536
2614 59720 62334
13009 288751 301760
4156 99064 103220
3665 92926 96591
4852 114756 119608
3566 88243 91809
1125 29273 30398
5001 94938 99939
3634 98941 102575
1903 41567 43470
4829 105367 110196
8250 170700 178950
2603 60813 63416
2838 81476 84314
5479 147657 153136
5043 147843 152886
903 24810 25713
8072 197570 205642
5192 106752 111944
2111 24481 26592
1250 19256 20506
3091 66034 69125
2153 26683 28836
2250 52721 54971
2935 76874 79809
2956 65626 68582
5542 119634 125176
1403 22886 24289
2075 48798 50873
3132 67386 70518
13575 242919 256494
5779 121606 127385
4791 106994 111785
5534 116892 122426
7421 168242 175663
4990 122279 127269
4535 102450 106985
2706 62086 64792
4063 89050 93113
1248 32884 34132
3208 82008 85216
2519 57765 60284
1207 29870 31077
1136 23573 24709
1426 36849 38275
4244 106299 110543
5181 103317 108498
1843 45784 47627
3637 85288 88925
5315 115806 121121
2933 69887 72820
4750 112859 117609
7658 141243 148901
2172 25773 27945
2385 56139 58524
8560 144726 153286
2243 44432 46675
7871 207493 215364
7444 165582 173026
2492 56338 58830
4378 78391 82769
9532 247584 257116
4780 102722 107502
11730 164720 176450
3280 79069 82349
3770 106030 109800
3176 72483 75659
1184 31422 32606
2728 68393 71121
6060 132244 138304
4818 100728 105546
5736 129838 135574
3955 67428 71383
4140 103569 107709
1314 34998 36312
2024 50108 52132
2076 46444 48520
1027 27192 28219
2421 56903 59324
6693 164283 170976
4995 102091 107086
2790 65003 67793
1652 44022 45674
6825 118864 125689
1707 40313 42020
2731 69927 72658
4138 94103 98241
2449 53454 55903
2261 47854 50115
1838 42983 44821
1866 42691 44557
3227 85503 88730
2263 55607 57870
4934 109209 114143
2307 44473 46780
3344 72314 75658
4523 108923 113446
5520 121276 126796
3774 85916 89690
6512 147603 154115
2641 51806 54447
8981 189039 198020
5930 138047 143977
3950 99172 103122
2515 60379 62894
5043 113965 119008
2595 70887 73482
4600 101857 106457
1310 34747 36057
3559 85710 89269
3855 92581 96436
2815 56074 58889
6648 151865 158513
9433 207450 216883
2549 60049 62598
5429 124228 129657
3183 76913 80096
1204 31644 32848
2790 69529 72319
6618 139930 146548
6571 110913 117484
3068 75662 78730
2962 81139 84101
8138 190300 198438
5094 114102 119196
2714 68002 70716
3270 87067 90337
5888 129589 135477
6388 129656 136044
10298 222840 233138
2275 55902 58177
2157 50419 52576
896 23890 24786
2086 45687 47773
3258 75588 78846
3588 81086 84674
5919 136248 142167
3334 82612 85946
2196 39783 41979
5824 132145 137969
3163 67897 71060
1316 24708 26024
4469 104150 108619
11264 241667 252931
4607 101555 106162
1693 40703 42396
5194 108811 114005
4976 103782 108758
1267 36953 38220
5525 130525 136050
2966 57842 60808
3688 88272 91960
10903 223124 234027
2379 48131 50510
5248 129837 135085
2212 48682 50894
1088 27393 28481
5641 111715 117356
5015 118655 123670
5891 140508 146399
6633 151529 158162
5351 127042 132393
8226 183836 192062
3803 88064 91867
6563 180022 186585
2979 49178 52157
1899 43044 44943
4888 99149 104037
10293 220209 230502
9672 206103 215775
4520 89520 94040
3215 72318 75533
2423 56437 58860
2867 67778 70645
10304 206909 217213
7056 136193 143249
3436 73268 76704
4439 107438 111877
6432 111306 117738
3234 77046 80280
4841 109344 114185
3182 80653 83835
2402 52385 54787
5965 126697 132662
4669 99433 104102
6606 150627 157233
1156 27222 28378
4682 108964 113646
2638 67636 70274
4399 100952 105351
1669 41024 42693
6320 137466 143786
3627 100873 104500
1598 25693 27291
12144 268536 280680
10422 228945 239367
5657 118704 124361
4482 109372 113854
2990 72347 75337
3238 72699 75937
3291 75977 79268
5334 133375 138709
6847 153130 159977
6032 130648 136680
10030 216365 226395
2994 70200 73194
11268 230188 241456
2274 53987 56261
4977 88709 93686
1560 30155 31715
4397 86058 90455
8440 195164 203604
3216 56810 60026
1085 24666 25751
