29038 15077 44115
17605 8748 26353
33495 18791 52286
38216 23477 61693
31970 18295 50265
31836 18098 49934
18503 13156 31659
15374 7488 22862
23819 13056 36875
46741 31131 77872
14263 8037 22300
40753 22373 63126
44210 28317 72527
31270 18098 49368
15712 7556 23268
23750 12610 36360
50599 31957 82556
16655 10330 26985
33793 20696 54489
51535 31924 83459
59775 41859 101634
25880 15372 41252
19991 11796 31787
19802 9120 28922
25105 16592 41697
33006 22861 55867
11598 5829 17427
8325 4331 12656
10123 5377 15500
34403 18782 53185
43436 24712 68148
25214 13850 39064
48974 32499 81473
33878 18266 52144
32306 23803 56109
26667 14948 41615
44813 34983 79796
22513 11460 33973
41023 32033 73056
37959 25817 63776
7144 3718 10862
29932 18809 48741
24368 14524 38892
23920 14878 38798
9510 118 9628
15376 8981 24357
44137 27852 71989
12858 7509 20367
30240 21164 51404
30059 19116 49175
13232 7611 20843
56024 31377 87401
13628 6606 20234
17837 10078 27915
28479 15832 44311
11860 6826 18686
78071 58359 136430
87022 44123 131145
52442 35704 88146
40159 27547 67706
12041 7070 19111
44378 23245 67623
10463 5104 15567
21941 11225 33166
19171 11933 31104
6524 3698 10222
11109 6540 17649
87156 52305 139461
13947 6876 20823
8891 4787 13678
10677 6130 16807
6278 3736 10014
39500 23620 63120
91355 59393 150748
23416 14129 37545
25404 14186 39590
31194 18693 49887
53517 26492 80009
39640 24647 64287
38044 24679 62723
12050 7329 19379
38107 23650 61757
61921 37875 99796
46011 29628 75639
51478 33091 84569
49551 30147 79698
23172 14772 37944
13785 8041 21826
37089 22090 59179
48242 28994 77236
62464 38926 101390
27165 19454 46619
22346 12175 34521
30103 19689 49792
11280 4055 15335
19013 9714 28727
19710 12514 32224
33026 18312 51338
19923 9810 29733
86861 48310 135171
26701 16647 43348
25432 14443 39875
35087 21636 56723
25605 17773 43378
9430 4643 14073
29071 20821 49892
25575 18796 44371
14202 7424 21626
30790 19832 50622
50409 33014 83423
19727 12196 31923
22142 13032 35174
44383 34144 78527
41775 23026 64801
6272 3336 9608
68187 37476 105663
34245 21303 55548
7752 4182 11934
5023 2998 8021
24110 14436 38546
8035 3766 11801
16418 9838 26256
23442 15121 38563
21632 13342 34974
42380 25600 67980
6096 3526 9622
16504 10900 27404
20615 13670 34285
92586 52943 145529
36706 21980 58686
31457 22767 54224
33678 19421 53099
50031 34637 84668
40449 30651 71100
33057 19953 53010
20143 13425 33568
29650 19073 48723
11041 7206 18247
21517 14303 35820
18688 10230 28918
7890 5753 13643
7147 4379 11526
12652 6305 18957
32453 21617 54070
38067 21168 59235
15002 8311 23313
25045 13869 38914
36609 21987 58596
22783 12817 35600
34552 22040 56592
51889 28670 80559
8900 3903 12803
16613 9293 25906
44686 29625 74311
15012 8076 23088
52502 40423 92925
50094 29572 79666
21940 9985 31925
25728 14997 40725
75633 51573 127206
31115 18018 49133
49714 31813 81527
25412 16354 41766
28733 24467 53200
24890 14246 39136
9453 6719 16172
18991 12344 31335
42703 27099 69802
31455 16072 47527
40292 22531 62823
17165 10428 27593
30978 22839 53817
11150 5266 16416
15464 8049 23513
36776 7006 43782
7368 3802 11170
17494 9806 27300
46596 27485 74081
33730 22126 55856
25484 13607 39091
11412 6049 17461
41533 23173 64706
12457 6008 18465
21731 14017 35748
28529 16486 45015
17115 10075 27190
19982 8585 28567
12314 9870 22184
14629 9674 24303
23059 14193 37252
17935 13114 31049
31618 18677 50295
12989 6764 19753
23892 14664 38556
35702 20514 56216
40976 24152 65128
22845 13018 35863
42674 25627 68301
17466 8271 25737
62928 41244 104172
47807 26200 74007
29814 20200 50014
16850 8969 25819
38951 22366 61317
20317 13148 33465
29071 18003 47074
11017 5601 16618
21751 13667 35418
27830 16190 44020
19980 9688 29668
46607 28510 75117
72901 44686 117587
16207 11139 27346
45667 28425 74092
22739 13512 36251
9764 6164 15928
18680 12615 31295
44064 25182 69246
31792 19954 51746
21931 11461 33392
23875 13982 37857
51167 30070 81237
36113 20475 56588
22259 13064 35323
22801 16491 39292
41441 24685 66126
38675 25870 64545
64389 42769 107158
16683 9915 26598
17095 9039 26134
7209 3496 10705
15599 9108 24707
24908 15463 40371
22731 14552 37283
37799 25102 62901
22850 14809 37659
12942 7316 20258
36533 23349 59882
21992 11578 33570
7335 4062 11397
35854 19620 55474
78901 52662 131563
31457 17237 48694
10981 8034 19015
38100 23388 61488
33930 25313 59243
11229 5728 16957
43717 23692 67409
21204 12791 33995
26610 14676 41286
75833 53943 129776
14677 9095 23772
43069 28776 71845
14279 8289 22568
7751 3621 11372
35318 18021 53339
43595 24503 68098
46566 28780 75346
53018 32815 85833
39898 24675 64573
48600 32073 80673
27358 15619 42977
46476 43377 89853
15355 8959 24314
13362 9834 23196
34562 24716 59278
71803 59585 131388
76062 49082 125144
31587 17726 49313
21772 15954 37726
15526 10682 26208
20098 12593 32691
65020 39504 104524
41151 32917 74068
22617 18256 40873
31117 22276 53393
40608 24483 65091
23257 13222 36479
33645 20531 54176
22792 15875 38667
15703 7752 23455
38735 21467 60202
32698 19533 52231
50465 34196 84661
8206 4472 12678
31449 21166 52615
19761 10802 30563
28663 17885 46548
12908 5822 18730
43645 33209 76854
29280 18146 47426
7622 4063 11685
98899 54481 153380
77422 48735 126157
39299 25960 65259
39051 21063 60114
23376 13033 36409
24953 17902 42855
24942 14648 39590
39476 24352 63828
51843 35515 87358
48156 25108 73264
80953 46369 127322
26108 14181 40289
81998 53164 135162
18788 11848 30636
28558 20702 49260
9024 5466 14490
26536 15728 42264
67335 45088 112423
19049 12341 31390
7979 4603 12582
