18251 57203 75454
9639 38669 48308
22686 70260 92946
22419 77534 99953
21481 72082 93563
19147 65329 84476
10537 48801 59338
9375 30965 40340
21321 51117 72438
45290 97485 142775
13694 29745 43439
25125 104157 129282
30189 103982 134171
18417 60856 79273
10616 31561 42177
24977 62408 87385
32248 105441 137689
10230 37804 48034
19678 64804 84482
33151 106752 139903
37050 142317 179367
16993 57026 74019
12955 38403 51358
8840 29586 38426
13671 50159 63830
18908 70874 89782
7258 21796 29054
5264 15928 21192
6564 21103 27667
19410 69507 88917
27065 86186 113251
13734 45229 58963
26692 89838 116530
17435 60211 77646
17991 65629 83620
16652 55762 72414
23067 77266 100333
10145 30432 40577
20839 78646 99485
19929 69593 89522
4953 13436 18389
18339 63372 81711
14754 51298 66052
15677 55061 70738
9525 1724 11249
9044 33641 42685
29767 98463 128230
9005 27754 36759
18762 72919 91681
18089 66161 84250
8960 27012 35972
33884 112631 146515
9117 28222 37339
11212 33379 44591
16189 49859 66048
7331 22568 29899
47307 156738 204045
39684 131040 170724
33463 113570 147033
22508 82357 104865
6839 22555 29394
24262 72414 96676
7624 21940 29564
14704 42601 57305
9701 35705 45406
4193 14152 18345
5938 22135 28073
46877 153727 200604
8989 27819 36808
4562 14612 19174
7453 20952 28405
3343 11408 14751
24869 80704 105573
49275 155610 204885
14589 50112 64701
12861 42649 55510
18298 63937 82235
32499 87087 119586
20937 70569 91506
22975 104657 127632
7117 25141 32258
21197 78824 100021
39635 116957 156592
30142 99107 129249
31166 114475 145641
29331 86921 116252
14710 46468 61178
6721 22448 29169
18429 63502 81931
21650 75986 97636
33372 117983 151355
17261 55845 73106
13198 35270 48468
17748 66479 84227
4884 17396 22280
9502 37010 46512
11915 43801 55716
17755 56716 74471
12380 38576 50956
46982 163169 210151
14898 54457 69355
14079 47684 61763
21079 72923 94002
14084 52520 66604
5712 16363 22075
14877 53258 68135
14846 56765 71611
8527 27043 35570
15976 57719 73695
27743 99136 126879
11041 36650 47691
14690 44284 58974
23405 85125 108530
22912 81657 104569
3552 12012 15564
33150 116993 150143
17663 60427 78090
4259 15737 19996
2917 10557 13474
13936 42428 56364
4676 13316 17992
13570 29151 42721
12640 43917 56557
11994 42048 54042
23609 75112 98721
3818 13119 16937
8144 30133 38277
11497 39140 50637
42278 154357 196635
21846 76171 98017
17932 66194 84126
33317 68700 102017
33771 105234 139005
20139 79960 100099
17017 57502 74519
11690 41710 53400
18480 53582 72062
5776 19892 25668
13883 46019 59902
10930 40014 50944
4513 16209 20722
3420 14464 17884
7136 21838 28974
19845 57463 77308
22299 62014 84313
8451 27217 35668
14442 49683 64125
20611 71158 91769
11655 35441 47096
18950 64548 83498
28697 85079 113776
5263 14233 19496
8339 28342 36681
24435 79050 103485
8716 26114 34830
31042 129975 161017
30008 95680 125688
10097 33429 43526
13319 45988 59307
40709 158928 199637
16342 55022 71364
29645 100429 130074
14410 47527 61937
15192 65435 80627
15496 48888 64384
5582 20160 25742
11202 46482 57684
23920 87565 111485
18987 60626 79613
22616 76991 99607
8444 29552 37996
23134 72435 95569
5992 17068 23060
9739 25972 35711
8687 26799 35486
4368 14662 19030
9515 33299 42814
26616 88024 114640
18674 69611 88285
12170 39732 51902
6874 22671 29545
23215 80235 103450
12016 23540 35556
12492 44743 57235
16637 56463 73100
10505 38156 48661
9789 29702 39491
7290 34660 41950
8011 35228 43239
17980 53720 71700
10594 39132 49726
19087 70466 89553
7705 28746 36451
20984 53520 74504
20847 66973 87820
27407 70155 97562
14583 44352 58935
29346 89119 118465
9818 29827 39645
36243 126850 163093
28204 87741 115945
14969 54997 69966
10831 34094 44925
21073 69671 90744
12099 41406 53505
19725 63890 83615
6143 19731 25874
15391 50632 66023
15659 56952 72611
10999 36122 47121
28790 95151 123941
42099 140816 182915
14826 40406 55232
28456 92915 121371
16788 50087 66875
6031 23262 29293
12792 46698 59490
31354 96827 128181
19952 68198 88150
16199 47215 63414
16310 53788 70098
34637 106761 141398
21056 71583 92639
11185 40553 51738
14812 55600 70412
25490 86233 111723
29531 83227 112758
42335 138945 181280
9560 35688 45248
8394 27583 35977
6430 12457 18887
9372 30929 40301
13395 48245 61640
13463 49443 62906
21579 78011 99590
15384 54327 69711
7595 27014 34609
23430 83806 107236
14523 43025 57548
3814 11893 15707
21468 69639 91107
47031 176463 223494
18630 62214 80844
7265 27763 35028
22244 73548 95792
20572 68794 89366
6224 18335 24559
22387 74630 97017
12290 39248 51538
15113 54321 69434
43625 143291 186916
8947 33208 42155
34919 86521 121440
10368 26815 37183
4966 13628 18594
22398 72506 94904
21636 75145 96781
24050 90005 114055
32321 109534 141855
23249 77931 101180
34030 120162 154192
16847 55362 72209
28767 117030 145797
9484 32789 42273
7698 28441 36139
19827 68996 88823
43867 156763 200630
41281 146769 188050
16413 53480 69893
14129 52704 66833
9785 37803 47588
11476 35160 46636
38008 119888 157896
24748 87448 112196
14663 51413 66076
18141 64082 82223
20460 70669 91129
15243 51775 67018
20496 70404 90900
12594 51637 64231
10617 29118 39735
29802 79085 108887
18369 62583 80952
25802 88483 114285
5025 15960 20985
18346 73411 91757
12840 42017 54857
17550 57575 75125
6524 21724 28248
24780 90716 115496
16133 55701 71834
4753 15060 19813
45354 156656 202010
41513 142262 183775
20830 72660 93490
17292 63749 81041
13221 44911 58132
15021 53376 68397
15515 51866 67381
21629 71939 93568
27358 110084 137442
24822 72949 97771
39530 130824 170354
14968 46690 61658
41523 148746 190269
9563 32779 42342
17313 50688 68001
4873 17889 22762
15186 51746 66932
33576 120405 153981
10661 37994 48655
5098 14797 19895
