23908 52599 76507
11647 31593 43240
23703 62092 85795
26449 66287 92736
22970 59742 82712
21636 54336 75972
13586 37688 51274
9341 24976 34317
16200 37962 54162
32886 86864 119750
8818 23654 32472
28407 71152 99559
32721 89745 122466
20101 55788 75889
10208 26514 36722
17755 38357 56112
32176 85634 117810
11581 31543 43124
21997 59612 81609
35305 90092 125397
38611 122753 161364
19809 47557 67366
12291 32951 45242
10528 29128 39656
14943 42563 57506
21856 66707 88563
8360 18469 26829
6748 15184 21932
7286 16659 23945
22249 61062 83311
31816 76672 108488
15740 40209 55949
29586 75541 105127
20785 56339 77124
18919 54799 73718
18243 49982 68225
26254 69393 95647
12003 29475 41478
23409 64122 87531
22900 55492 78392
5392 12914 18306
20168 58234 78402
17117 46514 63631
17540 46723 64263
9704 1388 11092
9505 26112 35617
32778 90808 123586
8450 22694 31144
20124 57663 77787
18025 52965 70990
8471 21397 29868
36643 95981 132624
8799 21752 30551
11133 30313 41446
15498 38776 54274
8287 19365 27652
50522 136982 187504
42449 121635 164084
36443 100494 136937
24434 74173 98607
8060 32934 40994
25350 64689 90039
7738 16714 24452
16874 37202 54076
11607 32302 43909
4641 12570 17211
7723 20558 28281
55066 153240 208306
9796 23978 33774
5657 14625 20282
6868 18275 25143
4371 11306 15677
28378 68976 97354
63544 161582 225126
16752 43546 60298
16877 42471 59348
20444 55569 76013
31511 80265 111776
25502 72315 97817
26513 72763 99276
7289 22366 29655
27842 68790 96632
45227 113120 158347
33943 87186 121129
36328 99398 135726
34275 89853 124128
17028 43822 60850
8621 23410 32031
21257 57381 78638
23854 66741 90595
38016 108582 146598
18805 52844 71649
16384 35886 52270
21017 61678 82695
5984 17715 23699
13207 29365 42572
14764 39358 54122
22790 58033 80823
13762 37561 51323
59012 145784 204796
18755 50724 69479
17190 48489 65679
24007 65467 89474
17471 55253 72724
5970 16070 22040
19433 54217 73650
16150 51833 67983
10087 24860 34947
19864 61273 81137
35881 102486 138367
12373 35783 48156
17523 39563 57086
28815 87624 116439
26753 72474 99227
3773 10269 14042
45924 108460 154384
21944 59970 81914
5049 13241 18290
3309 8956 12265
17467 36991 54458
4862 10866 15728
10503 27371 37874
16233 44244 60477
14117 35433 49550
25220 67785 93005
4160 10841 15001
9692 29880 39572
13102 33444 46546
56436 155577 212013
23003 62618 85621
18893 53485 72378
22571 61193 83764
32814 85373 118187
24068 78776 102844
20593 51222 71815
13476 35016 48492
19810 52636 72446
8077 17282 25359
15495 42863 58358
11627 28379 40006
5324 14744 20068
4163 11899 16062
7952 19229 27181
20764 59086 79850
25152 59376 84528
9090 24711 33801
17510 43752 61262
23994 63602 87596
15302 35068 50370
21419 56044 77463
35150 84260 119410
6064 12839 18903
13796 26324 40120
30407 74410 104817
10935 26011 36946
39333 121100 160433
36257 89039 125296
11270 29817 41087
21061 56041 77102
52818 144021 196839
20185 56472 76657
36746 97717 134463
17392 45714 63106
18914 57428 76342
18007 45669 63676
6716 20100 26816
15002 39892 54894
36834 77753 114587
23933 59098 83031
27547 72232 99779
11592 32055 43647
19720 56083 75803
7651 16676 24327
11110 31519 42629
9957 25657 35614
5272 13013 18285
10561 30091 40652
31767 73294 105061
19643 52840 72483
13576 34442 48018
7381 18397 25778
22424 56169 78593
8051 18166 26217
12534 33576 46110
16520 44073 60593
10760 29447 40207
9713 23952 33665
7377 24046 31423
7690 22976 30666
16295 44076 60371
9388 30282 39670
18895 51696 70591
8957 22833 31790
13901 44488 58389
25108 56049 81157
26943 65292 92235
17548 39426 56974
31081 82066 113147
9947 22788 32735
43060 117857 160917
37922 85903 123825
17476 59623 77099
11885 30060 41945
25303 58608 83911
14450 37926 52376
21004 56002 77006
8825 17907 26732
15802 43543 59345
21204 57508 78712
13843 35299 49142
38195 101148 139343
50338 125425 175763
11043 33154 44197
30032 85166 115198
16886 43961 60847
5835 13854 19689
12779 34001 46780
29440 77747 107187
20476 52024 72500
16568 34391 50959
16910 41975 58885
36649 117342 153991
24141 67534 91675
13214 32631 45845
14366 43092 57458
23894 63801 87695
24774 69675 94449
40073 121555 161628
11850 33223 45073
9946 25919 35865
3932 10199 14131
10494 22970 33464
14498 36133 50631
17100 44440 61540
23784 66717 90501
21977 43804 65781
8549 23593 32142
25518 70170 95688
14750 34009 48759
4753 11385 16138
20663 54799 75462
52350 151142 203492
19479 50796 70275
7282 21232 28514
21680 57068 78748
21264 53201 74465
7467 17308 24775
27283 71421 98704
13075 29979 43054
17041 46722 63763
49715 127409 177124
9763 29001 38764
24326 68329 92655
9069 22849 31918
5265 11404 16669
22635 58818 81453
23011 58215 81226
24028 71618 95646
36843 91069 127912
25824 68148 93972
35658 98373 134031
16581 43493 60074
32175 100328 132503
11858 25958 37816
8533 26638 35171
20268 56470 76738
53811 137582 191393
47429 130636 178065
17774 46397 64171
13462 39576 53038
9269 28853 38122
13168 32833 46001
43243 115020 158263
26982 75577 102559
16304 45764 62068
21304 54198 75502
21699 68393 90092
18414 45546 63960
19849 55379 75228
15287 42409 57696
10271 24175 34446
27225 68251 95476
22813 53585 76398
28939 77653 106592
5939 15417 21356
18143 54886 73029
16709 39230 55939
19103 55247 74350
7615 20008 27623
28555 79489 108044
16172 44225 60397
6055 13629 19684
49735 131177 180912
46731 148054 194785
25803 69277 95080
21906 62085 83991
13525 39511 53036
15688 46365 62053
16548 40556 57104
26411 69592 96003
34857 92467 127324
31863 71664 103527
46199 125146 171345
19213 45486 64699
40766 110373 151139
10897 29467 40364
17501 49592 67093
5250 14475 19725
19269 45846 65115
39856 114358 154214
12089 33353 45442
5045 12763 17808
