12086 59346 71432
7703 41058 48761
14932 72601 87533
15207 76070 91277
14699 73754 88453
17786 74519 92305
8749 48356 57105
8395 36312 44707
11718 54754 66472
20880 160718 181598
5966 32740 38706
19898 88696 108594
21001 129094 150095
13676 70083 83759
6235 31222 37457
10107 48099 58206
20680 101727 122407
6883 35559 42442
13630 68884 82514
24085 114453 138538
27451 150643 178094
12194 58167 70361
8936 46443 55379
6404 33454 39858
11659 59197 70856
13710 75972 89682
4821 21928 26749
3869 21769 25638
4620 22212 26832
15264 74400 89664
20366 101004 121370
12923 59450 72373
20840 102409 123249
13228 83424 96652
12779 66805 79584
12656 66337 78993
17496 89169 106665
8563 39260 47823
16143 94202 110345
14297 70113 84410
3540 17720 21260
13858 79336 93194
12433 54177 66610
15296 62687 77983
9664 5123 14787
7427 37784 45211
23715 114256 137971
5770 29381 35151
14288 80602 94890
13067 64821 77888
6387 30720 37107
27019 131114 158133
5939 28026 33965
7729 36744 44473
10693 53423 64116
5351 25636 30987
32478 176062 208540
27403 137960 165363
25484 125886 151370
18374 101140 119514
4829 25289 30118
18168 95416 113584
7139 27965 35104
11989 52408 64397
8302 45819 54121
3253 16897 20150
6454 27416 33870
35881 231924 267805
6787 34226 41013
5042 19646 24688
5708 25907 31615
3355 16608 19963
20721 122959 143680
46731 212173 258904
11979 64310 76289
13116 60094 73210
14856 78329 93185
23774 117438 141212
17980 96299 114279
17984 105479 123463
7115 29991 37106
18331 103376 121707
31642 161402 193044
24479 130129 154608
32102 130398 162500
26185 130535 156720
12117 59402 71519
6753 31728 38481
24926 84367 109293
16268 96830 113098
28440 141815 170255
12329 62094 74423
10419 46775 57194
14245 80411 94656
3756 20309 24065
8489 45154 53643
9805 47355 57160
15071 71262 86333
9056 43346 52402
38956 190917 229873
12129 67189 79318
11961 63456 75417
16212 80451 96663
11640 67262 78902
4006 18894 22900
13348 71472 84820
11771 62949 74720
6828 36764 43592
13006 74051 87057
24856 124085 148941
8583 46779 55362
10639 49877 60516
20281 112783 133064
19106 99154 118260
2712 14512 17224
27493 135330 162823
15532 77175 92707
3853 17818 21671
2331 13115 15446
10738 51823 62561
3431 16556 19987
7571 37851 45422
10836 60106 70942
9241 50535 59776
18058 89195 107253
2953 18184 21137
7223 41408 48631
9863 47197 57060
36522 189101 225623
17188 88767 105955
14908 71324 86232
16065 77482 93547
23050 120789 143839
18061 104835 122896
15949 72589 88538
8672 47906 56578
13102 67364 80466
4620 25404 30024
10989 58859 69848
8265 43126 51391
3993 22371 26364
2746 19030 21776
5717 26840 32557
14816 77812 92628
17385 86882 104267
5804 34164 39968
12472 59527 71999
15616 81047 96663
9717 46601 56318
15366 78130 93496
23576 109555 133131
4003 19029 23032
7901 38785 46686
21763 97456 119219
7308 32191 39499
27570 152152 179722
24318 119600 143918
8137 41341 49478
12497 62465 74962
34214 199402 233616
16248 69159 85407
23769 124568 148337
11487 51252 62739
12572 71330 83902
12074 56665 68739
3898 22763 26661
9182 49714 58896
19423 100088 119511
15368 73401 88769
18549 93515 112064
12100 37000 49100
13437 77113 90550
4867 23374 28241
6678 41586 48264
6523 30245 36768
4703 18954 23657
7844 40586 48430
21881 109591 131472
15835 81156 96991
11222 64896 76118
10869 30928 41797
17846 88790 106636
6675 26491 33166
9546 55618 65164
14268 64131 78399
8313 44118 52431
10010 33615 43625
5085 36709 41794
5697 34635 40332
10408 57799 68207
6965 42559 49524
17054 88812 105866
7352 28623 35975
21065 61335 82400
15037 74632 89669
19902 89864 109766
14974 58992 73966
21999 129570 151569
8141 39050 47191
30300 146154 176454
21995 110153 132148
12028 73843 85871
8453 42515 50968
17054 77206 94260
9821 51913 61734
14202 77189 91391
5323 25968 31291
11713 59179 70892
12872 65163 78035
8757 45242 53999
21000 118245 139245
35881 176119 212000
7489 41698 49187
20745 102807 123552
11684 58745 70429
3930 20496 24426
9473 49304 58777
22506 110234 132740
14611 74810 89421
10829 47613 58442
10596 55062 65658
27657 121048 148705
17416 97666 115082
8992 44451 53443
12829 63930 76759
17882 87373 105255
18285 94601 112886
29743 156443 186186
7448 39977 47425
6453 32877 39330
2893 15944 18837
7728 37331 45059
10982 55835 66817
11097 53563 64660
16881 92610 109491
12681 62611 75292
6253 32989 39242
19339 94233 113572
10675 50007 60682
3281 17986 21267
16079 85877 101956
37044 200881 237925
14914 76274 91188
6263 34284 40547
17582 86395 103977
16019 80095 96114
4978 25236 30214
18797 94971 113768
11183 49101 60284
12175 61578 73753
33887 167990 201877
7148 41711 48859
18201 107271 125472
8059 33491 41550
4278 20658 24936
20457 82078 102535
18036 89205 107241
19646 109368 129014
23496 110515 134011
19030 89855 108885
29025 134496 163521
12948 62756 75704
22157 135063 157220
7671 39388 47059
6172 33428 39600
14037 75572 89609
34328 180986 215314
34880 163875 198755
22969 64572 87541
11455 58595 70050
6839 44760 51599
8672 41756 50428
30993 154491 185484
18730 103164 121894
13720 55466 69186
14304 73983 88287
16160 90505 106665
13652 54666 68318
15963 84043 100006
11714 62600 74314
8252 39240 47492
21053 86286 107339
15416 76435 91851
21603 103577 125180
3683 18411 22094
14269 83666 97935
9952 48732 58684
12429 71136 83565
5249 27967 33216
20477 117971 138448
12523 59259 71782
3763 19806 23569
38762 199072 237834
34336 160331 194667
17489 91152 108641
15408 87600 103008
10376 54853 65229
12810 66084 78894
13039 62407 75446
18375 94503 112878
25859 137081 162940
21497 95029 116526
35819 176428 212247
11101 52277 63378
34827 178279 213106
8059 40808 48867
13288 63451 76739
4503 22599 27102
13695 65483 79178
29583 165594 195177
7832 41473 49305
3356 18352 21708
