23305 30354 53659
14133 19303 33436
29387 36531 65918
29870 41681 71551
26941 32513 59454
22823 30545 53368
16597 23078 39675
12163 14006 26169
21325 22824 44149
38388 53364 91752
10322 13121 23443
32787 47628 80415
35881 50432 86313
23673 29056 52729
13993 16412 30405
18670 22571 41241
42847 57257 100104
13917 17700 31617
28133 34026 62159
43176 57013 100189
44381 75665 120046
23199 32664 55863
18746 23514 42260
13948 17867 31815
21710 30500 52210
32150 43738 75888
9065 9527 18592
7966 8985 16951
7801 8641 16442
29561 36091 65652
45745 52605 98350
20766 28890 49656
52424 52468 104892
23338 34906 58244
26270 38354 64624
25499 31428 56927
41935 44856 86791
15773 19179 34952
40172 46736 86908
29999 36474 66473
6960 7441 14401
32799 41160 73959
18972 24352 43324
21981 30596 52577
9189 426 9615
11742 15393 27135
37350 57480 94830
10443 12998 23441
23904 33639 57543
21834 33282 55116
10459 12722 23181
43849 55047 98896
11864 14250 26114
15974 17738 33712
18764 23891 42655
8899 9925 18824
59235 80250 139485
49200 68590 117790
39513 56096 95609
31446 41529 72975
9532 14359 23891
35515 41734 77249
8713 8946 17659
18754 21081 39835
14326 19382 33708
5298 6874 12172
9140 12772 21912
83168 103549 186717
13757 15791 29548
6641 8111 14752
12444 12022 24466
5391 7531 12922
34839 42654 77493
84070 111772 195842
19604 25562 45166
20386 24323 44709
27263 37751 65014
45764 52423 98187
31330 40120 71450
36346 52173 88519
10427 13702 24129
33135 46654 79789
64134 78451 142585
43739 57678 101417
47999 66094 114093
43678 49257 92935
18991 23051 42042
11154 15775 26929
29140 37133 66273
31699 39025 70724
49110 70157 119267
23834 32102 55936
21506 22221 43727
26901 40217 67118
11074 10146 21220
15972 19644 35616
16900 22416 39316
28383 33611 61994
17243 18190 35433
72032 97315 169347
22308 30268 52576
20408 26910 47318
33225 42433 75658
23238 35759 58997
8404 8695 17099
26870 44964 71834
20049 28795 48844
12784 14766 27550
24898 35481 60379
50960 66865 117825
22068 27307 49375
26986 26825 53811
41494 66962 108456
39128 51156 90284
4964 7263 12227
56238 69743 125981
34341 44582 78923
8522 8696 17218
5180 6372 11552
22329 26310 48639
7451 7509 14960
16247 21920 38167
19095 31696 50791
19559 25955 45514
35393 46861 82254
5229 6759 11988
17715 21384 39099
19899 25140 45039
74846 102904 177750
31080 44442 75522
26538 41612 68150
28982 35353 64335
42568 60091 102659
34099 67082 101181
27234 37790 65024
18889 24702 43591
26870 35718 62588
8453 11832 20285
18581 44343 62924
18374 21430 39804
7481 10421 17902
7517 9340 16857
10081 12601 22682
26946 38125 65071
35582 43512 79094
16101 21981 38082
22718 34861 57579
32213 52650 84863
19263 22817 42080
33930 42973 76903
46270 53616 99886
7510 7576 15086
15628 20405 36033
44007 57271 101278
11969 14493 26462
48403 74061 122464
48251 52526 100777
14704 19122 33826
19623 27339 46962
62089 85433 147522
24765 33954 58719
48680 58474 107154
20719 32806 53525
24372 40335 64707
19643 26557 46200
7174 13008 20182
15661 23375 39036
33649 43779 77428
26563 30830 57393
36394 43253 79647
14899 19173 34072
26711 46611 73322
9706 11208 20914
13142 16840 29982
16418 17440 33858
8497 9345 17842
16717 22032 38749
40450 52433 92883
32026 45083 77109
19671 26529 46200
11744 12813 24557
36507 44239 80746
11378 13004 24382
18751 25368 44119
24234 32204 56438
15328 19812 35140
12779 15731 28510
10097 16467 26564
10748 19377 30125
20438 27879 48317
14627 23650 38277
30812 37760 68572
13481 17225 30706
21368 28361 49729
31890 39700 71590
35070 44670 79740
20689 29234 49923
40042 51973 92015
15516 15379 30895
56121 76995 133116
43832 50803 94635
25501 39022 64523
15562 18896 34458
33164 41493 74657
19397 24244 43641
24832 35822 60654
9547 10038 19585
20420 29098 49518
24841 32911 57752
19714 24169 43883
43843 56220 100063
69344 87081 156425
16013 23588 39601
41157 51974 93131
21288 28739 50027
8712 10987 19699
17617 26870 44487
42485 53737 96222
29469 37653 67122
20902 23864 44766
20483 26829 47312
47680 59065 106745
39880 45456 85336
18036 22066 40102
22345 36989 59334
41759 50789 92548
34553 46565 81118
58075 77978 136053
16393 21290 37683
13320 16261 29581
5652 6444 12096
16935 14975 31910
19907 26002 45909
20680 30222 50902
35309 48784 84093
22369 28022 50391
12068 16128 28196
35593 47170 82763
21105 24717 45822
6386 6972 13358
30335 40701 71036
74200 100053 174253
26186 32913 59099
10222 15284 25506
33876 42283 76159
34789 39677 74466
9422 10894 20316
35891 48024 83915
17096 21387 38483
21171 30651 51822
61851 88777 150628
13471 19990 33461
36363 50224 86587
11831 14731 26562
7785 7739 15524
33203 39745 72948
31032 41871 72903
35514 54211 89725
46811 61828 108639
32518 43334 75852
46135 63940 110075
24236 32291 56527
41958 70585 112543
15097 19801 34898
11939 15718 27657
28184 39377 67561
73176 99362 172538
68323 90291 158614
26093 31457 57550
20704 28630 49334
15131 23207 38338
19693 23642 43335
61266 74221 135487
40024 56919 96943
22223 27964 50187
27886 37628 65514
34375 48650 83025
21808 29243 51051
30905 43313 74218
22844 28997 51841
17341 17647 34988
35230 42171 77401
27144 34054 61198
42056 58897 100953
7921 9751 17672
27528 42519 70047
20914 23189 44103
25134 37166 62300
9705 13763 23468
40949 58376 99325
25618 32318 57936
8291 9417 17708
79761 98275 178036
70151 95309 165460
34639 46288 80927
26557 41646 68203
18175 24781 42956
21093 29908 51001
22639 28669 51308
35538 43737 79275
43391 60467 103858
36541 43692 80233
76935 86519 163454
20327 28771 49098
75146 89405 164551
16513 19042 35555
23125 32915 56040
7523 9739 17262
22468 30919 53387
57024 72889 129913
17295 23358 40653
6488 7377 13865
