25100 23035 48135
16552 13619 30171
31615 28120 59735
35191 30556 65747
33110 29102 62212
30576 26810 57386
19382 18467 37849
14309 12058 26367
30747 18132 48879
43462 42320 85782
12166 11194 23360
40185 33380 73565
42267 41480 83747
30697 25004 55701
15255 12048 27303
22824 19430 42254
48542 47815 96357
16110 13898 30008
31669 28818 60487
48817 42783 91600
55566 64786 120352
25933 24738 50671
18983 17056 36039
15429 14439 29868
23613 24281 47894
33684 31341 65025
10346 8526 18872
9211 7291 16502
9859 7206 17065
36663 28032 64695
45492 37916 83408
23666 20546 44212
41939 44089 86028
31524 26151 57675
28846 31170 60016
24409 22163 46572
37663 31685 69348
16339 13917 30256
33631 37765 71396
34573 32431 67004
8011 6579 14590
31307 30075 61382
27658 23049 50707
26134 22377 48511
9427 254 9681
15655 13829 29484
45035 43689 88724
11540 11733 23273
32767 31196 63963
28830 31404 60234
12619 11405 24024
56995 47460 104455
14217 11331 25548
16382 14393 30775
22990 21976 44966
11167 8699 19866
73016 68627 141643
69160 62648 131808
49390 49389 98779
38459 37020 75479
10404 11399 21803
38577 31045 69622
10613 7067 17680
23112 17152 40264
16771 16561 33332
6284 5739 12023
10684 9156 19840
84722 75105 159827
16401 12372 28773
8948 7634 16582
9317 9386 18703
5957 6125 12082
42335 36417 78752
85610 79992 165602
29046 23468 52514
23240 20899 44139
32191 31027 63218
45724 43628 89352
37231 34436 71667
35848 38602 74450
11191 11045 22236
36350 35931 72281
62440 55528 117968
47779 42191 89970
54882 52312 107194
49838 45654 95492
21920 19836 41756
12175 11089 23264
32673 30317 62990
35032 31886 66918
55676 55160 110836
26087 26733 52820
22926 16003 38929
31582 31045 62627
9611 7449 17060
17669 15552 33221
20976 20213 41189
35392 30256 65648
20583 15819 36402
80495 70699 151194
26401 25571 51972
24885 23336 48221
36748 32837 69585
24639 27024 51663
8784 6842 15626
27915 27973 55888
24369 25022 49391
15161 12421 27582
30952 30761 61713
51227 52278 103505
20243 19696 39939
23666 20264 43930
40722 47235 87957
38617 35786 74403
5595 4426 10021
63920 59296 123216
35434 32506 67940
8687 6219 14906
5282 4155 9437
21491 20300 41791
6880 4824 11704
15062 14177 29239
22207 23491 45698
20076 19132 39208
40050 36607 76657
23452 6493 29945
15531 15788 31319
20051 17246 37297
86731 82663 169394
35784 34182 69966
29925 30681 60606
34926 33109 68035
48488 44826 93314
38946 43087 82033
30375 28145 58520
19363 18258 37621
29902 27294 57196
9310 8833 18143
22412 23836 46248
15671 14384 30055
7201 6715 13916
6211 6122 12333
10751 8352 19103
28425 26589 55014
34151 30299 64450
13460 12259 25719
23177 19956 43133
34287 30794 65081
20208 16583 36791
33026 29703 62729
51588 40434 92022
9213 5397 14610
21489 13271 34760
45421 42696 88117
14166 11939 26105
52222 61430 113652
47573 41018 88591
15879 13765 29644
23894 23768 47662
72466 72336 144802
33121 30165 63286
46150 43081 89231
32390 20994 53384
20969 26664 47633
24712 19696 44408
7540 7947 15487
17312 16965 34277
42344 39352 81696
32566 25246 57812
38847 31822 70669
14356 12286 26642
24951 27445 52396
9430 6340 15770
12883 10563 23446
13457 11437 24894
6963 5412 12375
16149 15146 31295
44302 40310 84612
35207 35758 70965
20211 18354 38565
10566 7988 18554
33326 33804 67130
12016 8890 20906
19481 18918 38399
25429 23212 48641
18098 16002 34100
13520 20750 34270
10770 14656 25426
13420 14030 27450
23836 20284 44120
18423 19834 38257
33303 29978 63281
13794 10848 24642
20227 19183 39410
31933 28717 60650
39224 33504 72728
23369 21278 44647
41949 41893 83842
15668 11069 26737
64485 59406 123891
49079 37597 86676
24798 29203 54001
17945 14026 31971
34896 30742 65638
19803 18651 38454
30437 27565 58002
9115 7039 16154
22532 22346 44878
26899 25415 52314
19494 14226 33720
40341 39077 79418
90292 66942 157234
21957 20866 42823
41367 41455 82822
27497 22445 49942
9909 7965 17874
19098 20542 39640
44470 39818 84288
32095 26397 58492
20400 16276 36676
23169 19531 42700
47227 43859 91086
36321 32634 68955
17581 15870 33451
22897 23917 46814
38602 39513 78115
36771 34408 71179
79907 63479 143386
17276 15587 32863
14962 11920 26882
6724 5072 11796
16195 11509 27704
21815 20258 42073
20645 20639 41284
41318 38606 79924
22133 25418 47551
12671 12055 24726
34543 31531 66074
20731 16471 37202
6796 4983 11779
28998 33556 62554
70391 85978 156369
30505 33064 63569
10332 11554 21886
34302 31285 65587
31269 27144 58413
9292 6440 15732
39395 35256 74651
17167 14344 31511
21348 20470 41818
63218 60633 123851
13352 12266 25618
35198 33662 68860
13156 10862 24018
8510 4853 13363
34018 28086 62104
34720 31696 66416
36197 37509 73706
44269 41510 85779
33334 30952 64286
46245 45751 91996
27216 24740 51956
54741 48955 103696
16895 13710 30605
11840 13111 24951
32413 31687 64100
75026 76881 151907
68111 66736 134847
27318 24959 52277
19750 20621 40371
15822 16554 32376
18709 17421 36130
75895 56513 132408
38055 38025 76080
22768 23231 45999
30956 29668 60624
35444 33558 69002
22838 23689 46527
29967 28828 58795
21136 22322 43458
15188 11482 26670
40319 34471 74790
29831 24793 54624
52616 48034 100650
9571 7473 17044
28136 33959 62095
23210 17334 40544
27720 28921 56641
10177 8138 18315
39060 39584 78644
25487 24015 49502
7651 5749 13400
73799 68349 142148
62660 60972 123632
35251 34285 69536
28834 27821 56655
18625 16327 34952
20526 21438 41964
21855 19355 41210
33885 30820 64705
51908 48026 99934
43288 29444 72732
63277 55866 119143
19804 17832 37636
67372 64290 131662
14395 12404 26799
22198 23207 45405
8498 7226 15724
21277 20559 41836
52006 58413 110419
16047 14323 30370
7013 6060 13073
