34790 4562 39352
20037 2288 22325
38229 5209 43438
47460 7397 54857
42442 5721 48163
38715 4878 43593
22597 4117 26714
18686 2381 21067
33954 3639 37593
56570 8770 65340
17222 2844 20066
51943 5149 57092
53973 6795 60768
41437 5004 46441
16891 1670 18561
24607 2708 27315
52628 7957 60585
19530 2760 22290
39802 5816 45618
59440 8518 67958
66816 10764 77580
33254 4491 37745
22751 2871 25622
16524 2525 19049
30066 4416 34482
43628 6606 50234
12615 1682 14297
10435 1734 12169
12044 1623 13667
40132 5035 45167
48083 5782 53865
26564 2807 29371
51739 10060 61799
33840 4484 38324
35826 5764 41590
36576 4742 41318
44965 5994 50959
20258 2721 22979
44312 6977 51289
39528 5567 45095
8902 1206 10108
36591 5205 41796
31709 3548 35257
31333 4354 35687
9774 9 9783
15837 2560 18397
52034 8037 60071
14288 2003 16291
36093 6538 42631
30839 4766 35605
16336 2341 18677
66398 8542 74940
16194 4727 20921
19419 2569 21988
27507 3765 31272
13332 1690 15022
80979 13122 94101
75894 10228 86122
64349 9235 73584
43930 7370 51300
14162 1979 16141
47467 5170 52637
12533 1446 13979
27319 3335 30654
19495 2760 22255
8199 1163 9362
11516 1355 12871
101979 14691 116670
15468 1550 17018
9868 1379 11247
11334 1667 13001
8614 1536 10150
46160 6978 53138
98852 17934 116786
35837 5254 41091
32371 3950 36321
44541 8155 52696
59485 8983 68468
50723 6432 57155
51775 7803 59578
15793 2152 17945
51943 7550 59493
90044 12308 102352
65073 9149 74222
101168 10719 111887
61741 8143 69884
29294 3865 33159
15741 1856 17597
39633 5123 44756
44939 6595 51534
78376 10312 88688
35022 4544 39566
30798 3118 33916
40662 7079 47741
11211 1200 12411
21599 3309 24908
26189 3563 29752
59622 5001 64623
27439 3213 30652
116166 14951 131117
34288 4864 39152
32602 3942 36544
44888 5829 50717
33262 5091 38353
9825 1126 10951
34690 5299 39989
32591 4794 37385
18520 3745 22265
44276 6148 50424
66141 9301 75442
23938 3769 27707
25443 3403 28846
47739 8673 56412
46266 6185 52451
6755 580 7335
73803 8415 82218
37948 6138 44086
9122 1232 10354
5784 1120 6904
28618 4354 32972
8131 886 9017
19086 2791 21877
24064 4323 28387
24547 3649 28196
41029 6440 47469
6864 813 7677
18756 2888 21644
23989 3482 27471
97888 15669 113557
43887 6517 50404
40270 6093 46363
41518 5219 46737
60034 9105 69139
44607 9112 53719
34411 4851 39262
23417 3611 27028
35377 4381 39758
10263 1738 12001
26269 3659 29928
18008 2334 20342
8805 1409 10214
11997 1392 13389
12619 1520 14139
33091 4667 37758
40482 4938 45420
17644 2641 20285
26885 3019 29904
38187 4816 43003
21414 2983 24397
35994 5311 41305
59128 6938 66066
9699 991 10690
17142 2102 19244
55117 10204 65321
15619 1967 17586
65774 12527 78301
52380 7956 60336
17383 2530 19913
28248 4050 32298
99074 11405 110479
34640 4648 39288
61363 7712 69075
29937 3585 33522
29056 5846 34902
27272 2957 30229
10561 2152 12713
21189 3138 24327
49647 7351 56998
37722 4520 42242
43540 4494 48034
16935 2056 18991
33606 6850 40456
10786 1083 11869
15331 1591 16922
17597 1868 19465
9093 1122 10215
17786 2415 20201
47579 6104 53683
38874 6271 45145
23906 3418 27324
11217 1200 12417
42991 6122 49113
12660 1117 13777
22948 3735 26683
32153 3663 35816
19630 2490 22120
17239 2131 19370
13957 2353 16310
16071 2023 18094
27346 4021 31367
21492 3385 24877
38938 5256 44194
17624 1885 19509
27008 3703 30711
39025 5138 44163
46702 5619 52321
28792 3393 32185
58880 8813 67693
19298 2227 21525
85860 14910 100770
55486 6423 61909
34845 5210 40055
20400 2739 23139
47365 5996 53361
21934 3519 25453
44902 5804 50706
19940 1369 21309
26675 4206 30881
33839 4990 38829
21514 2784 24298
49764 8055 57819
83653 11240 94893
20650 3419 24069
53092 8210 61302
27153 4041 31194
10549 1451 12000
23082 3453 26535
53733 6727 60460
42354 5979 48333
26583 3176 29759
27309 3228 30537
67214 8144 75358
45839 5926 51765
24964 3314 28278
29897 5151 35048
46338 7274 53612
45238 7115 52353
80431 13495 93926
21056 3021 24077
19621 2895 22516
8314 803 9117
19533 2335 21868
28380 3072 31452
27298 4229 31527
46458 6488 52946
34964 5616 40580
15581 2310 17891
42724 5970 48694
23896 2896 26792
8824 1142 9966
43117 6377 49494
95927 16349 112276
34456 3893 38349
15104 2852 17956
40867 5361 46228
37370 5814 43184
11737 1089 12826
43508 6284 49792
20682 2643 23325
28180 3795 31975
94458 16043 110501
18824 2620 21444
47911 7200 55111
18069 2370 20439
8357 860 9217
41845 4827 46672
39590 5527 45117
44671 6947 51618
55141 6850 61991
39834 5185 45019
67743 9392 77135
39260 5210 44470
58832 8332 67164
19278 2269 21547
14714 2370 17084
41645 5931 47576
84162 19362 103524
77970 11134 89104
33880 4109 37989
25028 4279 29307
22669 3414 26083
23433 3685 27118
76266 10628 86894
51954 8172 60126
28367 3957 32324
38405 5176 43581
50359 6241 56600
30001 3917 33918
37089 5115 42204
26407 4424 30831
21402 2265 23667
47655 5688 53343
37765 8865 46630
60843 9407 70250
10413 1403 11816
38459 5888 44347
24156 3084 27240
37098 5841 42939
14022 1737 15759
50708 7407 58115
29463 4055 33518
8790 992 9782
102385 13197 115582
84311 12001 96312
40118 5789 45907
40273 5245 45518
25682 3451 29133
31406 5030 36436
36865 4130 40995
49501 6524 56025
60903 9678 70581
50412 5718 56130
88387 12115 100502
24621 3373 27994
89709 11629 101338
17453 2778 20231
32412 5138 37550
9231 998 10229
27613 3607 31220
69657 11818 81475
21494 2626 24120
8590 1125 9715
