2643 91687 94330
1556 56341 57897
3429 108875 112304
3847 116427 120274
3161 95299 98460
2922 98545 101467
1681 61357 63038
1470 47875 49345
2352 81151 83503
4320 165771 170091
1657 43063 44720
4212 126263 130475
4467 153754 158221
2953 97412 100365
1648 44728 46376
2434 79195 81629
4998 158825 163823
2076 57532 59608
3786 108901 112687
5264 169637 174901
6474 183777 190251
2580 93064 95644
1947 66051 67998
1529 53960 55489
2726 76791 79517
3271 118996 122267
1042 33320 34362
946 30810 31756
902 30033 30935
3195 117064 120259
4468 136684 141152
2458 71958 74416
4121 126780 130901
2963 91176 94139
3078 102294 105372
2703 91738 94441
3718 126010 129728
1731 57129 58860
3709 120742 124451
3435 97745 101180
1166 27082 28248
3263 105876 109139
2508 86172 88680
2404 85652 88056
3932 16262 20194
1452 50856 52308
4074 147383 151457
1569 38439 40008
3198 104520 107718
2662 99158 101820
1272 47309 48581
5171 183717 188888
2261 45035 47296
1806 56639 58445
2130 70442 72572
1429 38595 40024
7359 243583 250942
5841 191709 197550
5681 175293 180974
3436 115177 118613
1054 36546 37600
4101 120719 124820
1333 35616 36949
2479 74437 76916
2162 63336 65498
724 24111 24835
1535 39209 40744
8577 288354 296931
1706 49543 51249
785 27128 27913
1121 39296 40417
631 21210 21841
4063 129572 133635
9310 293737 303047
2578 82250 84828
2441 81757 84198
3230 105879 109109
4731 183820 188551
3583 126998 130581
3939 129109 133048
1207 42182 43389
3563 139944 143507
6246 203888 210134
4590 139542 144132
5947 190717 196664
5984 161099 167083
2456 85100 87556
1316 44152 45468
3081 106439 109520
4151 131321 135472
5310 191323 196633
3360 100258 103618
2426 72670 75096
2836 97187 100023
781 28916 29697
1500 64847 66347
1977 69732 71709
4190 95895 100085
2082 67741 69823
8522 278074 286596
2793 99973 102766
2556 91377 93933
3570 125083 128653
2536 97282 99818
951 31005 31956
2885 93561 96446
2574 96687 99261
1299 42391 43690
3693 104403 108096
5324 193956 199280
2171 70223 72394
2310 79167 81477
4052 169704 173756
3445 133800 137245
550 24616 25166
5629 177936 183565
3746 114909 118655
1840 26840 28680
516 18733 19249
2390 74268 76658
740 26242 26982
1596 52406 54002
2004 81999 84003
1713 70328 72041
3922 122317 126239
807 27929 28736
2177 67181 69358
2251 67936 70187
7739 257683 265422
3543 112389 115932
3142 112278 115420
3390 108858 112248
5364 164577 169941
3606 154187 157793
3319 103042 106361
2108 74918 77026
3126 102474 105600
1011 35055 36066
2417 84684 87101
1509 56566 58075
807 26381 27188
637 21115 21752
1092 37486 38578
3930 113232 117162
3187 106483 109670
1363 48753 50116
2705 99489 102194
3416 129447 132863
2025 65836 67861
3304 106746 110050
4767 150785 155552
864 26646 27510
1687 56252 57939
4300 133750 138050
1862 43207 45069
6043 208038 214081
4770 145809 150579
2014 57528 59542
2523 85758 88281
7241 250639 257880
3555 134390 137945
6989 178408 185397
3716 90286 94002
2807 89473 92280
4435 91561 95996
1125 32888 34013
2155 70441 72596
4891 156810 161701
3042 96547 99589
4292 140728 145020
1930 58670 60600
2747 108562 111309
1086 36902 37988
1543 44513 46056
1442 47420 48862
990 30996 31986
1710 57026 58736
4725 145617 150342
3092 103173 106265
2032 67721 69753
1050 37077 38127
3778 123917 127695
1115 36745 37860
3872 70261 74133
2656 90938 93594
1427 53375 54802
1404 47003 48407
1147 44100 45247
1243 42207 43450
2382 80991 83373
1379 52498 53877
2974 104823 107797
1524 39866 41390
2524 81378 83902
3387 117346 120733
4385 126866 131251
2459 81450 83909
4783 150587 155370
1804 53678 55482
6119 191123 197242
4344 143273 147617
2644 90558 93202
1658 67575 69233
3642 118718 122360
1868 73096 74964
2912 102696 105608
1039 36091 37130
2479 84512 86991
2448 85354 87802
1785 61959 63744
5375 153249 158624
6885 229174 236059
1913 62573 64486
4150 140219 144369
2453 84621 87074
922 32849 33771
1877 70810 72687
4914 156403 161317
3569 113978 117547
2295 74433 76728
2240 86268 88508
5332 175410 180742
3265 134391 137656
1956 67143 69099
2322 80527 82849
4158 136538 140696
3870 129312 133182
8754 234718 243472
1926 62266 64192
1429 51065 52494
719 25905 26624
1508 52801 54309
2884 79783 82667
2659 86843 89502
3713 142134 145847
2436 91925 94361
1313 39420 40733
4047 132401 136448
2855 67439 70294
651 24186 24837
3167 115449 118616
8340 253065 261405
2977 103609 106586
1114 42119 43233
3743 118744 122487
3682 113885 117567
1422 37952 39374
4348 133351 137699
1892 62711 64603
2644 93057 95701
7382 203539 210921
1802 53257 55059
3720 140646 144366
1662 45574 47236
1600 25852 27452
3638 107794 111432
3445 121194 124639
3532 124149 127681
5167 163005 168172
3328 111197 114525
5208 170394 175602
2871 89388 92259
4256 184614 188870
2073 60080 62153
1597 42125 43722
3399 112744 116143
7869 278419 286288
6866 237883 244749
3119 104598 107717
2826 85933 88759
1486 51814 53300
1881 55915 57796
5953 208411 214364
5099 143039 148138
2650 82506 85156
3315 117236 120551
3402 110923 114325
2379 82886 85265
2990 100485 103475
2161 75286 77447
1397 48725 50122
4108 122879 126987
3106 102023 105129
8296 138266 146562
885 30209 31094
2880 106156 109036
1800 61850 63650
2594 90221 92815
1148 40553 41701
3792 138928 142720
2368 81281 83649
725 29020 29745
7656 256618 264274
7704 241877 249581
3539 108360 111899
2864 99106 101970
1944 68206 70150
2610 82846 85456
2472 82653 85125
3659 116925 120584
5141 156729 161870
4374 137990 142364
7594 224203 231797
2319 75928 78247
7547 224963 232510
1722 55829 57551
2968 97213 100181
887 31070 31957
2834 76811 79645
6155 206320 212475
1711 61908 63619
895 29284 30179
