11543 65859 77402
6421 39211 45632
14301 87450 101751
15097 88737 103834
14979 83704 98683
11926 75264 87190
7810 52989 60799
5953 34107 40060
9770 55044 64814
19414 121934 141348
5240 31333 36573
16483 90274 106757
19704 111148 130852
12797 75647 88444
6116 39148 45264
9087 54297 63384
21053 125425 146478
6593 42655 49248
15016 83373 98389
22126 128839 150965
23504 149540 173044
12076 65712 77788
8082 51058 59140
6402 41242 47644
11137 66527 77664
13842 101349 115191
5054 27431 32485
4024 23909 27933
6333 24523 30856
16703 88902 105605
19470 106084 125554
11113 61517 72630
19032 107823 126855
12954 75023 87977
14697 84726 99423
12090 71622 83712
16709 97724 114433
7407 42289 49696
14839 103038 117877
15365 97784 113149
3137 19594 22731
13215 83629 96844
10425 58441 68866
10981 59505 70486
8140 3328 11468
5710 35339 41049
17890 115147 133037
4921 28575 33496
13127 82145 95272
11876 71246 83122
6326 35408 41734
23553 125970 149523
5661 32130 37791
8054 39030 47084
9553 54376 63929
4509 25421 29930
32223 172799 205022
29860 188503 218363
23702 127410 151112
15893 95229 111122
4713 31293 36006
16778 95053 111831
4143 23770 27913
9741 55119 64860
7878 52632 60510
2654 16474 19128
4819 27633 32452
34173 210707 244880
6273 42385 48658
3447 20759 24206
3874 24703 28577
2744 19274 22018
22377 99291 121668
34951 202438 237389
11027 59558 70585
10608 61338 71946
13071 72909 85980
16802 106269 123071
18262 102013 120275
17108 95082 112190
5056 30998 36054
15437 105917 121354
27004 161838 188842
20501 118608 139109
22444 134060 156504
21325 124946 146271
9494 54130 63624
5904 34560 40464
21810 90675 112485
15464 96015 111479
24568 137548 162116
12179 66283 78462
9720 51872 61592
12840 83927 96767
3591 24058 27649
7526 47655 55181
8265 51242 59507
14117 82608 96725
7885 45760 53645
32190 184583 216773
13397 75006 88403
12460 72160 84620
15930 96657 112587
11907 76396 88303
3791 22004 25795
12197 72247 84444
11145 69809 80954
6416 36206 42622
13328 89445 102773
25658 144634 170292
8205 47828 56033
9209 52546 61755
19474 117955 137429
18726 102696 121422
2689 16094 18783
27028 156254 183282
12492 80502 92994
4463 23020 27483
1991 13386 15377
8200 47887 56087
3368 18675 22043
6583 40999 47582
8266 55546 63812
7626 46663 54289
14025 85614 99639
2408 14769 17177
7211 42509 49720
8491 49358 57849
37294 207301 244595
16934 95619 112553
12899 72801 85700
12618 76974 89592
20530 125854 146384
15501 109908 125409
12727 79268 91995
8175 52588 60763
12619 77657 90276
3996 24964 28960
10161 57329 67490
6470 39717 46187
3300 22003 25303
2730 17856 20586
4214 24614 28828
12650 82663 95313
14406 89186 103592
5803 34948 40751
10653 62670 73323
14500 86603 101103
9088 53557 62645
13663 80675 94338
23213 126836 150049
3677 19616 23293
7387 42457 49844
23456 108038 131494
6234 34568 40802
21578 141495 163073
21319 119232 140551
6177 38319 44496
11149 67111 78260
29213 195691 224904
12455 78333 90788
22300 124596 146896
9782 52951 62733
10605 72274 82879
9476 53692 63168
3777 24382 28159
7372 49083 56455
15425 91953 107378
13708 78867 92575
16033 109757 125790
5935 37208 43143
12827 82971 95798
4408 25363 29771
5213 33110 38323
6218 34935 41153
2982 18149 21131
6812 42368 49180
17123 99558 116681
13360 85238 98598
8928 54426 63354
3802 24027 27829
15844 92070 107914
5765 28043 33808
7143 47656 54799
11393 66870 78263
7082 38667 45749
5546 31521 37067
4829 33195 38024
5323 33094 38417
8673 55170 63843
5750 41883 47633
13585 84540 98125
5341 30144 35485
9415 54661 64076
12216 74860 87076
16841 100990 117831
10801 62193 72994
18304 107865 126169
6455 41462 47917
24440 162673 187113
18972 111615 130587
11923 77888 89811
7287 44781 52068
13677 77907 91584
8498 51579 60077
12937 77852 90789
5277 35221 40498
10289 61361 71650
9761 62973 72734
7105 41807 48912
16954 103971 120925
29822 154695 184517
7004 48240 55244
15915 94667 110582
10196 57054 67250
3932 26075 30007
8574 55541 64115
19769 114225 133994
12595 74677 87272
9311 48368 57679
10227 62163 72390
23801 128270 152071
15636 101493 117129
9807 50137 59944
10508 73940 84448
15792 89332 105124
15264 86315 101579
27161 175620 202781
6444 41186 47630
6142 38495 44637
2462 17600 20062
6658 38968 45626
9711 57114 66825
10546 63191 73737
16633 108170 124803
9592 57079 66671
5974 34470 40444
14521 88185 102706
10222 56928 67150
2691 15847 18538
13959 89384 103343
36118 189014 225132
14030 81068 95098
5819 34548 40367
14972 90630 105602
14717 87318 102035
4521 26380 30901
16788 101217 118005
7695 43165 50860
11265 68573 79838
26515 157956 184471
6081 41379 47460
16442 108062 124504
6018 36507 42525
3697 19811 23508
13610 75736 89346
14595 93158 107753
14969 95546 110515
19043 109161 128204
15365 95498 110863
23440 137092 160532
12074 68431 80505
17412 124454 141866
6627 41403 48030
7243 36028 43271
16730 91982 108712
32768 179965 212733
29753 185086 214839
12237 70147 82384
9551 54784 64335
5941 39652 45593
8364 49421 57785
26615 159767 186382
17781 113227 131008
10605 62740 73345
12956 85439 98395
13032 86178 99210
10826 67453 78279
13984 86095 100079
9961 61673 71634
6825 39903 46728
16703 98407 115110
12645 78725 91370
18631 117780 136411
3320 24405 27725
12869 88671 101540
8097 46669 54766
11094 74385 85479
4698 32035 36733
17512 115329 132841
11721 67745 79466
3033 25650 28683
33790 220228 254018
29889 169516 199405
14670 82874 97544
11498 75678 87176
8827 56313 65140
9169 56636 65805
9858 62677 72535
15962 97195 113157
19730 116720 136450
17314 103590 120904
26307 158715 185022
9806 55291 65097
26665 154147 180812
6953 40795 47748
12177 68972 81149
3657 27518 31175
12249 68966 81215
22875 152712 175587
6625 41673 48298
2891 17191 20082
