21414 41527 62941
10705 23584 34289
22293 72425 94718
23049 53328 76377
20950 46990 67940
19377 52275 71652
14340 34378 48718
9465 20029 29494
17580 36652 54232
30499 71853 102352
9754 21949 31703
29962 63146 93108
34235 80064 114299
20647 43827 64474
9479 20119 29598
16033 32187 48220
35692 83258 118950
10509 24452 34961
22913 56880 79793
37274 83607 120881
36334 99987 136321
17353 40748 58101
14620 28487 43107
9700 24120 33820
17437 43598 61035
23293 60961 84254
8801 17306 26107
7028 14370 21398
7952 15887 23839
26197 49775 75972
32089 66265 98354
16798 34332 51130
29553 72353 101906
23160 54284 77444
21592 71122 92714
18451 53726 72177
31489 68897 100386
16094 28538 44632
24462 65354 89816
21455 50192 71647
5587 11557 17144
23122 49417 72539
17190 44418 61608
18698 42680 61378
8536 933 9469
9307 22401 31708
30390 84644 115034
8714 20809 29523
19186 48408 67594
19688 52963 72651
8429 19804 28233
36454 80928 117382
9514 19139 28653
10651 22397 33048
15630 35099 50729
7879 14989 22868
45601 109722 155323
44836 109179 154015
35768 82325 118093
25087 70711 95798
7386 17563 24949
28307 61477 89784
8181 15758 23939
15684 31752 47436
11505 27869 39374
4896 11654 16550
7155 16451 23606
54178 126078 180256
10757 22676 33433
6626 13747 20373
6582 14781 21363
4528 10940 15468
28291 59762 88053
63824 149740 213564
16935 41427 58362
15093 35633 50726
19782 47964 67746
29598 66950 96548
26490 64552 91042
23682 60335 84017
8173 19952 28125
23271 58619 81890
43836 105518 149354
31675 72248 103923
34613 91798 126411
33291 74696 107987
17207 38285 55492
7904 18269 26173
23593 56555 80148
25690 64719 90409
39968 106067 146035
22281 52217 74498
14891 32557 47448
22375 59172 81547
6708 14043 20751
12526 30337 42863
15349 35892 51241
25098 56019 81117
15577 31225 46802
64793 135299 200092
24674 52500 77174
19071 44252 63323
27242 63991 91233
18847 53047 71894
7050 13144 20194
19778 50035 69813
15794 43875 59669
10981 22271 33252
18873 49879 68752
39180 97325 136505
13351 34610 47961
17474 36073 53547
28298 71808 100106
28426 59868 88294
4400 13314 17714
42080 98923 141003
21592 54584 76176
5802 11132 16934
3325 8368 11693
17219 34429 51648
4879 9996 14875
12681 27171 39852
16557 41217 57774
13102 31111 44213
25553 61355 86908
4380 9468 13848
9763 25005 34768
14455 32216 46671
53284 129763 183047
25216 60528 85744
18450 49636 68086
21053 58605 79658
31922 91715 123637
28049 74323 102372
21657 53144 74801
13279 39882 53161
21410 51208 72618
7389 18158 25547
14611 36958 51569
13327 27635 40962
6294 13475 19769
4807 13112 17919
7374 18187 25561
24298 68275 92573
26335 60546 86881
12457 23576 36033
18012 42093 60105
27664 62500 90164
16525 34793 51318
24621 59568 84189
38577 80455 119032
7073 13640 20713
12502 30053 42555
35617 83689 119306
10333 24660 34993
41855 124756 166611
40373 91112 131485
13730 29774 43504
20735 50469 71204
53129 136884 190013
22896 49539 72435
36607 85416 122023
17889 44177 62066
16831 49013 65844
17878 37237 55115
6480 15723 22203
15118 36942 52060
30004 64669 94673
22762 51075 73837
28058 60251 88309
11721 28068 39789
18809 54650 73459
7968 16052 24020
11225 22407 33632
9990 20874 30864
6040 13466 19506
11588 28005 39593
34126 75301 109427
22342 57367 79709
15055 34929 49984
7712 15824 23536
25596 57792 83388
7968 17820 25788
13467 34960 48427
17810 42151 59961
11095 25771 36866
10067 21494 31561
8138 24306 32444
8625 24493 33118
18052 42455 60507
11466 33019 44485
23441 57320 80761
9699 22110 31809
15500 38154 53654
22169 54396 76565
26473 59716 86189
16087 37846 53933
34415 75196 109611
11996 26281 38277
43298 102060 145358
36494 73873 110367
19495 53873 73368
13427 28751 42178
26089 60078 86167
15029 35892 50921
21784 53743 75527
7401 14207 21608
16199 43378 59577
18639 49927 68566
12298 27000 39298
32605 75414 108019
48885 111160 160045
13233 34025 47258
36250 77177 113427
18127 41934 60061
8394 16539 24933
14124 34871 48995
35428 66204 101632
23832 60480 84312
18983 37554 56537
17844 39251 57095
36087 82526 118613
24652 58561 83213
14918 37124 52042
17601 44817 62418
40155 68553 108708
26210 64388 90598
49445 121433 170878
15963 31808 47771
12088 27010 39098
7243 12440 19683
12639 26486 39125
18454 43498 61952
16672 46281 62953
29965 75230 105195
17912 44657 62569
10945 22822 33767
28870 64508 93378
17119 33458 50577
4540 9636 14176
23463 56226 79689
57831 148520 206351
23910 58065 81975
7974 24374 32348
26311 60409 86720
23498 56026 79524
7469 15861 23330
29588 64683 94271
13450 30489 43939
17157 42172 59329
46918 113846 160764
11916 25321 37237
29960 67530 97490
9910 23695 33605
6480 11868 18348
23904 50534 74438
25177 57716 82893
28200 69222 97422
40547 85421 125968
26731 65228 91959
43097 95746 138843
19642 46661 66303
36332 93975 130307
12084 26981 39065
8424 23429 31853
21198 55686 76884
52295 130909 183204
47406 113017 160423
19652 45184 64836
15270 38846 54116
10726 30681 41407
14379 32445 46824
48117 106184 154301
32244 79875 112119
18090 45480 63570
23747 57832 81579
25309 60987 86296
17295 42881 60176
24798 59065 83863
15386 39885 55271
12637 26308 38945
30285 65162 95447
21800 52016 73816
32142 84428 116570
6069 13251 19320
21322 58529 79851
16333 33493 49826
22351 52906 75257
8741 19200 27941
34060 78077 112137
20700 46791 67491
7118 16479 23597
58428 137391 195819
51523 123300 174823
25126 63090 88216
22960 53171 76131
15336 37241 52577
15905 42184 58089
18035 41093 59128
28577 61148 89725
34454 91586 126040
31361 64621 95982
49230 118292 167522
16173 35538 51711
48880 116894 165774
10999 24959 35958
18829 47726 66555
5910 13859 19769
16237 39380 55617
40415 99345 139760
13156 32239 45395
6331 11607 17938
