8344 71735 80079
5294 47359 52653
10852 91844 102696
11899 97838 109737
9455 78828 88283
8796 77556 86352
6254 57546 63800
4940 40897 45837
6610 57895 64505
13729 132620 146349
3959 33980 37939
11189 95725 106914
12129 139282 151411
9736 82088 91824
4915 42403 47318
8125 67057 75182
15411 137657 153068
5734 50462 56196
10881 91975 102856
15060 136793 151853
19654 176342 195996
8570 74888 83458
5458 50548 56006
4679 45092 49771
7886 72006 79892
9391 89455 98846
3523 30687 34210
3384 21523 24907
2683 24229 26912
11494 98960 110454
13696 114812 128508
8154 66835 74989
13861 119410 133271
9840 91300 101140
9917 88405 98322
8777 79072 87849
12690 114717 127407
5992 49605 55597
12226 107964 120190
11400 95541 106941
2443 19612 22055
10732 110512 121244
8274 74547 82821
8304 66461 74765
7221 4933 12154
4946 43557 48503
13538 133045 146583
4105 35412 39517
9624 92405 102029
9759 91313 101072
4026 37973 41999
18650 157531 176181
4812 38501 43313
5877 45138 51015
7176 63944 71120
3051 27715 30766
23348 234400 257748
21042 182211 203253
16667 147739 164406
12530 112088 124618
3548 34551 38099
12009 91468 103477
3271 29498 32769
6931 56478 63409
5094 52718 57812
2095 19331 21426
3242 31917 35159
25752 228377 254129
4522 38437 42959
2432 24254 26686
3092 29867 32959
2111 19005 21116
18741 103035 121776
26788 237108 263896
8035 68832 76867
7976 66534 74510
9244 95081 104325
13586 127527 141113
13232 97018 110250
12331 108446 120777
3836 34196 38032
11588 107545 119133
20792 180695 201487
15102 133242 148344
17671 155461 173132
15319 134896 150215
6567 57254 63821
3857 32450 36307
9331 80571 89902
11910 92073 103983
17464 150803 168267
9054 79400 88454
6190 52282 58472
9848 91668 101516
2402 23423 25825
5484 43701 49185
5731 55352 61083
9940 81064 91004
5648 48948 54596
25304 195130 220434
10183 73390 83573
8941 76902 85843
12485 101165 113650
8118 73516 81634
2540 21353 23893
9030 73708 82738
8558 88084 96642
4836 39066 43902
9974 80860 90834
15742 142585 158327
5975 51255 57230
6644 56142 62786
13656 126905 140561
11721 102234 113955
2101 16228 18329
17291 163366 180657
11202 97468 108670
2797 23193 25990
1779 15241 17020
7352 69669 77021
2807 21694 24501
4599 38451 43050
6395 63906 70301
5388 52849 58237
14275 91672 105947
2018 18517 20535
4488 41480 45968
5809 49245 55054
26490 235799 262289
10841 89242 100083
9795 92464 102259
10456 87880 98336
15709 137030 152739
13560 105232 118792
10643 89213 99856
6368 57112 63480
10495 86325 96820
3024 27094 30118
7743 70396 78139
6449 44222 50671
2859 21812 24671
2117 20116 22233
3348 30773 34121
10118 91048 101166
10365 100086 110451
6059 47078 53137
8102 73423 81525
12062 105618 117680
5839 51284 57123
10821 92410 103231
15207 127993 143200
2720 20308 23028
5464 46057 51521
13952 124146 138098
4819 38523 43342
17317 171652 188969
15370 132548 147918
4837 42836 47673
7346 65609 72955
20985 217725 238710
13938 97760 111698
18090 159663 177753
7879 66531 74410
7105 80946 88051
6865 59248 66113
2946 27108 30054
6174 57048 63222
11866 99287 111153
9610 77544 87154
12256 106857 119113
5326 46440 51766
8992 90357 99349
2850 28403 31253
4109 37917 42026
4366 35921 40287
2472 22443 24915
4915 42616 47531
13732 123227 136959
10643 83201 93844
6848 62680 69528
3157 30059 33216
12008 100757 112765
3596 28155 31751
6060 58119 64179
7846 67082 74928
4778 44055 48833
5023 40257 45280
3499 37043 40542
3910 35391 39301
7952 74013 81965
4852 51646 56498
10796 95062 105858
3851 32998 36849
8024 67807 75831
9897 83577 93474
13257 115561 128818
7342 63301 70643
15396 112841 128237
5244 44083 49327
21073 171757 192830
15110 130109 145219
7943 79344 87287
5949 50275 56224
12357 97923 110280
6284 58831 65115
8810 80115 88925
3064 30386 33450
7723 69470 77193
7400 73919 81319
5025 45186 50211
12574 115768 128342
20514 173632 194146
4962 45987 50949
12739 103707 116446
7836 58937 66773
2486 23902 26388
5805 52878 58683
13575 113010 126585
9929 85993 95922
7419 62178 69597
6355 59272 65627
18206 151485 169691
12041 104774 116815
5982 54816 60798
8975 75247 84222
11788 99154 110942
12903 105344 118247
19714 175292 195006
5814 50588 56402
4928 42390 47318
2187 17766 19953
5253 43288 48541
6763 55582 62345
6909 61204 68113
12080 113911 125991
8423 72469 80892
3772 34161 37933
12581 108399 120980
8296 82160 90456
2197 21051 23248
11911 106489 118400
23826 209247 233073
9344 82059 91403
3880 37508 41388
11361 89392 100753
10764 86089 96853
2879 26180 29059
12879 109769 122648
5695 47493 53188
7902 66251 74153
25903 196107 222010
4761 46799 51560
12651 119714 132365
4269 36559 40828
2590 22374 24964
10977 85797 96774
11959 109260 121219
13688 106122 119810
14534 122110 136644
13907 104713 118620
16471 142415 158886
8483 67634 76117
15513 135136 150649
5211 40033 45244
3822 35168 38990
9430 85825 95255
22840 206879 229719
22523 200197 222720
9302 74899 84201
6717 58476 65193
5440 50061 55501
5452 46975 52427
21763 174784 196547
13921 115830 129751
7589 69175 76764
9763 85001 94764
10574 94554 105128
7650 63641 71291
10932 95393 106325
7322 62139 69461
5370 44125 49495
13459 108540 121999
9912 88054 97966
14561 127463 142024
2452 21998 24450
10260 94849 105109
6510 57561 64071
11112 88816 99928
3764 34138 37902
13372 130383 143755
8810 76348 85158
2344 21062 23406
30293 235141 265434
20759 178798 199557
12861 101097 113958
9355 83355 92710
6146 54320 60466
8022 64473 72495
8511 71751 80262
11316 93079 104395
16938 148321 165259
12608 100765 113373
21840 171469 193309
6829 54829 61658
23716 186196 209912
5308 45218 50526
8814 68702 77516
2273 22333 24606
8483 70813 79296
17668 156833 174501
5408 46363 51771
2553 22051 24604
