32867 11125 43992
18202 5966 24168
39431 13712 53143
40453 14669 55122
40809 28171 68980
33326 20110 53436
26259 9429 35688
17018 5857 22875
26091 8369 34460
59547 20462 80009
16626 5295 21921
44900 13334 58234
50591 19292 69883
31219 11198 42417
16985 4864 21849
23760 7401 31161
53218 21077 74295
18392 6867 25259
34102 12370 46472
54931 21576 76507
67335 27006 94341
31161 11540 42701
19336 6480 25816
17391 6594 23985
26033 10663 36696
36002 13953 49955
10913 3324 14237
8869 2983 11852
10290 3361 13651
39000 12886 51886
46419 15340 61759
30038 8757 38795
45990 20120 66110
34909 11817 46726
36975 13941 50916
31819 11169 42988
39588 14350 53938
17208 6605 23813
40538 17467 58005
35331 13159 48490
7428 2425 9853
32042 12202 44244
27892 9205 37097
30076 9631 39707
8647 54 8701
18625 6589 25214
46236 17878 64114
12937 4232 17169
31557 13801 45358
30098 12604 42702
14026 4847 18873
65315 21814 87129
14273 4527 18800
16561 5097 21658
23320 8359 31679
12642 3866 16508
75449 30242 105691
72306 25050 97356
53154 21092 74246
40441 16467 56908
11339 4682 16021
43763 12932 56695
10779 3011 13790
25083 8205 33288
19761 7666 27427
6979 2475 9454
11906 4265 16171
93186 33844 127030
16658 4953 21611
9514 3425 12939
10582 3449 14031
7297 2736 10033
42656 16701 59357
95005 35289 130294
27551 10401 37952
28560 8218 36778
33948 12439 46387
52592 18659 71251
40433 14663 55096
39867 16263 56130
12235 4135 16370
39247 15407 54654
69256 26031 95287
48866 18420 67286
56409 22789 79198
55302 19097 74399
28406 8337 36743
14314 4660 18974
36041 12972 49013
39374 14612 53986
66179 23746 89925
29149 10385 39534
21718 6515 28233
34295 15280 49575
9025 2416 11441
18432 6949 25381
23222 8747 31969
36881 13314 50195
21535 6758 28293
85650 33653 119303
31889 11826 43715
30137 10318 40455
38127 18120 56247
30910 12636 43546
9724 2989 12713
32687 13134 45821
29349 11167 40516
16051 5185 21236
34915 13905 48820
61057 23361 84418
22177 8609 30786
23564 7506 31070
47028 22675 69703
44073 15819 59892
6890 1930 8820
66580 23212 89792
34323 12988 47311
8601 2459 11060
4706 1750 6456
23775 8594 32369
7675 2317 9992
17223 6558 23781
24336 10773 35109
22347 8484 30831
42331 16663 58994
7383 2381 9764
15641 6405 22046
21704 8330 30034
88155 34280 122435
37715 13932 51647
35454 14214 49668
34605 12188 46793
53865 22864 76729
39607 18643 58250
32500 11781 44281
20877 8340 29217
33582 12448 46030
10515 4116 14631
24508 10640 35148
18906 6194 25100
8894 3587 12481
7192 2925 10117
12898 3533 16431
34359 13630 47989
38285 13393 51678
15122 5309 20431
25884 8420 34304
35853 12578 48431
21251 6617 27868
40516 14440 54956
52976 17694 70670
8268 2256 10524
17614 6057 23671
51669 20942 72611
15308 5261 20569
72076 31992 104068
53008 20310 73318
19300 6540 25840
27991 11325 39316
85153 38730 123883
33883 12812 46695
52810 20572 73382
24713 8665 33378
29293 14338 43631
31541 8900 40441
13284 5461 18745
25562 10204 35766
50914 18993 69907
35050 10553 45603
45678 15025 60703
17791 7030 24821
33014 15771 48785
11312 3337 14649
16052 5334 21386
17014 5136 22150
8268 2707 10975
20170 6675 26845
51248 18342 69590
35760 14923 50683
23875 8530 32405
11157 3508 14665
42129 14209 56338
12436 3796 16232
22162 10044 32206
29588 10580 40168
21461 7476 28937
16377 6830 23207
12518 6572 19090
14640 5739 20379
27935 10501 38436
17094 7766 24860
38442 13482 51924
15188 4901 20089
26029 10193 36222
35118 12562 47680
42736 14634 57370
29675 9964 39639
50947 18624 69571
17434 5714 23148
72404 28876 101280
53277 17019 70296
30931 16518 47449
19485 8242 27727
40614 14811 55425
22557 9189 31746
33896 14454 48350
11613 3799 15412
25043 10530 35573
29609 12383 41992
20105 6506 26611
51490 20741 72231
79373 29248 108621
19589 7781 27370
51954 21106 73060
24907 9727 34634
10156 4345 14501
22351 9584 31935
52939 17925 70864
37558 14781 52339
24942 8788 33730
26490 9121 35611
66428 22287 88715
43721 15225 58946
21001 7618 28619
26130 10928 37058
46821 18342 65163
41784 19454 61238
82495 32859 115354
19744 7287 27031
16437 6383 22820
7618 2023 9641
17447 5123 22570
25229 8763 33992
24405 10070 34475
46168 19234 65402
28597 12537 41134
17652 5416 23068
46385 17753 64138
27615 8728 36343
9818 2232 12050
39269 15063 54332
95836 39139 134975
37979 11298 49277
14818 6012 20830
42938 14337 57275
44011 14306 58317
11399 3276 14675
44658 16822 61480
21756 8009 29765
28726 10970 39696
79457 33548 113005
17779 6347 24126
43314 17772 61086
15764 6308 22072
10441 3018 13459
42780 18131 60911
39732 15392 55124
47445 20208 67653
55894 20578 76472
41822 15533 57355
60439 23761 84200
32868 10798 43666
53501 23704 77205
19256 6726 25982
14708 6045 20753
38383 15202 53585
90008 39886 129894
96961 33400 130361
34286 10968 45254
27085 11909 38994
19131 8643 27774
21147 8529 29676
71386 27917 99303
46601 18938 65539
26932 10839 37771
36753 13936 50689
41305 15417 56722
28835 11083 39918
41961 15111 57072
27756 12124 39880
19684 6694 26378
51017 15570 66587
35359 12593 47952
48044 21213 69257
10644 3390 14034
43148 17556 60704
23984 7976 31960
35214 14592 49806
13220 3931 17151
54828 21612 76440
33039 11219 44258
11394 2914 14308
105228 34271 139499
89832 31398 121230
44881 19770 64651
37403 14437 51840
24695 8871 33566
29702 11237 40939
27130 9472 36602
43026 16525 59551
60199 20136 80335
47607 15596 63203
79722 30073 109795
26989 9860 36849
88200 33818 122018
19656 6975 26631
31193 12453 43646
10194 3578 13772
27246 10842 38088
65281 28147 93428
20773 7273 28046
9214 3003 12217
