14564 59457 74021
8506 36293 44799
17969 74135 92104
20645 85694 106339
17400 70033 87433
15616 64210 79826
10499 48357 58856
7665 31089 38754
12601 50285 62886
26083 108484 134567
6982 26942 33924
19814 78133 97947
22157 96707 118864
14952 61928 76880
7449 32030 39479
14504 53056 67560
26336 103021 129357
8204 36426 44630
17913 72840 90753
27078 105989 133067
29196 137688 166884
13110 56098 69208
9961 40419 50380
7360 34787 42147
11525 52517 64042
17330 80207 97537
6031 21755 27786
4562 17726 22288
5417 20827 26244
17889 76254 94143
22349 88493 110842
12309 52195 64504
24095 98810 122905
16621 68106 84727
16184 70881 87065
14468 62938 77406
26191 88776 114967
9604 36665 46269
18591 89073 107664
18167 76707 94874
4925 17266 22191
18898 70510 89408
13454 53524 66978
14058 57299 71357
8343 2107 10450
8913 34980 43893
23947 109603 133550
7788 26159 33947
14769 67267 82036
15642 70378 86020
7050 37486 44536
33749 116101 149850
8200 30832 39032
8260 33519 41779
11736 50206 61942
7213 24576 31789
39850 178083 217933
34919 153202 188121
27854 120649 148503
21704 84928 106632
5814 26331 32145
17897 73499 91396
5252 19781 25033
12677 47390 60067
8524 37227 45751
3317 16631 19948
5226 22862 28088
40458 180688 221146
7757 31455 39212
4338 18150 22488
5054 24531 29585
3915 18378 22293
22187 88405 110592
40552 182777 223329
11656 51995 63651
13040 50937 63977
16422 69306 85728
22055 97831 119886
20900 90135 111035
19259 86515 105774
6093 25885 31978
17973 76967 94940
34491 140381 174872
26990 103932 130922
26531 108605 135136
24560 95775 120335
12495 49122 61617
6566 28386 34952
14722 64782 79504
17769 74105 91874
27331 118050 145381
13010 56315 69325
11836 43804 55640
14316 65457 79773
6192 17389 23581
8184 34011 42195
9532 42811 52343
18607 77394 96001
10746 44169 54915
45973 172489 218462
12953 59274 72227
12241 52335 64576
19698 87579 107277
14198 67015 81213
6496 16405 22901
15973 67479 83452
16169 64210 80379
6766 32502 39268
14545 77663 92208
26101 116604 142705
9080 40342 49422
11391 43553 54944
19623 90247 109870
22882 93572 116454
3082 11656 14738
27101 118459 145560
16908 75962 92870
3898 15231 19129
2400 10636 13036
13156 48960 62116
3872 13441 17313
7622 30407 38029
10783 48954 59737
9349 42615 51964
18010 76469 94479
2963 13028 15991
7243 33141 40384
10377 43414 53791
44176 174883 219059
17859 72982 90841
13731 63502 77233
19007 76668 95675
25432 104418 129850
18126 87401 105527
15100 60897 75997
9135 39664 48799
15542 65714 81256
4432 20788 25220
11729 48303 60032
8131 33197 41328
3938 16393 20331
2973 13051 16024
5212 20904 26116
14201 67701 81902
21049 77567 98616
6258 26651 32909
12610 52138 64748
15945 70645 86590
10932 43493 54425
21737 64089 85826
24395 100464 124859
4090 14383 18473
7578 30755 38333
22416 98496 120912
6665 25649 32314
25600 154566 180166
25681 100043 125724
8576 36791 45367
11522 51002 62524
36049 171344 207393
14237 61246 75483
26669 107506 134175
11340 50621 61961
12822 64635 77457
12134 58706 70840
4287 18758 23045
9083 40771 49854
19138 79928 99066
16879 65785 82664
20628 93278 113906
9106 38090 47196
15170 73754 88924
5349 20891 26240
8422 35117 43539
8820 31673 40493
6274 17627 23901
8655 39773 48428
23444 101913 125357
15265 75920 91185
11583 50269 61852
6623 25840 32463
23835 88775 112610
6406 24133 30539
11209 49371 60580
15229 59715 74944
8046 43442 51488
7599 27112 34711
5873 29629 35502
7562 29059 36621
14142 58414 72556
8148 44248 52396
16386 68423 84809
7131 29327 36458
11883 51682 63565
18892 75355 94247
21176 87794 108970
15864 69788 85652
25385 99901 125286
8985 37546 46531
37444 156022 193466
24189 91767 115956
14452 72285 86737
10129 36194 46323
18053 66788 84841
10753 46362 57115
19563 68485 88048
5045 19297 24342
14543 54603 69146
12535 62691 75226
8648 35229 43877
21707 91321 113028
39179 136063 175242
8153 36732 44885
20382 83563 103945
13051 51986 65037
4536 17783 22319
10703 46418 57121
22002 88487 110489
17662 74758 92420
11502 43387 54889
11224 46039 57263
28314 116712 145026
17396 74929 92325
10645 44563 55208
11645 52559 64204
21112 86081 107193
18398 75250 93648
34821 154117 188938
9061 40497 49558
8344 33135 41479
3312 13199 16511
8598 32883 41481
10494 45934 56428
12697 53255 65952
19481 82632 102113
14409 59314 73723
7160 30107 37267
20239 91705 111944
13853 43030 56883
3239 14308 17547
15745 69601 85346
41724 166210 207934
16824 69007 85831
5643 26206 31849
19295 79135 98430
17727 68098 85825
5631 22644 28275
18736 81871 100607
10286 40848 51134
13209 58477 71686
71187 151420 222607
7340 32232 39572
21246 84891 106137
9383 27268 36651
4082 14312 18394
17449 64170 81619
21711 80851 102562
21279 92634 113913
28330 104534 132864
20745 80437 101182
28782 116832 145614
13681 51973 65654
22351 114877 137228
7514 31362 38876
6192 26293 32485
15596 74991 90587
46112 149781 195893
39337 147136 186473
16619 67050 83669
11673 48166 59839
8272 39216 47488
10094 42012 52106
35069 122773 157842
22234 101837 124071
12708 54566 67274
16479 74332 90811
18148 85712 103860
12809 60343 73152
16804 74946 91750
12706 53610 66316
8135 30423 38558
21198 84511 105709
15823 66323 82146
23298 104766 128064
4585 19334 23919
15990 76739 92729
9827 39650 49477
15024 68456 83480
5954 25151 31105
23398 108804 132202
12514 58762 71276
4335 15838 20173
44432 193617 238049
37759 157866 195625
19437 85419 104856
15669 74325 89994
11232 48352 59584
12446 55747 68193
13564 55423 68987
19793 84904 104697
25330 115649 140979
21587 85865 107452
34144 136614 170758
13190 50949 64139
37224 159990 197214
10185 35903 46088
14587 75275 89862
4930 20912 25842
12924 69220 82144
32695 139887 172582
9218 43114 52332
4029 17636 21665
