8093 79339 87432
4618 48026 52644
9110 91444 100554
9803 98719 108522
9120 94220 103340
8834 90899 99733
4979 57170 62149
4251 42964 47215
6785 69451 76236
12613 132941 145554
3509 38751 42260
11863 117895 129758
12338 136851 149189
9267 85740 95007
3898 44229 48127
6594 67301 73895
13364 145969 159333
4936 50572 55508
9148 94073 103221
15395 140463 155858
15781 189694 205475
8144 88713 96857
5214 59222 64436
4128 45855 49983
6242 73936 80178
8946 114233 123179
3375 32005 35380
2704 26944 29648
2406 31769 34175
12978 107261 120239
12070 114997 127067
7030 65578 72608
13000 131998 144998
8405 85212 93617
8476 93524 102000
7558 84900 92458
10741 112027 122768
4630 46159 50789
10172 108133 118305
8948 107249 116197
2349 23156 25505
8748 94137 102885
6769 77501 84270
8602 75470 84072
7759 6959 14718
3962 46918 50880
13387 149220 162607
3206 38839 42045
10103 103293 113396
8033 91730 99763
3738 40597 44335
14626 147660 162286
3983 40445 44428
4846 47914 52760
6183 67961 74144
2831 33435 36266
18660 193002 211662
18028 189457 207485
14429 157182 171611
10659 111985 122644
3281 37457 40738
11289 123710 134999
2660 27840 30500
5777 57910 63687
5062 56103 61165
1889 20650 22539
3063 33721 36784
22251 214762 237013
4072 46930 51002
2283 25442 27725
2354 30715 33069
1827 19063 20890
13198 110064 123262
24162 247254 271416
7129 74023 81152
7015 70608 77623
8971 102758 111729
14353 129736 144089
9443 99996 109439
10622 111952 122574
2922 32010 34932
11477 117848 129325
17172 165322 182494
14168 141706 155874
13609 158270 171879
13291 147826 161117
5819 59187 65006
3422 35166 38588
8915 95567 104482
9417 99483 108900
16260 174473 190733
9003 75429 84432
6500 65543 72043
8152 93040 101192
2332 28106 30438
4591 53632 58223
6434 71666 78100
8684 83851 92535
6100 62344 68444
22924 224938 247862
7778 87435 95213
6629 72484 79113
10539 111093 121632
7193 88636 95829
3186 26820 30006
7816 80444 88260
6447 75686 82133
3687 36580 40267
8467 105031 113498
14910 165927 180837
5456 58465 63921
5410 60181 65591
11144 115743 126887
9975 106394 116369
1558 18171 19729
14771 155111 169882
9124 98968 108092
2038 20260 22298
1227 16242 17469
5213 56036 61249
2193 21674 23867
3803 42141 45944
5876 71974 77850
4854 60183 65037
9883 95203 105086
1608 17791 19399
3676 47388 51064
5162 50431 55593
20251 228829 249080
9524 94726 104250
7525 86754 94279
9146 89688 98834
13586 149468 163054
9184 109661 118845
7449 80687 88136
6526 59195 65721
9421 84701 94122
2589 29167 31756
6555 73459 80014
4742 50686 55428
2322 27197 29519
1782 20848 22630
3120 33087 36207
8921 99312 108233
9653 101779 111432
4564 46819 51383
8554 78751 87305
10484 108030 118514
7245 78743 85988
9075 93383 102458
13377 141979 155356
2483 23747 26230
4185 42299 46484
12000 124801 136801
4250 40906 45156
14776 182756 197532
12148 125635 137783
4101 43435 47536
7463 78135 85598
19093 215869 234962
8580 92360 100940
14271 147473 161744
5974 62996 68970
6853 82788 89641
6398 70671 77069
2292 25765 28057
5211 61864 67075
11962 121311 133273
8564 80216 88780
10148 103361 113509
4091 47315 51406
7096 86252 93348
2688 28050 30738
3897 44046 47943
3749 36877 40626
1924 21649 23573
4180 47725 51905
11815 131157 142972
8203 88622 96825
5710 58092 63802
2488 28629 31117
10652 94719 105371
3605 33112 36717
6419 62290 68709
7180 80789 87969
4006 44782 48788
4895 45950 50845
2969 39924 42893
3209 37188 40397
5620 66549 72169
3914 47196 51110
8789 97857 106646
3818 40147 43965
5935 70535 76470
9207 95500 104707
10706 111147 121853
6208 71927 78135
13011 121242 134253
4581 48516 53097
21078 194530 215608
11573 118754 130327
7211 83797 91008
5118 46992 52110
10471 101042 111513
6251 54832 61083
9438 97429 106867
2392 28141 30533
6531 77095 83626
7113 83964 91077
5795 60032 65827
12183 135052 147235
19385 203711 223096
4728 55719 60447
12124 123617 135741
5384 78614 83998
2937 31704 34641
5161 64612 69773
12750 135000 147750
9190 98145 107335
6333 66579 72912
5419 62523 67942
15497 162640 178137
10028 111902 121930
5617 58920 64537
6000 69123 75123
11130 113249 124379
9601 100259 109860
17774 181325 199099
4424 52760 57184
4234 45236 49470
1861 21240 23101
4470 46497 50967
6158 68178 74336
5877 63754 69631
9956 108210 118166
6358 69102 75460
3757 40565 44322
11199 115615 126814
5743 58694 64437
1932 21399 23331
9510 104865 114375
22013 237835 259848
8693 93844 102537
2991 35234 38225
9064 93756 102820
9191 89993 99184
2715 27977 30692
10404 103475 113879
4907 55845 60752
6991 77513 84504
18208 180093 198301
3995 49037 53032
9833 113926 123759
3630 39379 43009
2347 23489 25836
10913 93492 104405
9865 109263 119128
9876 111420 121296
13458 149669 163127
8936 98266 107202
15310 158653 173963
8076 80427 88503
11976 155622 167598
4557 47734 52291
3135 36273 39408
8522 87648 96170
21032 236300 257332
18182 211500 229682
7307 81968 89275
5584 63242 68826
4627 50350 54977
5017 47956 52973
17186 200900 218086
11070 117483 128553
5981 67291 73272
8098 90022 98120
9062 97745 106807
6821 74339 81160
8424 87904 96328
6592 74642 81234
4570 46741 51311
12576 122220 134796
8945 94040 102985
14442 125797 140239
2222 27014 29236
7675 88736 96411
5777 55082 60859
6997 80700 87697
3087 38004 41091
10845 120126 130971
7621 81089 88710
2303 24945 27248
22510 219299 241809
19896 206818 226714
9690 94273 103963
8597 97851 106448
5195 67083 72278
7052 79070 86122
11267 87617 98884
12343 113951 126294
16557 161806 178363
15701 134758 150459
20414 182404 202818
5748 66216 71964
22861 196259 219120
4132 43497 47629
7772 81878 89650
2297 26777 29074
6996 74343 81339
16030 176890 192920
4698 53722 58420
2060 20410 22470
