18598 65907 84505
6069 43780 49849
12955 88484 101439
12229 90144 102373
12931 84251 97182
10435 71601 82036
6307 51156 57463
5341 37639 42980
10023 53424 63447
17843 125610 143453
5836 37059 42895
14739 117774 132513
15559 127280 142839
11697 78334 90031
5370 35300 40670
7689 60821 68510
17457 115022 132479
6737 43640 50377
11942 101198 113140
22810 158378 181188
20383 155043 175426
10609 84002 94611
8233 61835 70068
6181 43548 49729
9543 66729 76272
13773 93167 106940
4549 29123 33672
3070 20628 23698
3178 22854 26032
12978 91790 104768
16383 107527 123910
8746 56395 65141
16355 113260 129615
11906 84064 95970
11997 87398 99395
10439 76730 87169
19170 139051 158221
9978 47654 57632
13838 117970 131808
22781 94832 117613
2877 28166 31043
15245 104665 119910
9755 68981 78736
10073 69389 79462
8593 4917 13510
6471 43028 49499
17899 133569 151468
4935 37125 42060
13757 81183 94940
10704 79559 90263
6643 44925 51568
23726 154073 177799
6430 38666 45096
5955 48501 54456
9458 61345 70803
3903 27047 30950
27499 198482 225981
25717 192320 218037
18828 130088 148916
12764 95798 108562
4391 33393 37784
14512 99960 114472
3612 25666 29278
9151 59289 68440
6811 53695 60506
3022 19733 22755
4776 31722 36498
29492 201533 231025
5962 36687 42649
2906 21226 24132
3976 28399 32375
2564 18348 20912
15336 108139 123475
31233 215115 246348
10095 67197 77292
9949 64762 74711
11914 76940 88854
15312 104038 119350
13791 101495 115286
13386 99193 112579
4867 31210 36077
17606 101970 119576
24429 166316 190745
17270 116600 133870
21086 151476 172562
19052 131567 150619
9216 65994 75210
5405 33715 39120
14507 87786 102293
14215 104316 118531
23908 158969 182877
10630 73871 84501
8648 55679 64327
11187 81373 92560
3241 23165 26406
6539 48906 55445
6936 55987 62923
11845 83068 94913
7768 55618 63386
30235 210878 241113
10864 75537 86401
9944 69352 79296
13926 101789 115715
12677 78393 91070
3879 22042 25921
11706 82864 94570
9833 77196 87029
5523 36457 41980
11431 81061 92492
19916 145555 165471
6761 53014 59775
8934 62505 71439
16078 112971 129049
14715 106298 121013
2305 16174 18479
23806 147141 170947
12524 87565 100089
3014 19882 22896
2174 13337 15511
8035 53149 61184
3312 20181 23493
5761 42818 48579
9121 69777 78898
7336 55486 62822
14858 101345 116203
2565 18289 20854
5797 44541 50338
7965 50732 58697
29903 227492 257395
13780 98662 112442
11733 87063 98796
13011 96294 109305
18717 134292 153009
18638 106395 125033
11587 78609 90196
6988 51058 58046
12102 82976 95078
3180 26729 29909
10229 67033 77262
6319 46708 53027
2771 23520 26291
2680 19419 22099
3742 28282 32024
11571 84434 96005
13055 94371 107426
5116 37024 42140
9816 70302 80118
15846 95838 111684
7511 55723 63234
13073 79313 92386
18516 121220 139736
3158 21104 24262
5919 43349 49268
16583 114326 130909
6060 37565 43625
20908 167539 188447
18581 119368 137949
6021 47463 53484
10153 71160 81313
28809 198227 227036
12480 82302 94782
20197 148453 168650
9248 67139 76387
9706 76309 86015
9901 63196 73097
3289 23652 26941
6662 49694 56356
15953 109281 125234
14370 90406 104776
14562 104624 119186
7069 46858 53927
10493 90620 101113
3688 28594 32282
6323 45224 51547
5614 38310 43924
2973 21991 24964
6193 51793 57986
19645 119418 139063
14645 86942 101587
8128 60483 68611
4101 30070 34171
13735 99476 113211
5047 30123 35170
7666 57299 64965
9925 65729 75654
5520 41807 47327
5486 35783 41269
3956 32251 36207
4656 35482 40138
8008 60826 68834
5581 49061 54642
11720 84975 96695
5458 35424 40882
9387 66283 75670
13356 96714 110070
16742 108964 125706
10557 67571 78128
17642 118768 136410
6265 46604 52869
25191 158219 183410
16965 108163 125128
9669 73222 82891
6618 49062 55680
14484 93645 108129
7764 57515 65279
12198 81920 94118
3623 29992 33615
9695 74158 83853
10419 81799 92218
7431 55604 63035
17082 124337 141419
29926 198879 228805
7873 50224 58097
17658 111134 128792
9216 64536 73752
3168 27630 30798
7437 57100 64537
19289 124798 144087
12091 83009 95100
8747 57868 66615
13204 64069 77273
21915 145307 167222
13129 99955 113084
7340 54754 62094
9045 67500 76545
15223 100346 115569
13584 99335 112919
26618 188392 215010
6587 49427 56014
6239 41824 48063
2597 19193 21790
6025 42249 48274
8840 63547 72387
8906 64982 73888
14673 106495 121168
10150 62679 72829
5679 37015 42694
14487 105662 120149
9195 59167 68362
2299 17274 19573
12362 88000 100362
28266 210425 238691
11745 78765 90510
4733 33737 38470
12634 95879 108513
13635 91035 104670
3556 25460 29016
15239 111917 127156
6960 46863 53823
9969 70836 80805
26590 186354 212944
5911 44219 50130
14816 111508 126324
6123 39424 45547
3037 22217 25254
12981 81589 94570
12175 91517 103692
13701 103649 117350
17966 119461 137427
17520 94152 111672
20139 137908 158047
11988 67783 79771
17864 147553 165417
5456 39642 45098
4907 34961 39868
11969 83189 95158
27806 199701 227507
28763 200658 229421
11704 80104 91808
8626 58737 67363
5530 43320 48850
6791 44861 51652
23265 157868 181133
16603 122434 139037
9162 62912 72074
11591 84455 96046
12598 93037 105635
9173 62820 71993
12368 83703 96071
9215 67242 76457
5554 44816 50370
15083 105177 120260
11243 82199 93442
17316 117765 135081
2986 22718 25704
12932 90195 103127
8150 57377 65527
11501 83835 95336
4194 39213 43407
16971 132351 149322
10678 69947 80625
3040 25562 28602
30852 244858 275710
28769 197153 225922
15228 95204 110432
13704 91136 104840
8435 60438 68873
8684 63460 72144
9653 63926 73579
14320 101394 115714
20700 144273 164973
15667 103060 118727
26301 183288 209589
8537 62874 71411
27128 165132 192260
5929 42670 48599
10868 73845 84713
3119 24932 28051
10006 67890 77896
22416 164287 186703
6692 50456 57148
2785 19676 22461
