6442 86799 93241
3448 46320 49768
7563 98135 105698
7744 96361 104105
6886 86495 93381
7020 93571 100591
4328 61896 66224
3408 45018 48426
5621 70562 76183
9240 131272 140512
2912 41975 44887
8418 106203 114621
9339 132917 142256
6032 85739 91771
3016 42064 45080
5366 69864 75230
10743 133835 144578
3486 47473 50959
6826 95462 102288
11040 137132 148172
11212 175913 187125
5579 77155 82734
3966 54571 58537
3154 45631 48785
5751 77870 83621
6471 99072 105543
2429 30541 32970
2335 24615 26950
2052 26411 28463
7974 103562 111536
9236 117726 126962
12789 68019 80808
9197 117853 127050
6321 86378 92699
6101 85598 91699
5663 77758 83421
8019 109454 117473
3699 46974 50673
7576 100968 108544
7526 98216 105742
1695 21203 22898
6534 89065 95599
4748 72974 77722
5371 71381 76752
6514 7687 14201
3813 52181 55994
13396 141989 155385
2706 34635 37341
6585 88098 94683
6629 91957 98586
2725 39029 41754
12129 157409 169538
3142 42220 45362
3498 45108 48606
4812 63732 68544
2385 34154 36539
15088 210961 226049
13479 179608 193087
12822 159493 172315
8193 108166 116359
2420 36874 39294
8221 102058 110279
2130 30121 32251
5167 61716 66883
3812 57936 61748
1546 21500 23046
2614 34887 37501
17837 233815 251652
3022 41581 44603
1775 24514 26289
2092 31900 33992
1361 19298 20659
8527 111150 119677
23408 235958 259366
5351 68440 73791
5451 66789 72240
6509 86516 93025
8980 117667 126647
8167 113699 121866
8490 115192 123682
2373 35576 37949
7548 134937 142485
14154 174939 189093
10863 141633 152496
12424 167230 179654
12847 146705 159552
6042 69888 75930
2643 37762 40405
7479 97204 104683
10911 144944 155855
14373 178398 192771
6972 91649 98621
6092 66433 72525
7376 97849 105225
2402 28943 31345
3440 81925 85365
5209 83816 89025
10128 126196 136324
4336 53682 58018
17200 212458 229658
5363 79760 85123
5412 75627 81039
7337 98990 106327
5626 80276 85902
1992 26380 28372
6394 86472 92866
5117 76438 81555
2843 38196 41039
6978 97507 104485
11468 153342 164810
4647 61773 66420
4863 61416 66279
9009 119385 128394
9046 135159 144205
1226 20162 21388
13690 159507 173197
6728 91210 97938
1791 24343 26134
1980 15357 17337
4782 58856 63638
1797 22568 24365
3136 41991 45127
4864 78331 83195
4017 57151 61168
8801 104765 113566
1322 22010 23332
3341 48510 51851
5198 58572 63770
17809 230264 248073
8271 108256 116527
6107 87640 93747
7677 105422 113099
11731 154837 166568
8037 128179 136216
15716 113610 129326
5882 71076 76958
8181 97175 105356
2716 31307 34023
6162 78287 84449
3845 53089 56934
1991 28035 30026
1384 21057 22441
2863 32800 35663
8990 110991 119981
8256 117447 125703
2963 47996 50959
5875 82351 88226
8763 106911 115674
4898 70481 75379
7553 128509 136062
15025 154476 169501
2115 23661 25776
3611 48503 52114
10870 137301 148171
3197 40709 43906
12256 189154 201410
11692 148380 160072
3479 49766 53245
6112 80218 86330
15178 214442 229620
6713 100155 106868
13311 158207 171518
6126 75577 81703
5830 86743 92573
5748 74391 80139
2022 29763 31785
4228 62545 66773
9040 120062 129102
7558 95529 103087
9190 121104 130294
3622 47980 51602
6811 105040 111851
2149 31242 33391
3102 43891 46993
3396 44459 47855
1629 24173 25802
3542 49019 52561
9902 130102 140004
6974 96004 102978
5894 65753 71647
2166 37406 39572
9017 106221 115238
2857 36559 39416
4999 71131 76130
9567 83610 93177
3377 51074 54451
3367 45559 48926
2478 39952 42430
3128 43294 46422
5620 77911 83531
3461 50855 54316
7400 97834 105234
3442 38869 42311
5467 74217 79684
7211 96076 103287
9236 109852 119088
6028 77919 83947
9491 126804 136295
3752 48959 52711
14313 181465 195778
10381 135049 145430
5846 91967 97813
3792 56092 59884
8831 106300 115131
4692 64739 69431
7346 98519 105865
2406 32868 35274
5898 79449 85347
6007 88349 94356
4862 62211 67073
11649 143712 155361
15914 201310 217224
4928 54296 59224
9736 127143 136879
5331 71809 77140
2586 29614 32200
4478 69308 73786
11362 146832 158194
7969 97910 105879
5548 70951 76499
5165 71204 76369
12765 177387 190152
10244 115089 125333
4417 60546 64963
5416 79714 85130
9161 115873 125034
9769 114998 124767
16920 198587 215507
4035 55805 59840
3037 44859 47896
1453 23526 24979
3918 45434 49352
5321 70462 75783
6357 77078 83435
8695 117871 126566
6058 77653 83711
2826 41240 44066
9647 131531 141178
5863 73188 79051
1885 22067 23952
7489 109333 116822
17831 279689 297520
7247 95797 103044
3178 40748 43926
8241 107931 116172
8898 106844 115742
2170 33055 35225
9834 130682 140516
5238 60548 65786
5792 82284 88076
16944 206347 223291
3207 52068 55275
9536 139442 148978
3507 45678 49185
2064 25495 27559
9656 104018 113674
8802 110204 119006
8532 125043 133575
11888 157295 169183
8402 119063 127465
13322 177661 190983
6591 87831 94422
10810 172304 183114
3753 48336 52089
2855 43351 46206
7930 103106 111036
19861 229944 249805
15848 203130 218978
7014 93936 100950
6665 71942 78607
4021 50043 54064
4877 60422 65299
16080 194139 210219
10091 138686 148777
5532 79351 84883
7645 103476 111121
9277 114148 123425
5633 80326 85959
8260 99265 107525
5510 78507 84017
3442 46716 50158
9061 128545 137606
7093 92408 99501
10847 134849 145696
2091 27788 29879
7664 106167 113831
4971 65237 70208
6038 94931 100969
2874 37164 40038
10829 149957 160786
6526 87776 94302
1986 28233 30219
18995 261282 280277
16086 218530 234616
8752 113888 122640
6407 103118 109525
5068 68717 73785
6518 77156 83674
6279 78293 84572
8472 111396 119868
14233 155578 169811
9429 128477 137906
15510 195040 210550
6246 66347 72593
15911 193891 209802
4016 50617 54633
5943 83721 89664
1891 28602 30493
5869 78838 84707
14030 177252 191282
4095 56443 60538
1724 24582 26306
