4 128.191311
5 128.424276
6 129.784157
7 129.235516
8 129.906135
9 129.820163
10 130.469846
11 130.005673
12 129.894776
13 129.961042
14 130.228468
15 130.210875
16 130.700824
17 130.238196
18 130.761990
19 131.284109
20 131.024920
21 130.991843
22 131.470494
23 131.941468
24 131.422737
25 132.197744
27 132.063391
28 132.637385
29 132.565474
30 132.493234
32 133.577083
33 133.468747
35 133.807673
37 134.216096
38 134.485622
40 134.874788
42 135.722510
44 135.727343
47 136.144404
49 136.398026
52 137.060827
54 137.084202
57 137.701913
60 138.622869
63 139.691346
66 140.745090
69 140.709936
72 141.880340
75 143.715782
78 143.659619
81 144.694462
84 144.573407
86 145.461433
89 145.489551
91 145.515221
93 145.719147
95 146.918837
96 147.573503
