2 29.809593
4 30.033321
6 29.839128
8 30.286702
10 30.218311
12 30.164157
14 29.958997
16 30.171112
18 29.712897
20 29.886042
22 29.867215
24 30.010926
26 29.870125
28 29.958631
30 29.860891
32 29.944196
34 29.880324
36 29.689189
38 29.617192
40 29.874833
42 29.721067
44 29.751862
46 29.475215
48 29.634699
50 29.600311
52 29.818503
54 29.578176
56 29.549231
58 29.437436
60 29.615372
62 29.497321
64 29.812163
66 30.024288
68 29.905321
70 29.731077
72 29.853330
74 29.605439
76 29.834170
78 29.944404
80 29.886583
82 29.966170
84 29.820221
86 29.820154
88 29.827321
90 30.066484
92 29.790474
94 29.842881
96 29.856503
98 29.666641
100 29.835673
