23993 37032 61025
15571 23138 38709
28261 43647 71908
34060 46912 80972
28474 42938 71412
26474 42486 68960
18630 26277 44907
13092 21723 34815
21254 30414 51668
41010 62598 103608
12239 17720 29959
37554 51516 89070
41670 62856 104526
28877 41416 70293
13656 20445 34101
21022 31577 52599
45310 67712 113022
16802 23891 40693
30929 48039 78968
47642 74315 121957
59476 93834 153310
24124 38190 62314
18632 29016 47648
15118 21072 36190
22997 34688 57685
32116 49655 81771
9522 15108 24630
7878 12161 20039
9074 13183 22257
35510 49358 84868
42113 58921 101034
21823 32471 54294
42702 63377 106079
29437 42548 71985
27804 42118 69922
25499 38512 64011
42891 56426 99317
15309 23090 38399
33393 55989 89382
31432 46370 77802
6592 13382 19974
27393 43552 70945
21269 48642 69911
24342 35455 59797
6835 11984 18819
12468 20685 33153
44115 64081 108196
10463 17053 27516
27347 42114 69461
26408 41693 68101
12299 19034 31333
55063 83162 138225
11965 20286 32251
15820 21321 37141
21864 30960 52824
10905 14526 25431
69890 109092 178982
62579 94504 157083
51821 75342 127163
37670 62768 100438
10597 16247 26844
35672 55261 90933
10587 14387 24974
20496 30041 50537
16664 28770 45434
6141 10421 16562
10990 17123 28113
81078 114992 196070
12834 21107 33941
7361 11899 19260
10767 14201 24968
5308 8394 13702
37221 56107 93328
91724 123650 215374
22324 33722 56046
21848 33624 55472
28847 44534 73381
40457 59382 99839
35331 54993 90324
36719 56460 93179
12196 18758 30954
34233 55027 89260
63704 90042 153746
46616 68721 115337
51249 82133 133382
45517 69837 115354
20741 29910 50651
11398 18095 29493
28568 46623 75191
32351 52233 84584
54219 86404 140623
26133 40412 66545
20774 30671 51445
28892 47343 76235
7758 13600 21358
15401 25795 41196
18569 28907 47476
30047 46970 77017
18926 30335 49261
80023 111143 191166
25401 40326 65727
23921 38157 62078
35787 56281 92068
28507 40804 69311
9183 12254 21437
26381 41203 67584
25263 39135 64398
12358 19500 31858
29218 43511 72729
49458 82434 131892
21050 29454 50504
20828 31700 52528
42167 67735 109902
38800 56473 95273
5460 8216 13676
55430 91502 146932
30348 52878 83226
6971 11153 18124
4361 8043 12404
21628 34483 56111
6287 10511 16798
14951 23006 37957
21715 36353 58068
21200 29058 50258
35600 53007 88607
5604 9014 14618
15149 23584 38733
18571 26960 45531
76894 120702 197596
33443 54536 87979
29537 46200 75737
35197 46400 81597
49629 69115 118744
38796 59587 98383
29055 46526 75581
17700 29839 47539
31577 47219 78796
8950 15055 24005
20471 34223 54694
16169 24987 41156
7855 12902 20757
6065 9280 15345
9684 16158 25842
28282 45822 74104
33585 47771 81356
14595 18980 33575
21224 34072 55296
36106 48187 84293
19327 29897 49224
29661 51511 81172
45851 65229 111080
7821 11224 19045
15570 23279 38849
41999 63257 105256
11961 20608 32569
52216 86071 138287
51927 67979 119906
17443 25858 43301
25309 38592 63901
70846 110558 181404
28617 51108 79725
46876 72811 119687
22764 33383 56147
25295 38830 64125
24035 33452 57487
8937 13951 22888
18807 26794 45601
37783 55727 93510
27422 43269 70691
35302 58664 93966
15143 22576 37719
28944 45489 74433
9182 13940 23122
12560 19432 31992
12733 20196 32929
7017 10956 17973
14896 23288 38184
45394 96661 142055
29924 48086 78010
20727 29921 50648
9437 14653 24090
37351 52296 89647
9536 16932 26468
20361 29749 50110
22863 35923 58786
15243 23704 38947
12913 22932 35845
9676 19063 28739
12055 19109 31164
22648 33449 56097
14716 24608 39324
29777 47539 77316
13214 17778 30992
19854 31709 51563
40187 45199 85386
36588 54074 90662
22227 34934 57161
42913 62857 105770
16696 22403 39099
95965 89268 185233
46218 60446 106664
24280 43974 68254
16247 24389 40636
35778 51781 87559
18195 29069 47264
27222 43702 70924
10588 15145 25733
20237 33822 54059
23201 36585 59786
16032 29099 45131
42321 63719 106040
66645 101195 167840
15759 26112 41871
47299 55511 102810
20736 30553 51289
7859 12615 20474
18417 29595 48012
42192 62666 104858
28827 45867 74694
20583 32340 52923
20806 31659 52465
50792 77078 127870
35102 57777 92879
20389 27273 47662
22314 35623 57937
36168 53059 89227
34519 55398 89917
65337 98381 163718
15407 23589 38996
12654 19489 32143
5693 9118 14811
12809 20219 33028
20626 30469 51095
20946 31865 52811
37408 58369 95777
22336 33311 55647
13413 19221 32634
36621 54302 90923
21436 30983 52419
6108 9636 15744
29674 48242 77916
80005 121674 201679
31520 45275 76795
11434 20313 31747
33746 50787 84533
35519 48925 84444
8580 14739 23319
41588 54374 95962
18239 26274 44513
23551 36551 60102
68445 98582 167027
13012 22326 35338
36647 58408 95055
12530 19317 31847
7089 10669 17758
34800 47189 81989
32994 51217 84211
36637 54695 91332
49449 68630 118079
33316 50993 84309
47232 73981 121213
26440 37311 63751
45571 89000 134571
13991 21867 35858
11128 18075 29203
27919 44681 72600
71810 99716 171526
63822 95848 159670
24109 42196 66305
20088 30432 50520
13846 23174 37020
17554 24234 41788
57140 101497 158637
42105 58142 100247
21010 37184 58194
28675 46794 75469
30150 50320 80470
20251 31957 52208
28920 47371 76291
21802 31811 53613
14579 21892 36471
36692 59977 96669
29495 48968 78463
41493 62440 103933
7360 11679 19039
26639 48073 74712
18407 28123 46530
24909 52688 77597
9929 16804 26733
42175 66535 108710
23050 35641 58691
6698 10766 17464
84315 113027 197342
61529 97650 159179
32630 49943 82573
27869 43817 71686
17958 27604 45562
20177 32024 52201
20968 33582 54550
34653 51595 86248
42520 68730 111250
35140 52493 87633
59520 91698 151218
22247 29893 52140
64631 93415 158046
14394 21881 36275
22216 36017 58233
7439 11834 19273
22526 32106 54632
50160 85193 135353
16125 24040 40165
6270 10562 16832
