36344 0 36344
21165 0 21165
42338 0 42338
47784 0 47784
40598 0 40598
39950 0 39950
25599 1 25600
19385 0 19385
29774 1 29775
65970 0 65970
18506 0 18506
56061 0 56061
60001 0 60001
43317 0 43317
20941 0 20941
35058 0 35058
61080 0 61080
21345 0 21345
44491 0 44491
60513 0 60513
80468 0 80468
36157 0 36157
24538 1 24539
19522 0 19522
33745 0 33745
47020 0 47020
13434 0 13434
11088 0 11088
11258 0 11258
43767 0 43767
56316 0 56316
31920 0 31920
54378 0 54378
39710 0 39710
38779 0 38779
35062 0 35062
50528 0 50528
22316 0 22316
48369 0 48369
42272 0 42272
9629 0 9629
41691 0 41691
31495 0 31495
33839 0 33839
9632 0 9632
22028 0 22028
60024 0 60024
16028 1 16029
41832 0 41832
39219 0 39219
17037 0 17037
79218 0 79218
18060 0 18060
20966 0 20966
30487 0 30487
14633 1 14634
103221 0 103221
89062 0 89062
70885 0 70885
54349 0 54349
14923 0 14923
53580 0 53580
13252 0 13252
32959 0 32959
24217 1 24218
9586 0 9586
17684 1 17685
117917 0 117917
18732 0 18732
10183 0 10183
12996 0 12996
7911 0 7911
52488 0 52488
122527 0 122527
32266 0 32266
33274 0 33274
39527 0 39527
56821 0 56821
46991 0 46991
51153 0 51153
14799 0 14799
49037 1 49038
87553 0 87553
61906 0 61906
71521 1 71522
65513 0 65513
29032 0 29032
16763 0 16763
40485 0 40485
47107 0 47107
78292 0 78292
37386 1 37387
26226 0 26226
38999 0 38999
11286 0 11286
25760 0 25760
27053 0 27053
45920 0 45920
25591 0 25591
118789 0 118789
37908 0 37908
35359 1 35360
47361 0 47361
34851 0 34851
11636 0 11636
38423 0 38423
32816 0 32816
20592 1 20593
39727 0 39727
69049 1 69050
26098 0 26098
33373 0 33373
62221 0 62221
57008 0 57008
11599 0 11599
76788 1 76789
42595 0 42595
11393 0 11393
6296 0 6296
29494 1 29495
9299 0 9299
20086 0 20086
28921 0 28921
26361 1 26362
48649 0 48649
8150 0 8150
19349 0 19349
25215 0 25215
111684 1 111685
47042 0 47042
39755 0 39755
43402 0 43402
64569 0 64569
49387 0 49387
39041 0 39041
27429 0 27429
42997 0 42997
12537 1 12538
30469 0 30469
22769 0 22769
10856 1 10857
8994 0 8994
13880 0 13880
44765 1 44766
45189 0 45189
16785 0 16785
32194 1 32195
44852 0 44852
26509 0 26509
42797 0 42797
63953 0 63953
10211 0 10211
20574 1 20575
57021 0 57021
18247 1 18248
73166 0 73166
63799 0 63799
21940 0 21940
36764 0 36764
95733 0 95733
39381 0 39381
71180 0 71180
33881 0 33881
36593 0 36593
34488 0 34488
12532 0 12532
28612 0 28612
56716 0 56716
42651 0 42651
48215 0 48215
20919 0 20919
40113 0 40113
13247 0 13247
18906 0 18906
19855 0 19855
9660 1 9661
21431 1 21432
57389 1 57390
43072 0 43072
26209 0 26209
14112 1 14113
46997 0 46997
13829 0 13829
25653 0 25653
38137 0 38137
22002 0 22002
20439 0 20439
15717 0 15717
19469 1 19470
31635 0 31635
22451 0 22451
48502 0 48502
17543 0 17543
38255 0 38255
45766 1 45767
52595 1 52596
33911 0 33911
57699 1 57700
19609 0 19609
85407 0 85407
56439 0 56439
35643 1 35644
21833 0 21833
48253 0 48253
26089 0 26089
39935 0 39935
12697 0 12697
30050 0 30050
37576 1 37577
24806 0 24806
63901 0 63901
95097 0 95097
22383 1 22384
60703 1 60704
33386 1 33387
12367 0 12367
26000 0 26000
60323 0 60323
42347 1 42348
28987 1 28988
30452 0 30452
74374 0 74374
47327 0 47327
25817 0 25817
33760 0 33760
52003 0 52003
48435 0 48435
90083 0 90083
22027 0 22027
20294 0 20294
8412 0 8412
20864 0 20864
29912 0 29912
32412 0 32412
48953 0 48953
32189 0 32189
16514 1 16515
47471 0 47471
28549 0 28549
8798 0 8798
43984 0 43984
109083 0 109083
39938 0 39938
15409 0 15409
46063 0 46063
45292 0 45292
14596 0 14596
49827 0 49827
24126 0 24126
34805 0 34805
99254 1 99255
19171 0 19171
49367 0 49367
18714 0 18714
9510 0 9510
45323 0 45323
47503 0 47503
55368 0 55368
66410 0 66410
48621 0 48621
73727 0 73727
37024 1 37025
60739 0 60739
21207 0 21207
17795 0 17795
42581 0 42581
106989 1 106990
104288 0 104288
40586 0 40586
32210 0 32210
22145 1 22146
25566 1 25567
88475 0 88475
57371 0 57371
33861 0 33861
41404 1 41405
47035 0 47035
32244 0 32244
43227 0 43227
30221 0 30221
22939 1 22940
51990 0 51990
43149 0 43149
59596 0 59596
11073 0 11073
42689 0 42689
28235 0 28235
41219 0 41219
17291 0 17291
62952 0 62952
41699 0 41699
10966 0 10966
128697 0 128697
100510 0 100510
50905 0 50905
44832 0 44832
27090 0 27090
35299 1 35300
33975 0 33975
50836 0 50836
67219 0 67219
54026 0 54026
102347 0 102347
29919 0 29919
97820 0 97820
21260 1 21261
35893 0 35893
11241 0 11241
34521 0 34521
80188 0 80188
23016 0 23016
9404 0 9404
