5155 99889 105044
2487 55528 58015
5596 147387 152983
5958 122068 128026
4992 109274 114266
4957 103592 108549
2907 68900 71807
2401 48678 51079
3260 80695 83955
6921 158392 165313
2565 46631 49196
5847 134568 140415
6727 199292 206019
4917 101011 105928
2297 53150 55447
3866 81504 85370
7390 165023 172413
2569 61100 63669
5159 112966 118125
7819 167073 174892
10175 214970 225145
4461 109981 114442
2790 65567 68357
2485 54892 57377
4230 89045 93275
5177 116557 121734
1715 38744 40459
1654 31323 32977
1293 33323 34616
5423 117764 123187
6633 141143 147776
3565 84822 88387
6595 151128 157723
5175 102472 107647
5211 102147 107358
4518 98021 102539
6049 128794 134843
2481 58439 60920
6278 131084 137362
5824 102298 108122
1129 26049 27178
4947 105662 110609
3582 83956 87538
4193 89366 93559
1521 28179 29700
2291 51634 53925
6506 163204 169710
1913 41403 43316
4839 109323 114162
4882 100610 105492
1893 44193 46086
9676 186446 196122
1988 49691 51679
2332 54343 56675
3557 81833 85390
1825 39965 41790
12917 264029 276946
11848 224290 236138
10918 184700 195618
6425 134428 140853
1851 39700 41551
6080 119982 126062
1886 37341 39227
3338 76847 80185
3100 66409 69509
1661 24081 25742
1914 40011 41925
13843 258268 272111
2275 49602 51877
1675 29929 31604
1354 37797 39151
1126 22094 23220
5899 129718 135617
13469 276496 289965
3710 83105 86815
3917 84593 88510
5579 106800 112379
7081 141611 148692
5899 123434 129333
5967 125520 131487
2025 42755 44780
5682 125817 131499
10442 200462 210904
8000 158344 166344
9475 184518 193993
7431 163894 171325
4184 78561 82745
2029 43283 45312
5091 103772 108863
7048 133169 140217
9350 194989 204339
4172 95923 100095
3398 76556 79954
4697 105494 110191
1333 33139 34472
2617 65203 67820
3052 69056 72108
6613 110818 117431
3275 69075 72350
13891 259253 273144
4545 103094 107639
4542 96461 101003
5844 125621 131465
4892 100672 105564
1786 33042 34828
5220 93988 99208
4352 98277 102629
2897 48214 51111
5510 111487 116997
9147 193077 202224
3203 74949 78152
3435 75789 79224
6643 151937 158580
5930 137927 143857
1058 22861 23919
9953 205142 215095
5061 114097 119158
1151 29217 30368
855 22225 23080
3510 78733 82243
1387 25693 27080
2328 51331 53659
3561 84991 88552
2917 77406 80323
6376 121279 127655
942 22650 23592
2365 55916 58281
3040 64621 67661
12802 310898 323700
5911 120445 126356
4892 105345 110237
5931 115527 121458
7762 168126 175888
6475 140282 146757
4873 104820 109693
3318 77661 80979
5304 101238 106542
1295 33355 34650
4121 86232 90353
3122 60752 63874
1372 29765 31137
949 23738 24687
1806 38219 40025
4975 110794 115769
6392 122076 128468
2043 47490 49533
3855 89590 93445
5776 118651 124427
3133 71800 74933
5452 112477 117929
8278 157548 165826
2188 28556 30744
2311 54214 56525
7237 154064 161301
2374 50589 52963
10249 203309 213558
7752 157638 165390
2591 58252 60843
3867 87767 91634
11733 240323 252056
4914 113307 118221
8208 172032 180240
3799 80705 84504
4432 93368 97800
3891 85481 89372
1441 31864 33305
3012 68755 71767
6244 133003 139247
4942 106739 111681
5988 132043 138031
2805 61204 64009
4917 109958 114875
1429 38026 39455
2225 50333 52558
2164 49487 51651
1274 29613 30887
2586 61833 64419
6822 144629 151451
5072 113256 118328
3218 75642 78860
1618 42468 44086
6401 126199 132600
1569 41215 42784
2773 71792 74565
5193 88988 94181
2485 61823 64308
2390 52114 54504
1845 47982 49827
1964 51880 53844
4490 84190 88680
2791 59280 62071
6012 112194 118206
2075 45362 47437
3497 85131 88628
5765 115458 121223
7033 127744 134777
4715 84050 88765
7774 152128 159902
3199 53885 57084
10167 207947 218114
9044 154617 163661
6317 104386 110703
2547 61165 63712
6764 120348 127112
2887 75206 78093
5440 104116 109556
1853 36535 38388
4199 83796 87995
4083 95288 99371
2674 62911 65585
6868 168448 175316
11440 224635 236075
2576 62919 65495
7610 140202 147812
3559 81591 85150
1225 32211 33436
3235 72592 75827
7126 163273 170399
5033 113798 118831
3232 73830 77062
3839 86395 90234
9075 178106 187181
6037 131418 137455
2769 72946 75715
4003 87740 91743
7611 132410 140021
6529 140131 146660
11434 233052 244486
2540 65922 68462
2350 53966 56316
1265 23593 24858
2496 56902 59398
4079 80428 84507
4505 86563 91068
5907 137165 143072
4059 90755 94814
2241 47847 50088
6132 135474 141606
3452 100382 103834
1716 26364 28080
5871 121439 127310
13706 286706 300412
5791 106373 112164
2408 49340 51748
7439 120803 128242
5762 121344 127106
1456 36408 37864
7038 137687 144725
4214 65889 70103
4390 92690 97080
12294 236752 249046
2250 54832 57082
6263 144332 150595
2616 50082 52698
1660 27822 29482
6271 115619 121890
5520 125543 131063
6339 135909 142248
7756 168591 176347
6172 131234 137406
9274 189836 199110
4461 92137 96598
7768 185778 193546
2780 54270 57050
2445 47498 49943
5419 110075 115494
14850 285281 300131
11685 231010 242695
4625 98840 103465
4276 82829 87105
2445 61047 63492
3067 65100 68167
10548 224452 235000
6660 152816 159476
4230 82915 87145
5337 109531 114868
5713 136105 141818
3942 85099 89041
5900 113256 119156
3681 88940 92621
2680 52532 55212
6552 128846 135398
6010 102714 108724
7565 153112 160677
2025 52940 54965
5452 106217 111669
3591 70615 74206
4787 104853 109640
1909 38947 40856
7274 164140 171414
4012 94285 98297
1405 31202 32607
19096 302032 321128
13954 275692 289646
6342 119201 125543
5782 117210 122992
3094 71754 74848
3839 87393 91232
3943 84987 88930
6086 120629 126715
8185 176268 184453
6077 139785 145862
11474 232772 244246
3444 76655 80099
11661 224415 236076
2341 53798 56139
4034 97204 101238
1645 30993 32638
4627 87476 92103
9809 203130 212939
2761 59941 62702
1046 25670 26716
