35576 20305 55881
21397 11645 33042
42696 26314 69010
46455 26253 72708
40960 21563 62523
37929 20470 58399
22050 14302 36352
17796 8444 26240
27665 18144 45809
55613 33189 88802
16850 8195 25045
46851 25548 72399
56786 31529 88315
34948 22170 57118
16581 9880 26461
28619 15454 44073
58465 33763 92228
21014 12655 33669
41002 22576 63578
66052 34962 101014
75540 43946 119486
33602 19461 53063
23940 12620 36560
20535 10428 30963
29459 18867 48326
42503 23189 65692
15699 8406 24105
9958 5420 15378
11003 5801 16804
40411 25367 65778
51319 26608 77927
31547 17118 48665
51361 27656 79017
38150 20008 58158
34381 19569 53950
30998 18031 49029
46977 25270 72247
19242 10838 30080
41899 24958 66857
41979 21160 63139
9886 4537 14423
36575 22028 58603
27511 18836 46347
31724 16928 48652
8936 5792 14728
16994 9314 26308
52430 32718 85148
13271 9191 22462
38878 19543 58421
33671 19958 53629
18014 10194 28208
74891 37813 112704
16147 14303 30450
17811 9808 27619
29336 16709 46045
14658 6569 21227
89674 51879 141553
78819 43065 121884
63146 35628 98774
46447 27487 73934
12105 7862 19967
47669 24247 71916
11997 6812 18809
24984 13501 38485
19914 12252 32166
7623 4078 11701
12588 7569 20157
105430 56025 161455
18276 9963 28239
10132 6813 16945
10923 6352 17275
7248 4424 11672
47155 25545 72700
115886 60235 176121
29715 15615 45330
27011 15444 42455
38430 21709 60139
50226 29289 79515
45860 25333 71193
45498 25536 71034
13408 7691 21099
42974 25435 68409
79203 41917 121120
57611 32343 89954
71138 36713 107851
58835 30765 89600
26109 14289 40398
16770 10256 27026
38529 23345 61874
46559 26344 72903
68580 38859 107439
32190 17746 49936
30397 15764 46161
39177 21716 60893
9315 5249 14564
18294 10035 28329
24207 12775 36982
39050 20877 59927
21875 11857 33732
94619 48707 143326
31099 17105 48204
28888 16699 45587
44167 24445 68612
30258 17571 47829
9667 5251 14918
34603 18849 53452
26559 15747 42306
16193 8790 24983
33503 19927 53430
56428 34672 91100
22498 12333 34831
24764 12903 37667
46767 27756 74523
45247 26503 71750
6529 3491 10020
62769 36202 98971
37510 21388 58898
9806 4366 14172
4922 2831 7753
25342 12674 38016
8307 4536 12843
16640 8574 25214
24045 14844 38889
23114 12754 35868
46848 22561 69409
7163 4004 11167
17355 9444 26799
23441 12067 35508
95088 52247 147335
39486 21602 61088
33810 18837 52647
39388 21739 61127
54516 31590 86106
43566 26760 70326
35282 19857 55139
21096 11777 32873
34470 19068 53538
10682 6087 16769
27567 15023 42590
19071 10854 29925
9540 5158 14698
7165 3667 10832
11867 6931 18798
36612 19414 56026
38162 21466 59628
15201 8479 23680
25755 15374 41129
41426 21843 63269
22650 12273 34923
37835 20380 58215
54775 28988 83763
9361 4883 14244
17970 10002 27972
51539 28421 79960
15695 8501 24196
63854 41236 105090
54851 33970 88821
18303 9677 27980
28739 16021 44760
86418 48919 135337
34388 19038 53426
55670 32944 88614
25459 14081 39540
28481 17292 45773
26344 14187 40531
10441 5912 16353
22783 12605 35388
47262 25820 73082
35822 19279 55101
43562 25039 68601
17892 10410 28302
33602 19837 53439
10844 5593 16437
15606 9163 24769
16282 7672 23954
8846 4787 13633
18427 10153 28580
52095 29495 81590
35946 20406 56352
24041 13456 37497
11846 6667 18513
41219 25032 66251
11861 8002 19863
23015 11636 34651
30141 16335 46476
19227 9642 28869
16770 9043 25813
12557 7560 20117
15482 8008 23490
27713 15314 43027
17515 11478 28993
36503 20145 56648
14797 7562 22359
26170 15109 41279
37449 20170 57619
47411 23751 71162
27398 15046 42444
54853 28888 83741
17761 10404 28165
76506 48899 125405
59460 27694 87154
33132 21994 55126
18787 9988 28775
42945 24722 67667
21740 11996 33736
34071 18215 52286
10592 5509 16101
26978 14871 41849
29613 17082 46695
19525 10223 29748
55645 29961 85606
83169 45336 128505
20146 11225 31371
48638 27059 75697
25072 14334 39406
9990 5631 15621
21424 12766 34190
51972 29383 81355
37845 20779 58624
24001 13605 37606
24979 16800 41779
57212 33560 90772
39640 23360 63000
21210 11920 33130
25976 15906 41882
43651 24364 68015
41405 24082 65487
75321 44054 119375
18703 10255 28958
16273 9008 25281
7235 4183 11418
17338 9708 27046
26550 13940 40490
26033 15089 41122
45005 26360 71365
25849 14371 40220
14630 7536 22166
41687 24798 66485
25121 14252 39373
7101 4618 11719
37372 21938 59310
97603 56014 153617
36932 19760 56692
13070 7993 21063
40524 22592 63116
38254 21152 59406
11021 6271 17292
44159 25318 69477
21577 11477 33054
27509 15937 43446
86186 48302 134488
17092 9693 26785
48723 25697 74420
18029 10838 28867
8935 4943 13878
37743 21804 59547
40450 23772 64222
51675 28230 79905
64170 32627 96797
42014 23349 65363
61293 35591 96884
34432 18057 52489
58722 47320 106042
19352 10427 29779
22761 9911 32672
37260 20540 57800
88808 48684 137492
81700 46274 127974
33183 20625 53808
25258 14207 39465
18465 10577 29042
21940 11680 33620
73690 41283 114973
48371 28588 76959
29925 14223 44148
35004 20333 55337
39265 21986 61251
25922 14836 40758
38006 21447 59453
24930 15067 39997
18757 9828 28585
46676 25218 71894
39905 18373 58278
52957 30017 82974
11407 5171 16578
35041 20507 55548
22503 12521 35024
31370 17881 49251
12023 7113 19136
48829 28378 77207
30317 17192 47509
8996 5602 14598
95051 55684 150735
86775 47179 133954
42133 24554 66687
35773 20314 56087
23022 12907 35929
26838 15608 42446
28405 15173 43578
45227 23956 69183
54510 34272 88782
48557 24779 73336
79065 47122 126187
27052 13558 40610
79977 43895 123872
18147 10724 28871
30730 16401 47131
11282 5446 16728
27297 15233 42530
66757 39399 106156
21078 12055 33133
8053 4480 12533
