12449 80167 92616
7378 49830 57208
13417 93600 107017
14676 99837 114513
14085 94247 108332
12442 87440 99882
7847 57504 65351
6801 39665 46466
11102 68621 79723
18077 133128 151205
6588 37892 44480
16741 114541 131282
17564 130879 148443
12527 83242 95769
5738 43086 48824
9982 65261 75243
21235 133260 154495
8995 56198 65193
14348 94055 108403
20236 139969 160205
24602 183152 207754
10241 82570 92811
7655 52607 60262
5771 42534 48305
11274 71326 82600
12527 93076 105603
3703 31002 34705
3644 26931 30575
3589 26274 29863
12269 94695 106964
18151 110443 128594
9622 65816 75438
17848 121251 139099
12236 82665 94901
14230 91301 105531
11017 77359 88376
16827 110772 127599
8226 46799 55025
15369 105845 121214
14684 98300 112984
3664 23778 27442
12514 90276 102790
9878 70937 80815
10679 73136 83815
2782 25573 28355
8233 44698 52931
17582 128420 146002
4562 34051 38613
14015 88601 102616
13385 88572 101957
5617 36788 42405
22905 153396 176301
5093 39440 44533
6167 44315 50482
8971 62476 71447
4210 31885 36095
28139 209311 237450
30332 184333 214665
22832 143335 166167
15894 115548 131442
4447 33717 38164
15161 103227 118388
3765 30224 33989
10000 62210 72210
11386 58620 70006
2722 20413 23135
4805 32521 37326
33405 224037 257442
5946 44128 50074
3422 24648 28070
4004 32028 36032
2567 20889 23456
17252 113522 130774
35640 245755 281395
12357 71941 84298
10069 75994 86063
15596 90241 105837
17051 136231 153282
16696 114159 130855
16349 115992 132341
5949 35260 41209
13659 106311 119970
27084 180548 207632
19842 130517 150359
24395 162766 187161
19724 175652 195376
9411 66763 76174
4595 39743 44338
15898 94876 110774
16520 104441 120961
27935 166901 194836
13703 80905 94608
7920 59294 67214
12905 89140 102045
3659 27746 31405
6393 50034 56427
8145 59856 68001
15051 88528 103579
7929 57178 65107
31526 214434 245960
12107 83422 95529
11675 76066 87741
14918 100914 115832
11063 78529 89592
2922 25274 28196
11674 78455 90129
10700 78190 88890
5340 40195 45535
12505 89418 101923
21545 155812 177357
11454 60283 71737
9597 63686 73283
19897 126566 146463
15402 122117 137519
2658 16750 19408
24715 166505 191220
14167 97310 111477
3324 23534 26858
1697 15302 16999
9474 61293 70767
2747 21081 23828
7405 45615 53020
8949 67320 76269
9666 58625 68291
15227 106273 121500
2314 21106 23420
7221 53795 61016
9316 53899 63215
35327 231242 266569
14424 117775 132199
13069 95694 108763
15444 103833 119277
20057 139821 159878
15139 117493 132632
13138 84560 97698
7263 59941 67204
13428 86807 100235
3636 28440 32076
9194 69637 78831
6067 48848 54915
3180 23880 27060
2381 19927 22308
4160 30799 34959
12868 96088 108956
13571 104375 117946
5681 40773 46454
9393 72978 82371
14498 100910 115408
7395 59721 67116
14418 90086 104504
20123 129598 149721
2801 27444 30245
6841 45868 52709
18170 125234 143404
5372 42498 47870
24823 177297 202120
20752 138027 158779
6491 49163 55654
11364 75260 86624
30172 217933 248105
13133 89055 102188
22399 151856 174255
9824 67893 77717
12040 86685 98725
8920 69169 78089
4462 27666 32128
8209 60865 69074
17372 112171 129543
14525 87122 101647
14456 111726 126182
5992 46445 52437
14799 91072 105871
4097 29597 33694
6236 41307 47543
6910 42723 49633
2932 23961 26893
5939 51891 57830
18556 128210 146766
13438 94185 107623
8506 60207 68713
3752 30832 34584
13989 104197 118186
4408 34802 39210
7348 57284 64632
12027 78522 90549
6160 46303 52463
6116 43100 49216
4809 37536 42345
5224 38497 43721
9581 69042 78623
6407 52952 59359
14173 90645 104818
5204 39080 44284
9616 70549 80165
13639 94234 107873
17604 109788 127392
11754 69557 81311
18583 126598 145181
6114 43773 49887
27447 187516 214963
18270 128487 146757
11010 83100 94110
6663 49055 55718
13657 98295 111952
7818 58627 66445
11693 83183 94876
3814 32978 36792
8770 68105 76875
10648 81681 92329
6975 52154 59129
19829 124086 143915
28267 190990 219257
7151 52110 59261
17810 117531 135341
8787 67569 76356
3175 25577 28752
8102 59222 67324
18725 120748 139473
14121 93526 107647
10363 61301 71664
11011 72622 83633
22004 145684 167688
14482 105170 119652
7629 55905 63534
10632 77287 87919
17736 109017 126753
14357 109201 123558
28118 204056 232174
6581 54894 61475
7853 43935 51788
2662 22894 25556
7685 46316 54001
9281 64270 73551
10247 71804 82051
15440 117818 133258
10168 76745 86913
5722 37655 43377
14699 112452 127151
10010 67419 77429
2566 21831 24397
13650 103948 117598
34896 237111 272007
12994 95796 108790
4682 41767 46449
13412 99422 112834
15383 107807 123190
3540 31061 34601
14592 106284 120876
8317 55119 63436
12113 74777 86890
28370 200749 229119
7375 45509 52884
16209 114827 131036
5752 41709 47461
2821 24693 27514
13553 100791 114344
13926 102013 115939
16185 160227 176412
19952 143560 163512
15210 102594 117804
23897 154472 178369
11598 75175 86773
18373 158470 176843
6293 47054 53347
5100 38894 43994
13745 94174 107919
30576 200591 231167
32118 193606 225724
13487 82975 96462
10572 67143 77715
6432 50444 56876
6937 49396 56333
30401 171103 201504
17163 126727 143890
9659 67430 77089
13756 91182 104938
13023 102347 115370
9973 68709 78682
14079 93964 108043
10245 67447 77692
6359 47010 53369
15385 121028 136413
12384 96155 108539
18557 129606 148163
3236 24817 28053
13365 97045 110410
7756 58570 66326
11504 86808 98312
4540 34558 39098
19738 127244 146982
10643 77164 87807
2718 24142 26860
32530 238698 271228
30304 203190 233494
16028 104927 120955
13968 97341 111309
7701 59832 67533
10025 69679 79704
10295 73527 83822
16107 110822 126929
26319 143075 169394
17201 108376 125577
28887 202864 231751
10532 61847 72379
29783 199801 229584
6227 51537 57764
11195 79827 91022
3363 26325 29688
12080 71903 83983
24208 169138 193346
8183 55903 64086
2885 22640 25525
