9589 86912 96501
5224 49827 55051
10067 101775 111842
11759 106759 118518
10235 102205 112440
8685 99097 107782
5572 62163 67735
4357 46311 50668
6600 72639 79239
12904 139138 152042
4042 42363 46405
12514 120794 133308
13030 145568 158598
9344 88710 98054
5184 45833 51017
6507 73678 80185
16619 146269 162888
4562 53471 58033
10112 102703 112815
14449 154304 168753
20195 193667 213862
8802 87032 95834
6258 61930 68188
4874 54666 59540
7059 80762 87821
10591 108005 118596
3066 35337 38403
3476 29933 33409
2723 30368 33091
11143 109117 120260
12892 130683 143575
8259 78242 86501
15606 131786 147392
9354 92102 101456
9856 92516 102372
8457 88039 96496
13102 120962 134064
5245 51952 57197
11105 111664 122769
11961 104284 116245
2153 23790 25943
9801 102296 112097
7287 78248 85535
11223 83784 95007
2314 26746 29060
4489 50068 54557
13447 147598 161045
3844 38577 42421
9998 97953 107951
8372 94734 103106
3599 44004 47603
16796 172505 189301
4224 46893 51117
6079 65946 72025
7864 77156 85020
2808 35494 38302
24191 215019 239210
21118 202926 224044
18213 157856 176069
13748 116918 130666
3430 37777 41207
14156 116631 130787
2647 33123 35770
6269 68842 75111
5742 62426 68168
1860 25275 27135
3375 36786 40161
28620 253346 281966
4487 46915 51402
2608 30049 32657
2777 31913 34690
2210 21199 23409
14438 127745 142183
27617 282830 310447
7711 76540 84251
7575 76160 83735
9720 96043 105763
14417 129459 143876
12025 115122 127147
13388 118711 132099
3706 43981 47687
11832 122963 134795
20673 191257 211930
16352 148656 165008
18185 174097 192282
18255 153602 171857
6508 71832 78340
3922 42025 45947
11071 99887 110958
11484 115621 127105
17041 184849 201890
8763 91084 99847
6237 64340 70577
11684 102441 114125
2490 30429 32919
4893 55490 60383
6165 61391 67556
10315 97694 108009
5577 61111 66688
25895 233993 259888
8256 92894 101150
8365 89819 98184
12033 110374 122407
10173 93114 103287
2318 29886 32204
8808 88171 96979
8197 88238 96435
3843 45033 48876
9616 99338 108954
16116 175159 191275
6468 64483 70951
6497 70784 77281
15714 148682 164396
13096 132349 145445
1673 18680 20353
17664 178453 196117
10268 99922 110190
2190 23454 25644
1378 18706 20084
6563 63292 69855
2120 22845 24965
4613 48330 52943
6083 72182 78265
5781 60314 66095
12229 110981 123210
1694 20409 22103
4747 51850 56597
5761 59616 65377
26675 252427 279102
11041 104625 115666
9485 129539 139024
10309 103980 114289
15104 151595 166699
11922 126569 138491
9515 96030 105545
5894 64378 70272
8852 94060 102912
3257 28509 31766
7835 76181 84016
5225 53282 58507
2174 25224 27398
1836 24644 26480
2990 32158 35148
8903 98256 107159
10553 100260 110813
3790 41787 45577
6449 80480 86929
10601 109587 120188
5768 63082 68850
9650 97972 107622
14382 138173 152555
2127 28168 30295
4853 48215 53068
13430 151364 164794
4355 47946 52301
17436 187673 205109
13689 144329 158018
6129 51127 57256
7387 77213 84600
21626 218130 239756
9057 96778 105835
17831 172780 190611
6846 72828 79674
8142 88244 96386
6962 74206 81168
2732 28966 31698
7259 69926 77185
16865 127621 144486
9368 98379 107747
11875 121715 133590
4543 50029 54572
10710 102698 113408
2728 34158 36886
4571 49443 54014
4468 43118 47586
2282 28431 30713
5202 53848 59050
14372 141221 155593
9955 103654 113609
8362 71459 79821
3074 36090 39164
11951 140774 152725
3003 39256 42259
6556 64389 70945
8423 84449 92872
5038 57047 62085
4068 49932 54000
3131 39882 43013
4178 45566 49744
7090 75845 82935
4985 55106 60091
10804 104079 114883
3655 41244 44899
7098 78807 85905
9955 104232 114187
12337 115054 127391
7633 80581 88214
13748 143802 157550
4703 52775 57478
19912 198623 218535
13851 145093 158944
8799 96936 105735
5058 57715 62773
11434 107798 119232
7223 66780 74003
9060 96547 105607
2702 32716 35418
6580 80583 87163
9017 89306 98323
7696 65579 73275
13269 140296 153565
22837 227983 250820
5343 55973 61316
14192 127560 141752
8010 72717 80727
2823 29801 32624
6127 66537 72664
13547 148269 161816
10447 105096 115543
8060 73322 81382
6946 74549 81495
16672 178565 195237
11325 119607 130932
6133 62404 68537
7535 81693 89228
12411 121735 134146
11852 119102 130954
22416 218996 241412
4922 59791 64713
4251 46323 50574
1697 21710 23407
4490 50443 54933
7142 71692 78834
7141 75228 82369
13482 135607 149089
7127 80653 87780
3738 42074 45812
14472 121769 136241
6220 70559 76779
1767 26196 27963
10250 108550 118800
24748 254248 278996
9252 99600 108852
3319 41850 45169
10891 103702 114593
12670 105665 118335
3840 38366 42206
12510 122420 134930
5674 55708 61382
7068 78277 85345
21642 204202 225844
5109 51330 56439
11930 127026 138956
4009 45553 49562
2206 25965 28171
10645 103409 114054
10905 116518 127423
13105 121360 134465
16913 151198 168111
11744 109730 121474
16536 172621 189157
7886 83787 91673
13708 161099 174807
4528 46416 50944
3915 42272 46187
10840 129157 139997
23708 224662 248370
22191 206103 228294
8586 88538 97124
6779 74140 80919
5279 51401 56680
5884 59194 65078
19569 194607 214176
14604 133931 148535
8191 73556 81747
10421 103516 113937
10856 117487 128343
9263 83985 93248
10329 106297 116626
7568 76651 84219
4986 50675 55661
13980 120840 134820
8759 109046 117805
13417 145819 159236
2631 28619 31250
10129 109402 119531
5805 69253 75058
9747 95174 104921
3476 36911 40387
14810 142427 157237
7779 84320 92099
2223 25875 28098
29379 259583 288962
23863 223883 247746
10888 110758 121646
9773 105060 114833
6711 66506 73217
8784 76909 85693
8305 77239 85544
11841 122795 134636
16715 163651 180366
12494 117980 130474
22103 213822 235925
6491 71307 77798
24599 204513 229112
4651 50132 54783
8282 96658 104940
2648 27475 30123
8427 78127 86554
19893 188370 208263
5460 55847 61307
2013 25103 27116
