36083 6435 42518
20109 3572 23681
44083 8800 52883
46776 8255 55031
41227 7401 48628
36586 6986 43572
24016 4313 28329
18388 3169 21557
27291 4839 32130
54540 10573 65113
16925 2996 19921
50998 9024 60022
53097 10087 63184
36970 6683 43653
19756 3238 22994
29312 4978 34290
63454 11798 75252
18956 3273 22229
40499 7567 48066
60186 11480 71666
75383 14885 90268
35111 6041 41152
23668 4174 27842
19619 3400 23019
30791 5590 36381
42158 7504 49662
12820 2317 15137
10784 1807 12591
11284 2010 13294
40542 7719 48261
55939 9732 65671
29045 5429 34474
56649 10038 66687
39717 7144 46861
41045 7272 48317
34535 6212 40747
47905 8418 56323
21353 3707 25060
44884 8358 53242
41882 7678 49560
8944 1534 10478
40916 7006 47922
29655 5522 35177
32764 5982 38746
9534 1874 11408
18950 3482 22432
55978 11612 67590
15483 2521 18004
39100 7537 46637
34475 6342 40817
17172 2981 20153
70786 13089 83875
18522 2787 21309
20335 3530 23865
29172 5139 34311
12905 2209 15114
93455 17744 111199
80785 15249 96034
64724 12530 77254
45827 9677 55504
12986 2250 15236
47526 8143 55669
12778 2248 15026
29852 4833 34685
21237 4281 25518
8314 1362 9676
13584 2466 16050
110073 19458 129531
20331 3322 23653
10233 2082 12315
11909 2047 13956
7873 1346 9219
49796 8829 58625
117453 20874 138327
30642 5069 35711
29948 5082 35030
39894 7363 47257
53546 9929 63475
46167 8959 55126
47648 9235 56883
15852 2733 18585
46307 9679 55986
82148 15099 97247
65723 11142 76865
70725 13014 83739
64075 11483 75558
28766 5427 34193
16168 2889 19057
41867 8035 49902
49625 9240 58865
82000 15241 97241
38646 6017 44663
27833 6722 34555
39320 7677 46997
10247 1789 12036
20747 3860 24607
25860 4744 30604
45485 7448 52933
23849 3881 27730
101792 17995 119787
37085 6681 43766
33715 5824 39539
45373 8362 53735
32195 6305 38500
10041 1577 11618
36399 6587 42986
31402 6048 37450
16564 2859 19423
36503 6920 43423
68224 13371 81595
24413 4136 28549
27170 4563 31733
56828 10245 67073
49381 9463 58844
7297 1268 8565
75437 13448 88885
42200 7498 49698
9716 1647 11363
5884 1209 7093
28108 4874 32982
9327 1521 10848
19397 3376 22773
27888 5358 33246
23905 4023 27928
46618 8152 54770
7482 1216 8698
18882 3144 22026
25964 4257 30221
107415 19702 127117
49444 9264 58708
39940 7488 47428
41955 7912 49867
58968 11632 70600
47643 9459 57102
38163 6950 45113
24106 4428 28534
42637 6655 49292
11388 2431 13819
27113 6048 33161
20671 3587 24258
9880 1770 11650
8887 1779 10666
12842 2339 15181
36410 7233 43643
41195 7749 48944
19075 2772 21847
30675 5558 36233
44142 8258 52400
25405 4028 29433
38878 6787 45665
60095 10823 70918
9648 1587 11235
20344 3634 23978
53713 10004 63717
17508 3057 20565
73210 14536 87746
61480 11731 73211
20658 3283 23941
32584 5760 38344
95202 18403 113605
39276 7415 46691
62752 12073 74825
30484 4990 35474
33302 6383 39685
30593 5240 35833
10903 1880 12783
24467 3996 28463
51520 8879 60399
37884 6584 44468
48061 8959 57020
19380 3324 22704
37818 6829 44647
12323 2046 14369
16608 2796 19404
18175 3048 21223
9768 1719 11487
23117 3328 26445
53749 9741 63490
38733 7405 46138
26695 4757 31452
12295 1988 14283
43834 8034 51868
12969 2327 15296
24662 4227 28889
34017 6174 40191
20485 3700 24185
18204 3192 21396
15025 2807 17832
16493 2818 19311
30059 5303 35362
19514 3753 23267
40555 8432 48987
18912 2907 21819
29952 5748 35700
42689 7696 50385
48749 8513 57262
32620 6015 38635
55969 10566 66535
19096 3239 22335
82972 15345 98317
56568 11217 67785
36914 6927 43841
20635 3593 24228
46635 8087 54722
24576 4561 29137
40289 7172 47461
12910 2161 15071
27436 6097 33533
37165 6939 44104
24203 3763 27966
58434 10540 68974
95284 17869 113153
23213 3848 27061
52625 11069 63694
36593 6638 43231
11476 2492 13968
27348 5094 32442
57553 10837 68390
40547 7680 48227
26544 5793 32337
28036 5160 33196
69797 13383 83180
54479 8663 63142
24046 4089 28135
31037 5522 36559
51351 9293 60644
48325 9046 57371
85429 16643 102072
21224 3909 25133
17917 2986 20903
7552 1518 9070
18190 3221 21411
29531 4638 34169
29705 5565 35270
49283 9198 58481
30727 6158 36885
15797 3208 19005
49520 8520 58040
29584 4979 34563
7866 1372 9238
46149 7584 53733
107148 20225 127373
39148 7140 46288
15315 2909 18224
42481 9376 51857
43305 8031 51336
12609 1887 14496
50271 8395 58666
24971 4260 29231
31021 5384 36405
96937 17070 114007
18973 3446 22419
50508 9527 60035
17488 2842 20330
9427 1526 10953
41881 7623 49504
44492 8147 52639
50706 9332 60038
61952 11783 73735
47265 8778 56043
69764 12775 82539
34959 6224 41183
58367 11587 69954
20273 3672 23945
17439 2603 20042
39956 7665 47621
96602 17246 113848
87593 16778 104371
34740 6730 41470
28913 4861 33774
18969 3428 22397
22839 3684 26523
90348 15451 105799
53062 9732 62794
30089 5310 35399
39892 7868 47760
46117 8209 54326
29596 5210 34806
43504 7786 51290
28899 5283 34182
22121 3579 25700
49149 8935 58084
38255 6823 45078
58607 11000 69607
10577 1611 12188
38495 7521 46016
25158 4240 29398
37533 7216 44749
13264 2243 15507
55198 10455 65653
35916 6215 42131
9807 1743 11550
108353 20180 128533
90913 16613 107526
45904 8097 54001
40409 7120 47529
25941 4926 30867
30764 5562 36326
30991 5390 36381
47257 9065 56322
60877 12370 73247
53267 9263 62530
89103 17117 106220
27083 5025 32108
90419 16203 106622
19414 3348 22762
36153 6283 42436
10667 1974 12641
33818 5874 39692
72051 14306 86357
21200 3701 24901
8818 1653 10471
