6013 95065 101078
2911 54550 57461
6786 105802 112588
7347 113139 120486
6222 99408 105630
6329 100570 106899
3929 65606 69535
3044 46950 49994
4789 76145 80934
9157 143685 152842
2754 46724 49478
7603 119532 127135
8607 148972 157579
6400 97967 104367
2622 45587 48209
4247 71536 75783
9768 146491 156259
3052 56190 59242
6438 107767 114205
11508 165859 177367
11911 194993 206904
5834 92888 98722
3486 61773 65259
2911 53134 56045
5113 80227 85340
6732 113863 120595
1971 37263 39234
1588 30252 31840
1759 31251 33010
6833 104760 111593
10255 136319 146574
5420 74947 80367
9241 152480 161721
7462 99551 107013
5661 93000 98661
5833 91507 97340
7601 117299 124900
3280 54180 57460
7135 111783 118918
7951 108219 116170
1339 25984 27323
6198 104453 110651
5178 87106 92284
5644 90132 95776
1401 29173 30574
2784 50677 53461
9255 161977 171232
2496 40891 43387
6237 104087 110324
6146 100492 106638
2805 45544 48349
11667 186236 197903
3083 46416 49499
3374 53761 57135
5053 75369 80422
2008 38313 40321
16257 239727 255984
13702 206807 220509
11033 163182 174215
7864 128459 136323
2362 41273 43635
7798 116878 124676
1995 35461 37456
4619 68762 73381
3266 60333 63599
1213 24123 25336
2260 36739 38999
17093 261041 278134
2487 44887 47374
1463 29453 30916
1809 35656 37465
1917 21584 23501
8744 136386 145130
20454 294171 314625
5221 81169 86390
5970 89094 95064
5793 102156 107949
9053 140852 149905
7202 113349 120551
7329 124198 131527
2394 37175 39569
8108 126843 134951
13081 194184 207265
9677 148494 158171
14422 185177 199599
10155 160257 170412
4530 77791 82321
2593 43241 45834
7115 116756 123871
7520 138956 146476
12423 190192 202615
5462 85183 90645
3944 69403 73347
5579 97179 102758
2243 30951 33194
2983 57776 60759
4126 63496 67622
6129 95073 101202
3876 63710 67586
16845 247946 264791
6161 96826 102987
5674 88271 93945
7112 116165 123277
6090 89089 95179
1833 28891 30724
6178 94629 100807
4982 87688 92670
2498 46110 48608
6088 102742 108830
10880 172169 183049
4106 67046 71152
4511 68150 72661
8713 132673 141386
7488 126592 134080
1314 22116 23430
12653 175442 188095
6437 99394 105831
1335 26121 27456
860 18676 19536
4150 67255 71405
1224 23067 24291
3072 51913 54985
4213 74624 78837
4132 68439 72571
7509 110749 118258
1608 21857 23465
2797 53553 56350
4087 59452 63539
16870 269261 286131
7243 116580 123823
6921 93987 100908
6387 104867 111254
10077 161468 171545
8017 136252 144269
6132 101210 107342
4031 66391 70422
6245 98173 104418
2036 32967 35003
4939 83711 88650
3486 59023 62509
1771 26877 28648
1140 21682 22822
2087 35554 37641
6136 99959 106095
7423 113971 121394
2769 48335 51104
4615 80924 85539
6967 115038 122005
3989 69427 73416
6699 103022 109721
9652 144847 154499
1880 26032 27912
3003 51980 54983
8834 137590 146424
2961 46789 49750
12025 200807 212832
9724 157086 166810
3084 56185 59269
5143 85326 90469
14307 224872 239179
5941 96541 102482
10693 164656 175349
5519 75451 80970
5805 86180 91985
4806 78095 82901
1720 31695 33415
4045 63406 67451
8265 128872 137137
6201 99956 106157
7320 128276 135596
3046 50317 53363
5925 99658 105583
1954 35062 37016
2593 48358 50951
2952 47293 50245
1686 26579 28265
3066 56247 59313
9482 143099 152581
5950 106318 112268
4089 68786 72875
1904 35648 37552
7744 119624 127368
2299 39996 42295
4016 68873 72889
7473 86790 94263
3310 54131 57441
2672 48199 50871
2219 40991 43210
2690 46248 48938
4379 77826 82205
3083 57982 61065
6213 101144 107357
2634 46245 48879
5040 83195 88235
6247 99334 105581
7543 118632 126175
5218 82435 87653
9126 135235 144361
2767 51819 54586
12752 202634 215386
9194 145445 154639
5847 97218 103065
3066 56039 59105
7085 110052 117137
3712 69435 73147
5700 97298 102998
1764 32363 34127
4606 77826 82432
5465 89687 95152
4104 59405 63509
8988 151821 160809
13877 218533 232410
3284 59170 62454
8870 136260 145130
4650 78300 82950
1532 29690 31222
3868 67975 71843
9202 146730 155932
6865 106362 113227
4422 72641 77063
4647 79065 83712
11414 182931 194345
6823 118935 125758
4356 62015 66371
5961 83747 89708
10174 119299 129473
7366 122580 129946
13535 212690 226225
3128 58383 61511
2645 49331 51976
1162 24320 25482
2897 49636 52533
4590 74769 79359
4974 79297 84271
8085 134440 142525
5749 84619 90368
2491 44821 47312
7897 126474 134371
4418 70258 74676
1383 23229 24612
6720 111468 118188
33240 284165 317405
6261 105053 111314
2378 44082 46460
6828 114196 121024
6784 109711 116495
1780 33148 34928
8075 128466 136541
4038 59529 63567
6180 87661 93841
14801 219166 233967
2869 83068 85937
8625 138175 146800
2584 46451 49035
1319 27711 29030
6700 109895 116595
7827 124064 131891
8467 135340 143807
9888 160540 170428
7247 117313 124560
11908 173179 185087
6260 91298 97558
10776 209506 220282
2856 55275 58131
2703 47011 49714
6538 104854 111392
17769 248363 266132
13741 235866 249607
6960 95767 102727
5078 75972 81050
3196 54014 57210
3950 61868 65818
12587 208578 221165
9617 144701 154318
5393 81321 86714
6343 107508 113851
6788 116989 123777
6016 104278 110294
6746 112177 118923
4567 79259 83826
3238 49293 52531
7836 126378 134214
5981 95650 101631
10343 151751 162094
1534 30265 31799
5894 107371 113265
4045 65491 69536
5723 101337 107060
2832 39700 42532
8823 148612 157435
5718 90645 96363
1786 29174 30960
21941 271945 293886
14487 234213 248700
7877 119322 127199
6289 101643 107932
6549 78263 84812
5766 85072 90838
5051 82820 87871
7451 123995 131446
12126 180658 192784
7813 135548 143361
15040 235313 250353
5025 77665 82690
15153 228460 243613
3545 54205 57750
6565 100007 106572
1986 31169 33155
5880 86634 92514
12276 204553 216829
3658 66098 69756
1734 25186 26920
