2995 99764 102759
2312 59150 61462
3862 121202 125064
4244 120194 124438
4450 107236 111686
3099 108688 111787
2364 70500 72864
1779 48457 50236
2483 79191 81674
5227 164823 170050
1920 47789 49709
4535 136324 140859
5144 154150 159294
3147 98856 102003
1772 52523 54295
2832 81988 84820
5662 163473 169135
1848 59235 61083
3758 112724 116482
5610 166229 171839
6797 213844 220641
3270 94596 97866
2669 77274 79943
1605 58215 59820
2477 90641 93118
4037 122028 126065
1538 38494 40032
1431 33410 34841
1108 34693 35801
3926 122631 126557
5231 147554 152785
3043 83011 86054
5055 153986 159041
3400 104289 107689
3578 107373 110951
3636 93994 97630
4902 131927 136829
1957 62090 64047
5135 124762 129897
3916 118448 122364
1728 26767 28495
3512 110568 114080
2596 99966 102562
3017 90369 93386
1428 33075 34503
1880 53432 55312
5141 164029 169170
1427 43975 45402
3286 108567 111853
3294 107255 110549
1415 48033 49448
7476 193476 200952
1343 50559 51902
2329 55535 57864
2433 79584 82017
1189 41869 43058
10249 246863 257112
8569 231644 240213
6198 189955 196153
5343 137521 142864
1223 41181 42404
4550 128862 133412
1283 40057 41340
2600 83111 85711
2010 68842 70852
913 24245 25158
1367 40225 41592
9739 289506 299245
1753 54239 55992
1334 31899 33233
1172 38473 39645
680 22570 23250
5319 143154 148473
10543 301439 311982
2739 90224 92963
2689 84841 87530
3837 113363 117200
6879 169116 175995
4321 138220 142541
5228 137868 143096
1227 42454 43681
5399 140257 145656
7139 213127 220266
5505 161124 166629
6287 198269 204556
6133 177133 183266
2646 79210 81856
1243 48438 49681
4024 113725 117749
4460 137416 141876
7343 199368 206711
3241 97328 100569
2197 73060 75257
4142 118272 122414
1189 34526 35715
1938 72015 73953
2412 71595 74007
3856 119234 123090
2298 72666 74964
10032 269222 279254
3088 99419 102507
3057 94361 97418
4606 134193 138799
3361 96477 99838
1367 30168 31535
3441 119866 123307
2837 101570 104407
1440 49799 51239
3632 107396 111028
5703 198818 204521
2512 71631 74143
2428 86912 89340
6056 161296 167352
5079 141850 146929
927 21693 22620
6540 198711 205251
3583 112638 116221
801 28071 28872
520 19656 20176
2474 76287 78761
1004 26129 27133
1544 61489 63033
2478 80874 83352
2257 70701 72958
4653 125652 130305
649 23056 23705
1863 58197 60060
2558 67295 69853
10002 285706 295708
4465 130486 134951
3309 109848 113157
3648 119551 123199
5906 173128 179034
4597 153681 158278
4233 106235 110468
2423 72094 74517
3431 104762 108193
1091 35505 36596
3133 87681 90814
2593 62233 64826
1139 31833 32972
1233 23677 24910
1235 38596 39831
3220 110701 113921
4284 122759 127043
1888 48618 50506
3200 92807 96007
4108 120283 124391
2394 75572 77966
4011 110838 114849
5799 158674 164473
826 31295 32121
1892 83759 85651
4976 150440 155416
1433 49792 51225
7598 216116 223714
6085 169962 176047
1649 58264 59913
3135 97035 100170
9089 258650 267739
4192 109827 114019
7568 174136 181704
2623 85089 87712
3107 100890 103997
2716 83090 85806
947 34641 35588
2113 69794 71907
5502 147898 153400
3280 105004 108284
5213 140504 145717
2033 59069 61102
4196 115240 119436
1036 38499 39535
1969 51954 53923
1778 50529 52307
1131 28592 29723
1931 58022 59953
5772 160380 166152
3605 114539 118144
3275 75629 78904
1317 38652 39969
4222 126234 130456
1377 41426 42803
2742 74319 77061
3051 88481 91532
1989 65605 67594
1662 52297 53959
1157 44646 45803
1458 47910 49368
2741 89768 92509
1631 66779 68410
3601 116108 119709
1423 45020 46443
3378 89470 92848
4357 115409 119766
4188 132333 136521
2567 86704 89271
4888 153727 158615
1955 57933 59888
7706 211442 219148
5162 154052 159214
3592 103030 106622
1922 63326 65248
4568 120921 125489
2152 74601 76753
3440 106883 110323
1163 36489 37652
2530 87363 89893
3125 104212 107337
2096 63142 65238
5961 167487 173448
8119 229476 237595
2533 63337 65870
5105 140542 145647
2542 85198 87740
1490 33532 35022
2418 76845 79263
5253 156443 161696
4331 116921 121252
2536 77788 80324
2588 80963 83551
6483 194501 200984
4150 135090 139240
2094 72328 74422
3213 89667 92880
4774 132067 136841
4296 137643 141939
8164 275425 283589
1844 63098 64942
1718 51764 53482
1016 26778 27794
1608 53823 55431
2801 79061 81862
3123 86556 89679
5523 146217 151740
2585 90062 92647
1474 46165 47639
4300 135638 139938
2396 76210 78606
1420 23821 25241
3467 129777 133244
10118 282791 292909
4159 109048 113207
1321 47093 48414
4374 121649 126023
4341 122229 126570
1387 39990 41377
4817 141206 146023
2320 69181 71501
3059 92205 95264
8771 246111 254882
1825 60934 62759
4845 145817 150662
1702 52045 53747
960 30314 31274
3867 116963 120830
4400 121706 126106
4689 143571 148260
7398 166510 173908
4944 130826 135770
6220 190048 196268
2931 94262 97193
5568 195888 201456
2163 55107 57270
1508 47301 48809
4710 116549 121259
9017 251546 260563
9596 244507 254103
3118 108113 111231
3150 83342 86492
1819 58777 60596
2209 63062 65271
7585 211962 219547
5266 155183 160449
2939 89932 92871
3369 117477 120846
3959 130904 134863
2940 89225 92165
4366 119031 123397
2534 89408 91942
1617 56705 58322
4588 137415 142003
4022 103823 107845
5976 158230 164206
1260 33448 34708
3821 116584 120405
2169 100102 102271
2965 101239 104204
1193 41879 43072
5389 156316 161705
3067 96970 100037
1187 29344 30531
9350 288039 297389
9220 236617 245837
4242 125723 129965
3517 111623 115140
2567 78041 80608
2680 86765 89445
2809 87267 90076
4388 126682 131070
6562 210480 217042
4563 134905 139468
8148 232074 240222
3957 91151 95108
7911 230127 238038
1645 55929 57574
3294 98697 101991
912 32066 32978
2673 98814 101487
7074 202716 209790
2509 63249 65758
728 28235 28963
