7448 89395 96843
4064 57294 61358
8583 103701 112284
10070 130972 141042
9766 107646 117412
7519 99057 106576
5233 64398 69631
3754 46864 50618
6471 75755 82226
11328 149058 160386
2984 41617 44601
9995 123983 133978
11539 140428 151967
7039 93189 100228
3937 47133 51070
5883 77718 83601
13232 147244 160476
3968 55419 59387
7927 106585 114512
13758 155218 168976
15797 203501 219298
6318 89537 95855
4532 61433 65965
4041 50948 54989
5501 79542 85043
8673 113535 122208
2841 36389 39230
2042 29404 31446
2373 30175 32548
8717 110487 119204
11305 132832 144137
6147 75951 82098
11338 130699 142037
7319 94741 102060
8649 93583 102232
6790 89890 96680
10374 126338 136712
4152 53022 57174
9508 113056 122564
9467 107318 116785
2162 24398 26560
7408 110806 118214
5878 84040 89918
7592 85011 92603
2042 27544 29586
3904 66179 70083
12368 152433 164801
3035 41015 44050
8312 109461 117773
7211 105359 112570
3211 44688 47899
14282 185008 199290
3032 48379 51411
3674 52323 55997
5395 74813 80208
2514 36088 38602
18798 246153 264951
17665 204201 221866
13089 179704 192793
9441 122098 131539
4181 40796 44977
10119 116696 126815
2376 33994 36370
5528 73491 79019
5451 63699 69150
1697 26940 28637
2634 37595 40229
22295 256523 278818
4173 47285 51458
2034 29571 31605
2399 34329 36728
1574 24917 26491
11737 127731 139468
23042 276359 299401
6438 82802 89240
7046 79226 86272
7925 113178 121103
10909 136021 146930
10016 122744 132760
9914 119939 129853
2516 39568 42084
11041 123970 135011
18836 201853 220689
13589 150025 163614
15654 178406 194060
14090 159802 173892
5715 72942 78657
2968 43476 46444
8290 104098 112388
10234 123190 133424
14914 187442 202356
8338 91423 99761
5248 66873 72121
8610 110669 119279
1965 30965 32930
4108 57517 61625
5260 69575 74835
8597 105412 114009
5558 64247 69805
21833 247050 268883
6532 91414 97946
6946 87754 94700
9284 117514 126798
7344 99269 106613
2501 30701 33202
7393 95583 102976
6402 96192 102594
3310 47572 50882
8386 107171 115557
13828 182623 196451
4810 63529 68339
5883 71426 77309
12207 140374 152581
10077 135173 145250
1723 20079 21802
14956 185978 200934
7837 102547 110384
2028 25942 27970
1665 17926 19591
6052 73143 79195
1638 24796 26434
4183 48110 52293
5745 78360 84105
5002 65032 70034
20907 111638 132545
2069 21075 23144
3524 50640 54164
6681 61449 68130
20885 263667 284552
9280 115684 124964
7176 97520 104696
8108 106075 114183
12385 148445 160830
9962 124112 134074
7800 101059 108859
4908 62190 67098
7117 98291 105408
2725 30412 33137
6166 78913 85079
4266 54908 59174
1763 26640 28403
2156 21995 24151
2544 35840 38384
8051 111523 119574
8632 104680 113312
3036 42996 46032
7078 76977 84055
8830 109311 118141
4899 68373 73272
8269 100049 108318
14076 153367 167443
1766 27445 29211
4032 49732 53764
11597 136148 147745
3331 49017 52348
13955 195081 209036
12522 158602 171124
3783 57866 61649
6189 87770 93959
20006 247413 267419
7884 106514 114398
15636 169808 185444
7056 75938 82994
6870 91000 97870
6372 78296 84668
2192 35059 37251
5113 65505 70618
11543 128589 140132
8326 101465 109791
10163 123655 133818
4494 53565 58059
8992 114673 123665
3023 33630 36653
3264 49090 52354
4267 48759 53026
2344 27623 29967
3928 53333 57261
12175 147842 160017
7461 103909 111370
5294 73672 78966
2860 35835 38695
9174 119405 128579
3074 37869 40943
4919 65063 69982
6457 84043 90500
4245 54424 58669
3448 50653 54101
3415 43410 46825
3381 46384 49765
5696 76826 82522
4558 55922 60480
8483 105243 113726
3193 43097 46290
6901 81311 88212
8508 104173 112681
9969 127158 137127
8946 83327 92273
13480 142343 155823
4980 49175 54155
17564 205408 222972
14543 147715 162258
7227 101239 108466
4058 61813 65871
10988 111026 122014
4999 68863 73862
7491 100726 108217
2838 34868 37706
6431 80363 86794
6831 90975 97806
4719 58967 63686
11822 153064 164886
17656 220573 238229
4912 58195 63107
11325 135728 147053
7308 76451 83759
2640 31143 33783
5020 67028 72048
11923 150037 161960
8730 107449 116179
6054 71742 77796
6058 74754 80812
13458 173233 186691
9099 125186 134285
5050 63022 68072
6167 84061 90228
9844 122532 132376
9908 120266 130174
17662 215956 233618
4090 56765 60855
3638 53583 57221
1801 24578 26379
4212 50319 54531
5881 74177 80058
6372 80074 86446
10436 130373 140809
6177 88363 94540
3287 47689 50976
10666 121066 131732
6013 72845 78858
1793 23212 25005
8631 113092 121723
30464 262629 293093
7837 102989 110826
4080 43673 47753
9083 115758 124841
10293 112977 123270
2977 36185 39162
10647 129465 140112
4776 62632 67408
6128 85625 91753
21894 259292 281186
3410 51818 55228
10292 135935 146227
3442 47531 50973
1729 29810 31539
9106 112837 121943
9282 112896 122178
15273 129644 144917
13005 168045 181050
10632 128825 139457
13173 207207 220380
6825 87242 94067
11705 176744 188449
3808 50656 54464
3233 44071 47304
7991 103943 111934
19668 220488 240156
22565 218756 241321
7145 95030 102175
6752 76751 83503
3902 55411 59313
4882 58265 63147
16013 209353 225366
11521 152896 164417
6163 82875 89038
7493 108581 116074
8598 121230 129828
7648 80769 88417
9384 110652 120036
6784 78644 85428
4193 51025 55218
9929 127576 137505
7462 100669 108131
12405 146977 159382
2429 28942 31371
7967 107752 115719
11522 68381 79903
7380 97999 105379
3073 37895 40968
11665 142131 153796
6777 86754 93531
2055 27359 29414
20830 264275 285105
19175 224878 244053
9076 111897 120973
8165 102841 111006
5069 66894 71963
7025 79533 86558
6102 83298 89400
10117 119828 129945
13205 165471 178676
10258 124854 135112
17247 219828 237075
6481 70702 77183
17934 210776 228710
3909 52082 55991
7167 91282 98449
2522 31179 33701
6863 82652 89515
14324 200652 214976
4738 59623 64361
1707 25364 27071
