25284 32295 57579
14707 18349 33056
31094 37050 68144
36747 43210 79957
30282 36273 66555
26871 33982 60853
17721 23293 41014
12527 15297 27824
23088 25451 48539
42470 56009 98479
12377 14461 26838
36134 46001 82135
42169 53186 95355
28262 32560 60822
13129 16002 29131
21828 26020 47848
44640 59458 104098
16408 20409 36817
39292 36243 75535
50637 58505 109142
54981 75006 129987
25256 36254 61510
20103 22762 42865
14621 18040 32661
22343 30365 52708
35559 43911 79470
10066 13114 23180
8366 9596 17962
8733 11578 20311
39476 43643 83119
46575 54366 100941
25068 30394 55462
44424 54918 99342
33814 39294 73108
30898 37235 68133
24250 32381 56631
40005 52231 92236
17919 22051 39970
39580 43258 82838
35986 44411 80397
8556 9634 18190
28875 37506 66381
21124 29178 50302
25524 30063 55587
7004 9661 16665
14154 17778 31932
42275 55920 98195
11371 14553 25924
27038 38966 66004
27678 35619 63297
11578 14807 26385
52213 66002 118215
12692 16271 28963
15793 19087 34880
21641 26647 48288
10299 13209 23508
75047 91015 166062
61142 81697 142839
48225 62655 110880
36971 47587 84558
10462 13646 24108
38863 45151 84014
9914 12453 22367
20967 24790 45757
15908 21945 37853
6499 8015 14514
10101 13612 23713
86451 101321 187772
12813 16520 29333
8243 10651 18894
9419 12679 22098
6168 8298 14466
46095 51199 97294
100849 112711 213560
27617 33032 60649
21310 46003 67313
28279 34767 63046
43209 51798 95007
37666 46891 84557
35640 46273 81913
10861 14422 25283
38609 46973 85582
63903 74636 138539
49104 57531 106635
49907 67093 117000
54803 64757 119560
21141 25458 46599
10781 14325 25106
28898 35360 64258
34644 45055 79699
53843 67958 121801
26432 30849 57281
20173 24569 44742
28299 38475 66774
8257 10704 18961
16371 20775 37146
19510 24076 43586
32774 39113 71887
19526 24376 43902
86346 100832 187178
28581 31875 60456
26071 32882 58953
34654 41451 76105
25054 34616 59670
8245 10303 18548
27789 35563 63352
23381 33051 56432
13065 23296 36361
28186 39338 67524
47982 65714 113696
21926 25287 47213
21140 27314 48454
48122 57243 105365
38113 50028 88141
5383 6969 12352
63036 70956 133992
32236 38576 70812
7052 8400 15452
4244 7070 11314
23958 25788 49746
7155 9077 16232
17065 21830 38895
21013 28194 49207
18752 23115 41867
37136 43380 80516
5676 7193 12869
14953 19414 34367
19077 23253 42330
79803 113868 193671
35754 43812 79566
34034 42168 76202
33445 41333 74778
49866 61411 111277
39479 53630 93109
32254 36984 69238
21022 24713 45735
30339 34819 65158
10062 21484 31546
24784 34785 59569
15432 20136 35568
7596 8964 16560
6236 7948 14184
10274 12953 23227
29159 39518 68677
38100 44136 82236
12302 15714 28016
22190 31557 53747
32344 41404 73748
19689 24229 43918
31612 39606 71218
47215 69638 116853
8529 10574 19103
14590 17455 32045
41279 56098 97377
14552 18033 32585
54661 75631 130292
46014 56147 102161
15811 20543 36354
24529 29144 53673
74232 103490 177722
35941 48853 84794
50563 67160 117723
21582 26999 48581
26162 30297 56459
22204 26506 48710
8202 11870 20072
18518 24636 43154
41369 49709 91078
34602 41742 76344
41658 47287 88945
16996 19791 36787
26254 37994 64248
11726 11671 23397
13192 17152 30344
12882 14845 27727
7265 8981 16246
18201 20743 38944
44211 60697 104908
32721 43494 76215
20820 23783 44603
9275 11911 21186
34342 43224 77566
9462 12585 22047
18903 24694 43597
23089 31716 54805
15816 20032 35848
13454 17495 30949
9974 14419 24393
12561 16713 29274
21839 26709 48548
15694 22382 38076
30978 39765 70743
11407 14024 25431
21623 27771 49394
31384 37185 68569
39443 46613 86056
23889 27896 51785
42061 50915 92976
15146 18318 33464
59997 77474 137471
43167 52194 95361
26718 35778 62496
15479 18964 34443
34271 38919 73190
18353 23009 41362
28380 33836 62216
10805 11396 22201
21419 27744 49163
24604 32440 57044
17284 21431 38715
43769 55876 99645
72939 89707 162646
16461 20596 37057
41972 56416 98388
21467 26627 48094
8228 10699 18927
19256 23583 42839
44502 55173 99675
30139 38864 69003
21233 24863 46096
22292 29139 51431
49020 62115 111135
34821 43134 77955
18971 23737 42708
22434 28228 50662
39711 47292 87003
35880 46633 82513
66073 85785 151858
16664 21601 38265
13313 16974 30287
5936 7970 13906
15332 18543 33875
21767 26912 48679
22572 28777 51349
39116 50027 89143
23447 30713 54160
14008 16608 30616
37381 50979 88360
21604 28883 50487
5951 7685 13636
31417 42623 74040
79683 97973 177656
28295 35564 63859
10991 15453 26444
34023 43510 77533
33087 40934 74021
9612 12193 21805
40216 46879 87095
19856 24331 44187
26381 32742 59123
77058 84693 161751
15566 19377 34943
38507 56881 95388
17198 17943 35141
7512 9901 17413
44555 45906 90461
32479 40892 73371
41167 52031 93198
48103 57524 105627
37187 44818 82005
49456 67501 116957
28876 31456 60332
43450 67880 111330
14998 17865 32863
12283 16287 28570
31479 38628 70107
72704 94478 167182
64895 88465 153360
29135 34707 63842
23088 29272 52360
14559 19241 33800
17780 20954 38734
57374 79329 136703
41338 51141 92479
22977 27552 50529
30085 40080 70165
34448 45034 79482
23296 30230 53526
32515 39774 72289
20730 27679 48409
16475 18906 35381
46556 48984 95540
27483 35906 63389
44943 59504 104447
8150 10911 19061
29325 39322 68647
20470 23490 43960
26137 33842 59979
10334 14455 24789
45317 57722 103039
27032 32099 59131
9755 9714 19469
82106 108005 190111
67775 87120 154895
39130 43459 82589
28294 36192 64486
20358 25603 45961
22628 28631 51259
24083 29894 53977
36676 44233 80909
47658 65653 113311
40513 51994 92507
73340 87684 161024
26737 25437 52174
75229 84018 159247
15366 18051 33417
29469 30282 59751
8087 10792 18879
22903 28809 51712
53134 70910 124044
16792 21010 37802
6946 9194 16140
