16951 63169 80120
9673 37163 46836
20073 73840 93913
23007 81473 104480
19570 72369 91939
18853 97819 116672
11311 46614 57925
8068 31580 39648
14559 51785 66344
26631 99101 125732
7969 28076 36045
24824 86272 111096
29917 99587 129504
16786 77351 94137
8967 33696 42663
14314 54951 69265
32293 109499 141792
10187 38225 48412
20274 77101 97375
34599 110340 144939
36101 142957 179058
17208 60746 77954
12245 43826 56071
9149 35895 45044
14847 54615 69462
20007 76356 96363
6232 24971 31203
5216 20111 25327
5483 20766 26249
20826 78276 99102
26882 99663 126545
17061 54216 71277
30392 93655 124047
20394 69555 89949
18495 68932 87427
18689 61626 80315
24048 87508 111556
11336 39748 51084
24495 89457 113952
20697 74298 94995
4766 17022 21788
19641 70058 89699
16436 57304 73740
15481 59230 74711
4271 18711 22982
10032 34618 44650
31519 111990 143509
7120 27293 34413
18500 70581 89081
17984 66450 84434
8635 28530 37165
34500 118502 153002
7869 30500 38369
9282 39403 48685
13838 50482 64320
6561 25387 31948
45154 165500 210654
39262 146308 185570
31565 116415 147980
24084 89933 114017
6421 29145 35566
24981 84270 109251
5817 23728 29545
13243 48554 61797
10696 41430 52126
4567 17991 22558
6169 27193 33362
53987 191653 245640
8508 36865 45373
4652 19515 24167
6705 26114 32819
4184 15624 19808
26180 92597 118777
57760 203181 260941
16206 57271 73477
15834 53130 68964
19926 69030 88956
26837 106958 133795
22974 84597 107571
22975 87044 110019
8054 28181 36235
22337 84896 107233
40478 168729 209207
29604 105344 134948
32207 124108 156315
33735 108777 142512
15172 54052 69224
7441 29894 37335
18844 70812 89656
21353 83199 104552
37004 137392 174396
16865 65550 82415
13547 50416 63963
19321 72382 91703
4795 21297 26092
10442 39061 49503
12396 47072 59468
20259 75149 95408
13683 45653 59336
49847 215723 265570
17612 64712 82324
16336 59497 75833
22749 83614 106363
17629 68584 86213
5224 20533 25757
19186 65194 84380
16051 67278 83329
8393 33294 41687
19552 70867 90419
32886 125762 158648
13008 47066 60074
15258 50331 65589
28064 99635 127699
25071 96103 121174
3379 13790 17169
36931 134178 171109
20291 80530 100821
4625 19087 23712
2905 14723 17628
14507 46696 61203
3982 16652 20634
9444 36170 45614
16449 54443 70892
13009 46327 59336
23219 82113 105332
3510 14823 18333
9449 36448 45897
12215 44409 56624
54199 187064 241263
25804 89334 115138
18572 69431 88003
21294 79865 101159
33382 110843 144225
23675 93074 116749
20011 69826 89837
11773 43924 55697
18851 68084 86935
5643 21429 27072
14097 57252 71349
11470 44212 55682
4803 20859 25662
4147 16374 20521
7186 24255 31441
19133 75183 94316
20470 76958 97428
7828 32418 40246
14971 58816 73787
23687 80377 104064
12297 46054 58351
20361 72494 92855
31575 104765 136340
4406 23093 27499
9372 35485 44857
30821 94361 125182
8461 32153 40614
34071 135802 169873
31942 105138 137080
10935 37337 48272
14189 57427 71616
44932 197508 242440
19003 70506 89509
30679 117715 148394
14462 52781 67243
16166 62575 78741
16834 59973 76807
5410 22300 27710
11790 44577 56367
25741 88304 114045
19444 103971 123415
24628 88021 112649
9857 36827 46684
18033 73050 91083
6204 23500 29704
7997 33702 41699
9049 31755 40804
4765 19548 24313
10295 37400 47695
29290 105417 134707
19923 71468 91391
16064 52088 68152
7663 26173 33836
22566 85344 107910
6530 25663 32193
11976 51015 62991
15614 63432 79046
9860 38741 48601
10128 33638 43766
6982 28274 35256
8513 31576 40089
19360 58952 78312
11027 40206 51233
19547 71862 91409
8168 30956 39124
15365 56408 71773
23086 76898 99984
25139 89248 114387
14886 53415 68301
27078 101343 128421
9434 36180 45614
39737 136294 176031
27566 101182 128748
16583 73436 90019
10763 42742 53505
23398 79639 103037
12651 49371 62022
19823 67962 87785
5936 22556 28492
13803 54103 67906
15088 64780 79868
10931 41878 52809
28319 101180 129499
40967 170692 211659
10459 41123 51582
28664 108408 137072
15095 51934 67029
5478 21157 26635
12089 50911 63000
28694 99604 128298
21929 76339 98268
14509 50150 64659
15611 52181 67792
36317 125797 162114
22225 84614 106839
12938 54857 67795
16586 59695 76281
24638 91143 115781
23621 85970 109591
42574 152476 195050
12223 45731 57954
9187 33878 43065
3750 16172 19922
11055 38041 49096
13305 52000 65305
17800 57063 74863
26920 93017 119937
14912 54343 69255
8262 29599 37861
25397 88841 114238
13796 52054 65850
3663 15980 19643
20170 77501 97671
51690 182772 234462
19276 68599 87875
7030 29819 36849
22719 87085 109804
22796 79348 102144
5652 25036 30688
24870 89528 114398
12410 46450 58860
16245 57150 73395
45192 155565 200757
9311 36217 45528
26167 102182 128349
9383 33101 42484
4226 17990 22216
22013 81736 103749
22225 80499 102724
25327 95674 121001
33881 109886 143767
23261 85019 108280
33487 124269 157756
18121 61540 79661
29010 137554 166564
9709 33794 43503
9233 31769 41002
21886 75305 97191
47749 168560 216309
44557 161223 205780
17304 65495 82799
12828 49932 62760
9624 38037 47661
11427 39716 51143
37405 145337 182742
28031 97826 125857
14742 56175 70917
20666 73787 94453
20851 79366 100217
14485 52591 67076
20265 73611 93876
13064 51407 64471
9134 37351 46485
24006 85180 109186
19398 68488 87886
30444 101801 132245
5204 19464 24668
19872 77985 97857
13123 46232 59355
17105 67692 84797
6167 26305 32472
30507 100540 131047
17825 59300 77125
5217 18926 24143
49803 189534 239337
46014 160651 206665
22378 84612 106990
20779 77514 98293
14884 48906 63790
14343 56450 70793
15362 56585 71947
24781 81500 106281
31831 116609 148440
26911 92362 119273
42248 159108 201356
14051 51252 65303
45431 150957 196388
9335 34938 44273
15654 61991 77645
4975 20127 25102
16578 57511 74089
37072 132409 169481
11077 40114 51191
4580 17905 22485
