25727 44847 70574
13973 26413 40386
29380 55039 84419
34234 57136 91370
30213 49863 80076
26289 46606 72895
17529 29210 46739
11966 22568 34534
19390 37230 56620
43850 70221 114071
11062 22330 33392
37466 58610 96076
38818 73701 112519
24034 46227 70261
13311 23489 36800
21696 36067 57763
44146 77464 121610
15629 26375 42004
26188 51256 77444
45741 79447 125188
50164 104308 154472
24936 44824 69760
17434 33207 50641
12428 25404 37832
21766 41539 63305
27992 55196 83188
9440 17209 26649
7416 14344 21760
8073 14933 23006
31335 59192 90527
40279 67088 107367
20891 39585 60476
43440 67903 111343
26751 49599 76350
27007 47790 74797
22315 42241 64556
33177 63565 96742
15013 27534 42547
29659 60652 90311
28686 52549 81235
6329 12418 18747
25315 51156 76471
19435 39467 58902
23630 39709 63339
6806 15034 21840
13611 23964 37575
41271 74010 115281
9739 22471 32210
27183 51918 79101
25193 47919 73112
12309 35519 47828
46811 116487 163298
11199 21271 32470
12444 24514 36958
20071 37113 57184
10559 17574 28133
69536 123005 192541
59165 103344 162509
44344 84074 128418
32305 60746 93051
10388 20093 30481
38431 59424 97855
9333 18444 27777
20914 36047 56961
15498 32110 47608
6256 11174 17430
9518 18553 28071
78352 134131 212483
14966 23691 38657
8110 13906 22016
8864 16481 25345
5539 10511 16050
36816 62385 99201
79465 144069 223534
20529 39086 59615
19559 37171 56730
27161 51486 78647
38789 69550 108339
33542 62789 96331
32905 59087 91992
10385 18492 28877
34214 62467 96681
56473 102348 158821
42074 77468 119542
45791 88653 134444
43601 76007 119608
18800 36034 54834
10885 20904 31789
29551 50860 80411
34120 59481 93601
50573 94747 145320
26727 77618 104345
18102 32472 50574
28728 55467 84195
7650 13162 20812
15058 32495 47553
18082 33178 51260
32916 51441 84357
17339 30047 47386
77721 128580 206301
23076 47985 71061
30301 42513 72814
31714 59081 90795
25249 48136 73385
7066 13504 20570
25217 47499 72716
21673 44356 66029
12728 23517 36245
26986 51688 78674
47001 94751 141752
20881 31875 52756
20103 37364 57467
42447 68573 111020
35863 63304 99167
5589 9375 14964
52347 95609 147956
26713 54573 81286
6407 12018 18425
3687 7851 11538
20005 32564 52569
6006 11414 17420
12427 24559 36986
19631 38418 58049
18252 31546 49798
35992 57618 93610
5212 9856 15068
12685 24580 37265
20992 28903 49895
72686 127891 200577
31192 54261 85453
27380 53474 80854
28528 54172 82700
44233 78639 122872
36385 67885 104270
25062 48671 73733
16830 31516 48346
26601 50283 76884
8867 15639 24506
19068 38569 57637
14726 28955 43681
7744 12839 20583
5327 11467 16794
8818 16132 24950
27640 50255 77895
28619 53963 82582
11111 25209 36320
19377 42098 61475
28733 60438 89171
17970 34442 52412
28164 56376 84540
44437 72432 116869
7446 14643 22089
15385 26106 41491
40449 68362 108811
12759 23122 35881
47942 95664 143606
44339 75902 120241
14453 28088 42541
23038 42875 65913
63096 132572 195668
25366 48719 74085
44794 83422 128216
19924 37390 57314
21351 43933 65284
20656 38353 59009
7941 14575 22516
17925 32052 49977
38207 63392 101599
29039 51364 80403
33820 58323 92143
13591 25552 39143
24233 48160 72393
8431 15875 24306
13349 23039 36388
11768 21759 33527
6316 13326 19642
14051 26086 40137
41027 68678 109705
25625 50364 75989
19355 33477 52832
8790 16078 24868
31119 58144 89263
8893 18615 27508
17287 32190 49477
22669 46735 69404
14304 25990 40294
12695 24341 37036
10721 18860 29581
10457 21272 31729
19987 41640 61627
14003 29334 43337
33718 49414 83132
10465 20057 30522
18195 37562 55757
27916 51492 79408
33464 60739 94203
20973 40168 61141
38008 75019 113027
13168 24312 37480
63050 126361 189411
40346 72753 113099
24045 56267 80312
15950 29548 45498
31847 55732 87579
19583 32641 52224
25879 47956 73835
8499 15573 24072
18753 37410 56163
23028 47160 70188
17379 29351 46730
39788 76348 116136
59937 112592 172529
15027 28225 43252
41351 64305 105656
19493 36529 56022
7649 14819 22468
17564 31909 49473
44683 70768 115451
28551 52638 81189
19827 36315 56142
21739 38842 60581
45124 88969 134093
33457 59194 92651
18283 30670 48953
19994 42046 62040
37231 63737 100968
32816 67990 100806
64116 118642 182758
16926 32491 49417
12478 26783 39261
5754 10891 16645
13120 24684 37804
18881 34979 53860
20520 39270 59790
36538 65405 101943
22083 41101 63184
11076 20974 32050
34845 64789 99634
21943 37133 59076
4851 11452 16303
28135 55423 83558
71841 134162 206003
25182 46584 71766
9921 21417 31338
31523 56570 88093
29268 52544 81812
8406 15514 23920
38439 64571 103010
17190 31476 48666
20908 42003 62911
62141 110526 172667
12267 27258 39525
33947 63135 97082
12973 22774 35747
6800 13038 19838
30200 57219 87419
40210 56024 96234
36712 64866 101578
46199 77832 124031
32809 59427 92236
46057 93111 139168
24153 43517 67670
44112 96278 140390
14738 25269 40007
10414 22041 32455
27144 54338 81482
68625 123552 192177
63846 117130 180976
24982 47750 72732
19591 36135 55726
12787 26754 39541
16463 28683 45146
60340 101135 161475
41522 75950 117472
23242 39050 62292
27949 55013 82962
29427 58810 88237
19853 39482 59335
51180 54058 105238
19682 41260 60942
13763 26571 40334
35584 63070 98654
25797 51200 76997
39953 72550 112503
7633 14292 21925
30186 52239 82425
17869 33235 51104
25336 49885 75221
10977 20589 31566
41857 73714 115571
22578 45669 68247
7447 13746 21193
79834 142380 222214
58215 110363 168578
31799 58288 90087
39831 54373 94204
17414 31526 48940
19750 38700 58450
21483 39929 61412
32415 58045 90460
42004 79314 121318
35046 58333 93379
58037 109540 167577
19618 34150 53768
58553 111973 170526
13570 26986 40556
21975 40991 62966
7065 14472 21537
23515 39594 63109
51700 97773 149473
14820 27262 42082
6236 12016 18252
