21154 47216 68370
12195 31956 44151
27429 58698 86127
28891 61289 90180
25746 57036 82782
22052 54048 76100
16307 35092 51399
10790 25151 35941
19817 42328 62145
36701 83292 119993
9947 22514 32461
34333 68376 102709
39412 84068 123480
22926 53264 76190
10753 25282 36035
18584 44025 62609
42963 89179 132142
12815 32646 45461
27336 60794 88130
39063 86685 125748
49715 108382 158097
21298 51394 72692
15626 35466 51092
13771 27711 41482
19305 45169 64474
28354 63564 91918
7945 19014 26959
8643 16690 25333
7475 15947 23422
27142 60488 87630
35951 72619 108570
17685 41261 58946
38985 77486 116471
23938 51299 75237
23323 54197 77520
20597 49084 69681
30195 65617 95812
12489 28580 41069
27387 60573 87960
30468 58695 89163
8013 14704 22717
25895 56306 82201
18000 42086 60086
19803 43015 62818
6368 13635 20003
11289 25690 36979
36023 84229 120252
9428 20848 30276
25099 56033 81132
22004 51542 73546
11011 24169 35180
43854 138274 182128
10583 24967 35550
12059 27298 39357
18121 42239 60360
9360 21712 31072
58010 131299 189309
50695 120990 171685
42666 98078 140744
30001 70483 100484
10326 22080 32406
31559 66524 98083
8577 17758 26335
18606 37647 56253
13739 34892 48631
5121 12627 17748
8167 19993 28160
75810 142414 218224
10837 25458 36295
6364 14803 21167
8150 18763 26913
5924 12205 18129
35220 72189 107409
81402 152216 233618
18552 41532 60084
18373 45588 63961
23951 57257 81208
35462 75941 111403
33457 66622 100079
29250 68847 98097
9423 21904 31327
29169 68389 97558
52153 112263 164416
41028 85073 126101
43554 102491 146045
41477 84511 125988
20003 41201 61204
9215 23776 32991
24618 54538 79156
28342 68611 96953
49820 103077 152897
20701 50638 71339
16797 40229 57026
27670 57476 85146
6234 17234 23468
13543 29034 42577
17942 40383 58325
26843 58781 85624
16387 34396 50783
67607 144013 211620
23032 51498 74530
25314 48264 73578
32983 70405 103388
21274 50427 71701
6903 14523 21426
22495 51755 74250
19365 48200 67565
11441 25492 36933
25101 57661 82762
42568 99857 142425
17908 36116 54024
17822 37418 55240
35094 73336 108430
32801 69494 102295
4188 10478 14666
45619 104591 150210
25134 57762 82896
5901 12639 18540
3296 8778 12074
18088 37148 55236
5582 13052 18634
11491 26167 37658
19698 47622 67320
16875 37622 54497
31250 63527 94777
4559 12472 17031
12598 29729 42327
16969 35209 52178
75801 141092 216893
28570 72132 100702
24124 56376 80500
27195 58814 86009
41672 93615 135287
34153 72917 107070
26694 55565 82259
17429 34799 52228
24651 56349 81000
8044 16803 24847
17580 44351 61931
13373 30564 43937
5827 15070 20897
4875 12933 17808
8535 18316 26851
23464 56419 79883
27691 63050 90741
13275 23818 37093
18244 44968 63212
28649 81472 110121
16690 36678 53368
26060 56418 82478
42874 84691 127565
5871 14113 19984
12492 27738 40230
42509 88168 130677
12418 23598 36016
48406 109007 157413
41021 89817 130838
13465 28802 42267
21746 46111 67857
62328 135252 197580
25742 57921 83663
43247 89123 132370
20167 42288 62455
21241 50212 71453
18970 43060 62030
7918 18293 26211
16996 34042 51038
34822 67772 102594
25281 55793 81074
32622 66173 98795
11730 27110 38840
23818 56286 80104
8479 19774 28253
10800 25754 36554
11104 26288 37392
5973 13935 19908
11966 30170 42136
37198 80618 117816
25408 57597 83005
18167 37173 55340
8822 18320 27142
29174 63245 92419
8448 19700 28148
20071 38761 58832
20174 46700 66874
14490 30297 44787
10757 25955 36712
9357 23123 32480
12094 23837 35931
19387 42373 61760
14675 30661 45336
26920 60887 87807
11716 24390 36106
18109 41078 59187
26205 57879 84084
33754 82378 116132
18563 43306 61869
34782 76042 110824
13844 27019 40863
51305 109743 161048
39520 79480 119000
23200 73019 96219
13640 34009 47649
32803 60276 93079
16090 37907 53997
23277 54201 77478
7891 17367 25258
17418 45199 62617
23628 50131 73759
16183 33307 49490
37269 82706 119975
57739 127762 185501
14189 30959 45148
35307 69865 105172
18510 40869 59379
6692 18102 24794
18216 36641 54857
40709 80127 120836
25588 57951 83539
19319 39049 58368
17873 40083 57956
44344 109426 153770
27389 63734 91123
15855 34306 50161
18860 46056 64916
33808 77719 111527
27323 62109 89432
51770 118322 170092
13228 32721 45949
12823 27478 40301
4966 12208 17174
12471 27053 39524
17695 36959 54654
17655 40223 57878
32112 72495 104607
18796 46794 65590
9978 22506 32484
36192 68030 104222
19230 39776 59006
5029 12713 17742
26955 60787 87742
65308 149907 215215
23956 55380 79336
9802 24008 33810
30524 64533 95057
29534 60273 89807
8909 17938 26847
32392 69249 101641
15864 33497 49361
21274 67731 89005
58824 120556 179380
13063 28479 41542
33582 75437 109019
10785 24565 35350
5588 13585 19173
30325 56653 86978
27092 62005 89097
36350 72981 109331
41030 92202 133232
30772 65337 96109
42976 96336 139312
21591 49932 71523
38112 108421 146533
12453 30322 42775
10829 23643 34472
35375 63150 98525
62258 127413 189671
64902 135769 200671
22425 50944 73369
16993 43426 60419
12864 29481 42345
15382 33320 48702
49570 122409 171979
34499 77210 111709
19453 42636 62089
24388 58770 83158
27102 66287 93389
18868 43054 61922
29588 56776 86364
17131 43018 60149
12250 27112 39362
37818 68163 105981
23896 53453 77349
40534 78103 118637
7000 15022 22022
23499 57359 80858
17568 35253 52821
22877 51725 74602
8524 19961 28485
34280 76341 110621
21091 46659 67750
6283 14546 20829
64531 149416 213947
59891 124835 184726
29100 62769 91869
27539 58044 85583
17834 41396 59230
19022 44325 63347
20361 43221 63582
29663 69723 99386
46155 91299 137454
34674 76868 111542
59928 129515 189443
18284 37041 55325
61087 124613 185700
12761 27369 40130
20725 53238 73963
6303 15025 21328
19892 45967 65859
47436 113909 161345
13707 33272 46979
5516 13108 18624
