13625 76416 90041
8343 46558 54901
16566 85602 102168
15606 89114 104720
14332 85095 99427
13264 80688 93952
8669 56787 65456
5977 38901 44878
9627 57795 67422
19225 119297 138522
7022 34644 41666
17158 102969 120127
19573 119194 138767
13520 74717 88237
6338 42327 48665
10536 59095 69631
24052 118643 142695
6567 43547 50114
14118 88020 102138
22832 126257 149089
28817 166025 194842
13286 75250 88536
8251 54472 62723
6364 42222 48586
12414 67516 79930
13744 90165 103909
4327 29854 34181
3573 27756 31329
4688 25050 29738
16139 93125 109264
20037 103522 123559
10766 59647 70413
22502 112207 134709
15144 78538 93682
15354 85789 101143
12185 74623 86808
16577 117864 134441
7448 46032 53480
16151 102073 118224
15836 93514 109350
3163 22566 25729
15743 90376 106119
12195 72662 84857
12636 70855 83491
4163 25286 29449
7654 41299 48953
21063 123595 144658
5347 32899 38246
17619 89196 106815
13419 81574 94993
7767 36879 44646
26316 149612 175928
6310 38079 44389
6995 44412 51407
9774 63841 73615
5405 35065 40470
32982 197785 230767
32282 175626 207908
24692 145604 170296
16472 107940 124412
4790 35123 39913
17526 98359 115885
4503 29147 33650
10194 60060 70254
7470 70312 77782
2917 19265 22182
5127 30122 35249
38348 215021 253369
6651 39666 46317
3333 22093 25426
4440 28164 32604
2813 18313 21126
18298 111042 129340
37377 221199 258576
10729 63692 74421
10936 61581 72517
13421 84349 97770
18628 105935 124563
15878 100432 116310
16825 104721 121546
5413 31251 36664
15378 102211 117589
27720 158838 186558
21123 117965 139088
28593 152704 181297
21834 120828 142662
9663 64576 74239
5773 33873 39646
14298 85855 100153
15595 97300 112895
30517 161798 192315
13361 76661 90022
9379 56197 65576
13540 87328 100868
3913 28334 32247
7676 46440 54116
9662 53451 63113
15001 87663 102664
8621 53184 61805
36918 210772 247690
13415 77029 90444
12191 73924 86115
15911 97883 113794
13703 78848 92551
3416 23173 26589
15971 83051 99022
12256 74766 87022
6126 39341 45467
15198 86355 101553
25496 144064 169560
8837 53748 62585
10978 58359 69337
22517 115954 138471
18418 110184 128602
2784 16944 19728
26749 153337 180086
14451 97074 111525
3140 21523 24663
2032 15013 17045
9621 54158 63779
3493 22618 26111
8032 45243 53275
9580 61047 70627
8845 54665 63510
15576 101747 117323
2850 18426 21276
6214 44685 50899
8948 52795 61743
35128 213739 248867
17019 117944 134963
12607 81660 94267
14676 87249 101925
21616 129907 151523
17888 116700 134588
13201 81929 95130
8683 55056 63739
14239 81916 96155
4348 26378 30726
10024 64180 74204
7787 47918 55705
3216 21824 25040
2750 18950 21700
4380 28254 32634
12545 89672 102217
15830 90094 105924
6322 39116 45438
11888 72954 84842
15902 96565 112467
8586 54047 62633
13730 86279 100009
25417 127056 152473
3527 23385 26912
6772 44853 51625
19512 112835 132347
7526 41935 49461
28582 168790 197372
23595 127134 150729
7367 49677 57044
11665 68361 80026
35730 200740 236470
14228 85844 100072
24165 137083 161248
12900 66485 79385
13271 73188 86459
11363 64206 75569
3990 25314 29304
8302 58082 66384
20298 109882 130180
13807 92992 106799
16854 106972 123826
7037 46285 53322
13406 85622 99028
5336 28450 33786
6981 42213 49194
6749 38383 45132
3250 22581 25831
7044 46478 53522
19494 113642 133136
14154 86700 100854
9842 58888 68730
5140 29642 34782
16305 98060 114365
5179 33170 38349
8362 55081 63443
12549 72760 85309
6955 48476 55431
7501 39779 47280
5596 34370 39966
8651 40306 48957
10924 69473 80397
7103 50505 57608
14357 90121 104478
6287 36554 42841
10882 69244 80126
14451 91453 105904
17647 103985 121632
12222 68170 80392
22873 121811 144684
6227 46239 52466
30058 164278 194336
20011 115449 135460
12618 80941 93559
8042 50609 58651
16656 97475 114131
9010 61913 70923
14899 83051 97950
4966 28421 33387
10798 66493 77291
13911 89333 103244
7745 48311 56056
22055 124251 146306
32215 189887 222102
8165 51728 59893
20775 111700 132475
10165 62137 72302
3608 26739 30347
9281 56900 66181
22636 156528 179164
14040 91039 105079
11528 62855 74383
10363 63431 73794
28027 144812 172839
17761 104819 122580
8849 53594 62443
12466 68380 80846
18262 104814 123076
17229 114012 131241
29860 189710 219570
8559 49241 57800
7628 42361 49989
2640 19647 22287
7013 44010 51023
10120 59945 70065
13389 65900 79289
19695 117226 136921
13006 69444 82450
6812 37639 44451
17854 105749 123603
12719 59509 72228
2938 20775 23713
15911 94065 109976
39883 221877 261760
13665 87143 100808
5570 37485 43055
18300 100421 118721
14934 99397 114331
4527 29904 34431
17540 109857 127397
8953 51487 60440
11683 79035 90718
32807 183297 216104
6048 59686 65734
19739 127252 146991
7622 43113 50735
3773 25306 29079
16832 99931 116763
16857 109810 126667
23671 123087 146758
25153 145459 170612
18324 100003 118327
26129 146590 172719
14084 76764 90848
21624 170998 192622
8777 45886 54663
6095 39296 45391
14832 89356 104188
34900 197693 232593
39082 200584 239666
14950 85263 100213
12798 65580 78378
8488 53436 61924
9635 50637 60272
28819 171940 200759
21127 118264 139391
11452 68824 80276
15408 90288 105696
17161 103594 120755
11649 68167 79816
14882 98872 113754
12166 67329 79495
7341 42947 50288
18836 102757 121593
13305 80669 93974
24904 129697 154601
3940 25048 28988
13516 95708 109224
9391 58729 68120
14191 81507 95698
5023 32263 37286
20841 131208 152049
12416 72092 84508
3737 24807 28544
36944 216413 253357
31876 192062 223938
17396 95792 113188
14057 87182 101239
10152 62793 72945
12751 72187 84938
11900 68079 79979
16904 102085 118989
25722 144716 170438
19163 104569 123732
32415 186495 218910
9779 59438 69217
32257 189231 221488
8536 46640 55176
13236 76011 89247
3631 23494 27125
12690 72893 85583
28077 164519 192596
8391 49508 57899
3170 21918 25088
