20882 51659 72541
11781 31190 42971
23796 59774 83570
26367 64938 91305
24055 58305 82360
21497 60639 82136
14489 37652 52141
11700 25778 37478
17089 48940 66029
35194 93055 128249
10461 27699 38160
30768 73364 104132
34266 89123 123389
22186 58051 80237
12023 28979 41002
16613 46463 63076
36597 95565 132162
13382 50076 63458
24741 60764 85505
41258 97119 138377
43821 120980 164801
21749 53649 75398
14184 38012 52196
12303 30269 42572
16993 50941 67934
25153 63848 89001
8560 28005 36565
7390 18189 25579
6494 19248 25742
26556 68894 95450
32226 81228 113454
16774 45484 62258
33120 81801 114921
20411 56052 76463
22208 57612 79820
19298 52285 71583
29432 76965 106397
12174 31645 43819
27339 68834 96173
26812 62318 89130
5380 13734 19114
22629 62402 85031
17588 47867 65455
18588 48545 67133
5075 15680 20755
10108 26592 36700
34033 87882 121915
8680 24047 32727
22955 61656 84611
20391 57775 78166
10047 25564 35611
40577 105938 146515
10144 26783 36927
11040 29331 40371
17552 43710 61262
8355 21240 29595
53242 146496 199738
53737 120849 174586
39262 105844 145106
28281 73570 101851
8168 22608 30776
30071 69657 99728
7690 21054 28744
17684 42796 60480
13974 35620 49594
4573 14889 19462
8336 23131 31467
63690 161152 224842
10425 27131 37556
5717 16377 22094
9131 19616 28747
4427 12759 17186
29710 78924 108634
72136 173470 245606
18499 48091 66590
26880 50937 77817
22138 60982 83120
34319 82520 116839
33817 78959 112776
26974 72372 99346
7781 25316 33097
25620 73456 99076
49137 124783 173920
36156 91008 127164
41066 112717 153783
37541 93464 131005
17230 43147 60377
10112 24783 34895
23490 60752 84242
28551 75072 103623
43900 110460 154360
19198 55329 74527
17102 40705 57807
22108 58987 81095
6191 16460 22651
11675 33083 44758
14959 39230 54189
23790 60193 83983
18292 38852 57144
60393 144615 205008
19823 57137 76960
17994 50321 68315
25968 73305 99273
18772 54238 73010
6045 16263 22308
22356 55050 77406
17740 53705 71445
9503 30032 39535
21366 58578 79944
44598 110363 154961
15812 40640 56452
17411 48685 66096
33740 84574 118314
28835 76959 105794
3836 12564 16400
42924 117761 160685
23776 67137 90913
6923 16115 23038
3525 10328 13853
19777 39943 59720
5754 15732 21486
11167 29362 40529
16696 46685 63381
15422 39956 55378
26977 69181 96158
4581 14878 19459
11217 30225 41442
16276 38587 54863
62592 163829 226421
28722 72367 101089
21052 58972 80024
26290 70047 96337
40087 97318 137405
29505 76798 106303
22368 61022 83390
17151 39210 56361
24126 59438 83564
7191 19156 26347
17654 55232 72886
13397 35015 48412
5819 15452 21271
5391 12223 17614
7954 20394 28348
21843 59477 81320
32336 70768 103104
10337 28763 39100
19220 49148 68368
24242 63742 87984
15507 38854 54361
23341 56740 80081
35224 97770 132994
5318 14725 20043
10761 28743 39504
33352 85416 118768
10208 26170 36378
43660 117794 161454
36537 92917 129454
11940 31255 43195
19957 48851 68808
55931 138779 194710
21734 56385 78119
35571 99430 135001
16410 46093 62503
19093 50727 69820
18107 44193 62300
6543 17467 24010
13754 36378 50132
30190 75891 106081
33030 61269 94299
26839 70864 97703
11968 31560 43528
20925 62357 83282
7044 19323 26367
9541 28937 38478
9857 28862 38719
5249 15590 20839
11748 31660 43408
34643 89299 123942
21752 61100 82852
16632 40334 56966
7135 21869 29004
25376 66999 92375
8277 23501 31778
14688 38710 53398
18765 53194 71959
11466 33721 45187
9912 28308 38220
8298 24672 32970
10561 25791 36352
17742 54050 71792
12275 35259 47534
23680 63329 87009
9828 25766 35594
17103 46784 63887
32293 61223 93516
29464 75403 104867
18823 49260 68083
33912 87890 121802
11849 30240 42089
48977 116800 165777
33860 85698 119558
21375 57212 78587
12709 37478 50187
26408 69249 95657
14242 39532 53774
21635 61981 83616
7534 18163 25697
17144 46551 63695
18228 56975 75203
14530 33761 48291
35088 84621 119709
55659 157213 212872
12956 36054 49010
33207 81583 114790
17888 44548 62436
6391 18110 24501
14647 39776 54423
35315 86897 122212
23938 62156 86094
16615 43566 60181
16892 46809 63701
44252 112812 157064
27882 72751 100633
15217 40363 55580
19123 53731 72854
31259 74285 105544
27073 74737 101810
54137 133114 187251
14297 34288 48585
10581 28219 38800
4513 13544 18057
11513 30392 41905
16745 44405 61150
18268 48474 66742
29498 78092 107590
17745 47283 65028
9206 26661 35867
28679 78702 107381
18442 43554 61996
5346 13130 18476
26089 67052 93141
59393 160356 219749
21700 59231 80931
8912 27411 36323
30977 71655 102632
27244 65077 92321
7070 21891 28961
32355 74399 106754
15797 36899 52696
20147 50820 70967
52548 135261 187809
10182 30997 41179
29164 81290 110454
10961 28777 39738
6531 18220 24751
28033 65022 93055
26142 73881 100023
29873 82936 112809
38943 97382 136325
26610 68092 94702
40414 104227 144641
19798 51028 70826
34120 115452 149572
11101 30335 41436
9253 24615 33868
22813 60082 82895
60716 136341 197057
51664 130582 182246
20755 56835 77590
15855 47133 62988
11491 32608 44099
13697 34946 48643
48491 125240 173731
33977 110980 144957
16758 46532 63290
24002 60655 84657
24087 69790 93877
19591 49542 69133
24693 67190 91883
16804 45270 62074
11570 29275 40845
29683 111153 140836
22445 58679 81124
37372 93564 130936
5975 17845 23820
23082 65426 88508
16092 42768 58860
20333 59021 79354
8126 24069 32195
36065 87781 123846
19490 52248 71738
5501 15927 21428
64243 158778 223021
55474 139090 194564
30389 70143 100532
24649 62989 87638
16942 42770 59712
17721 49507 67228
33256 50440 83696
29918 76868 106786
37890 101987 139877
29411 80346 109757
57395 143339 200734
19940 43725 63665
58414 133051 191465
12874 29369 42243
21271 52626 73897
5835 17780 23615
19987 48708 68695
42853 115647 158500
13308 38653 51961
5644 14185 19829
