14819 69358 84177
7934 43669 51603
16598 84720 101318
18435 89281 107716
15181 79535 94716
15585 81552 97137
8868 54308 63176
6854 40350 47204
11397 58062 69459
24572 112284 136856
6063 34869 40932
21228 98784 120012
22349 112006 134355
15958 73324 89282
7186 37343 44529
12003 59220 71223
24975 122057 147032
7862 42934 50796
15845 80407 96252
29964 124020 153984
32086 162652 194738
14561 71962 86523
11569 53322 64891
7549 42753 50302
12604 63587 76191
16973 87061 104034
4896 28956 33852
3984 23108 27092
5137 26020 31157
17597 88165 105762
24571 105935 130506
11888 63159 75047
23159 107764 130923
14166 78559 92725
16603 78245 94848
13270 69400 82670
18994 143637 162631
8386 43721 52107
18320 99054 117374
17521 87154 104675
3669 20028 23697
15285 81446 96731
12392 70566 82958
13261 63945 77206
3881 23489 27370
7029 39734 46763
23985 148122 172107
7235 29811 37046
15320 78116 93436
15764 81596 97360
6459 34171 40630
30719 145060 175779
6558 37347 43905
7684 41889 49573
13962 58572 72534
5353 27817 33170
39328 191504 230832
33484 161862 195346
28267 130603 158870
19452 99392 118844
5148 32203 37351
19342 95061 114403
5430 27946 33376
13351 57074 70425
9100 50085 59185
3371 18337 21708
5306 30298 35604
43568 207679 251247
6935 38704 45639
3762 22301 26063
4996 25481 30477
2773 15909 18682
20598 103804 124402
45811 228823 274634
15978 61700 77678
12578 63361 75939
16278 82337 98615
22825 107592 130417
18943 95744 114687
19753 124865 144618
6522 31210 37732
19566 96228 115794
31869 161929 193798
24140 117623 141763
30956 141671 172627
25311 124458 149769
11926 58827 70753
6461 33019 39480
17783 84239 102022
19230 95305 114535
29716 149067 178783
13132 68589 81721
10713 53900 64613
15989 84344 100333
3839 24292 28131
8662 44863 53525
10263 58227 68490
15840 76706 92546
10047 50505 60552
40494 188355 228849
13127 71678 84805
13809 65510 79319
17725 87851 105576
12808 69364 82172
3756 22347 26103
14188 75784 89972
13327 86656 99983
6839 39230 46069
14676 80556 95232
28073 140465 168538
9837 49807 59644
12648 55188 67836
21690 110149 131839
20663 107045 127708
2593 15793 18386
39372 145399 184771
17455 82774 100229
3657 20998 24655
2656 14570 17226
11012 54492 65504
3292 21030 24322
7832 41732 49564
11948 66185 78133
10521 51773 62294
18286 97817 116103
3068 20461 23529
7536 42958 50494
10765 51084 61849
49649 216023 265672
18809 92757 111566
15613 83775 99388
18107 90507 108614
26229 122803 149032
19268 105992 125260
17024 77329 94353
11541 63940 75481
16920 83671 100591
4614 25577 30191
12354 68782 81136
8391 46814 55205
5380 21770 27150
3003 19831 22834
4956 28491 33447
14415 84245 98660
17608 90203 107811
6435 37366 43801
14560 62052 76612
16840 95904 112744
12274 55506 67780
16448 79793 96241
26430 112131 138561
3544 22017 25561
7580 42426 50006
25555 109207 134762
7369 35921 43290
30018 161831 191849
24947 119574 144521
8780 55732 64512
14063 72390 86453
36958 194458 231416
15795 80609 96404
26346 126789 153135
12339 58589 70928
15454 69321 84775
12009 59987 71996
4203 24323 28526
10790 52954 63744
21446 101327 122773
16684 77783 94467
19761 105584 125345
8215 43467 51682
14542 82637 97179
4713 26722 31435
7167 37474 44641
7278 37007 44285
4063 21788 25851
8457 42965 51422
22830 113444 136274
17088 89525 106613
11360 53186 64546
4842 27099 31941
20346 96711 117057
7090 29592 36682
9772 54051 63823
13883 67631 81514
7530 45785 53315
7269 39765 47034
5678 31711 37389
7456 36417 43873
11873 60685 72558
8449 44739 53188
16678 90417 107095
6803 32959 39762
11412 61931 73343
16451 84344 100795
20793 98884 119677
13946 65162 79108
24633 117235 141868
7824 40192 48016
33297 155376 188673
25738 114169 139907
14906 80644 95550
9004 46030 55034
18342 92013 110355
10092 54571 64663
14802 81393 96195
4826 25391 30217
11833 63160 74993
13011 69328 82339
8906 45890 54796
23939 120193 144132
38668 175480 214148
10414 51446 61860
21402 106440 127842
12170 64167 76337
4582 22678 27260
10313 54321 64634
23064 114061 137125
15359 81137 96496
11529 59552 71081
11585 59019 70604
28047 142689 170736
18013 105110 123123
11540 50964 62504
12871 68142 81013
20081 101715 121796
18178 99213 117391
33688 177288 210976
9130 45869 54999
6790 37336 44126
2813 17394 20207
7423 43116 50539
10879 55375 66254
13021 60919 73940
22266 98996 121262
13287 68092 81379
7822 34873 42695
19149 107206 126355
13102 56945 70047
2810 20310 23120
17576 111739 129315
43333 214210 257543
15045 81093 96138
5999 33242 39241
17570 89449 107019
17498 90652 108150
4874 25954 30828
19541 100036 119577
9964 49596 59560
22462 72828 95290
37989 174305 212294
8250 46220 54470
20566 109529 130095
7250 37756 45006
3432 21663 25095
18158 87508 105666
19876 88148 108024
20433 109496 129929
25290 123332 148622
18106 91715 109821
30131 136235 166366
14177 69205 83382
31341 142471 173812
8040 42811 50851
6503 38156 44659
16622 85213 101835
42404 183669 226073
35373 182483 217856
14151 78192 92343
12950 59982 72932
7882 45401 53283
9999 49413 59412
31418 159638 191056
22505 113190 135695
14235 63413 77648
16109 83701 99810
16999 94128 111127
13562 65134 78696
16339 90960 107299
11856 62282 74138
7436 38784 46220
20102 100923 121025
17135 79551 96686
24172 113913 138085
3893 23869 27762
16363 90718 107081
10802 54872 65674
15865 79004 94869
6087 29702 35789
23812 120757 144569
14302 67729 82031
4397 24915 29312
49688 218841 268529
35584 179074 214658
19291 108792 128083
15614 81995 97609
10788 55960 66748
15450 63007 78457
13649 65582 79231
19831 103914 123745
29045 134621 163666
20209 102650 122859
37317 174851 212168
11469 65998 77467
34377 173321 207698
7856 44241 52097
16108 70643 86751
4135 24858 28993
12764 64327 77091
32028 149001 181029
8461 46163 54624
3608 19283 22891
