29285 22702 51987
17062 12829 29891
38917 26453 65370
42041 28552 70593
34421 25179 59600
32439 24503 56942
21755 16011 37766
15595 11536 27131
25939 17971 43910
50877 38060 88937
14017 11074 25091
43223 33710 76933
48640 38033 86673
30531 23807 54338
15990 11595 27585
26342 17859 44201
53484 39195 92679
17276 15474 32750
33778 26780 60558
54217 42415 96632
62336 54095 116431
27583 21596 49179
20211 14808 35019
15814 14793 30607
27035 20475 47510
35498 28515 64013
11540 8570 20110
9012 6565 15577
9602 7450 17052
41440 28464 69904
47415 35931 83346
25269 20253 45522
50113 36872 86985
32521 25341 57862
32343 24509 56852
27017 22551 49568
40725 31020 71745
17543 13206 30749
39481 30336 69817
36460 26994 63454
8220 5702 13922
33617 25714 59331
23842 19997 43839
30049 21892 51941
8225 6623 14848
15726 12709 28435
51931 37298 89229
12189 9880 22069
33073 28145 61218
30340 24518 54858
13995 10265 24260
56299 46041 102340
14867 10963 25830
16726 12779 29505
24765 18041 42806
11594 8747 20341
82181 62027 144208
71672 55581 127253
53553 46230 99783
41393 35279 76672
11101 9824 20925
45526 34510 80036
10450 7696 18146
24149 21846 45995
18491 13943 32434
7021 5138 12159
10671 8718 19389
93935 67655 161590
16540 11875 28415
8689 6454 15143
11218 7469 18687
6415 4939 11354
43255 32294 75549
108571 72377 180948
26328 20518 46846
24742 18282 43024
33905 25132 59037
46897 35339 82236
40944 31854 72798
39819 32966 72785
12367 9673 22040
40116 32648 72764
77231 55422 132653
52149 38951 91100
56307 45729 102036
62315 46564 108879
28932 21213 50145
14043 12971 27014
35145 26060 61205
38932 33964 72896
64220 56514 120734
31620 23947 55567
21427 16747 38174
32657 26747 59404
9747 7239 16986
18349 13985 32334
21466 15723 37189
36106 29212 65318
20492 14432 34924
95853 83449 179302
28811 23801 52612
27257 21941 49198
38326 29086 67412
27886 24362 52248
8907 6170 15077
32460 24503 56963
28460 23284 51744
15506 11562 27068
32234 26192 58426
57190 48033 105223
21274 15848 37122
23365 18313 41678
53915 42017 95932
41068 31740 72808
6532 5364 11896
60469 47830 108299
36808 29677 66485
7970 5834 13804
5150 4241 9391
23803 16097 39900
8099 6801 14900
17115 14438 31553
26244 19836 46080
21465 17606 39071
40387 32648 73035
6345 4975 11320
16362 12806 29168
20713 14658 35371
93311 79922 173233
42329 34628 76957
33554 26742 60296
39402 27802 67204
54092 47355 101447
41417 33943 75360
31952 24106 56058
21030 16457 37487
32080 25988 58068
10040 7579 17619
23984 20490 44474
17902 13892 31794
8366 6002 14368
7173 5463 12636
11482 8732 20214
31646 26445 58091
36395 28111 64506
14613 11490 26103
30665 19871 50536
38475 30784 69259
20162 15706 35868
34750 26407 61157
55665 39436 95101
8083 6362 14445
16905 13048 29953
47225 36199 83424
15273 11379 26652
58402 51806 110208
53339 38521 91860
17627 13315 30942
25657 20260 45917
83156 64188 147344
31922 24687 56609
52013 46200 98213
24674 22038 46712
28765 23614 52379
23648 17962 41610
9950 7546 17496
21076 16062 37138
44594 33278 77872
34335 25167 59502
41007 31059 72066
16588 12849 29437
33697 27183 60880
10792 8157 18949
15171 11466 26637
15304 12561 27865
8033 6053 14086
20769 14834 35603
49867 45409 95276
34905 27258 62163
22546 17041 39587
11221 8056 19277
39807 30977 70784
11650 8603 20253
20676 15655 36331
26845 21401 48246
18043 13861 31904
14419 10871 25290
11742 10189 21931
14303 10597 24900
25047 19680 44727
17623 14872 32495
36891 29216 66107
16215 11899 28114
27855 20819 48674
39941 28198 68139
43575 31841 75416
26373 20984 47357
44932 34129 79061
17999 11807 29806
68926 52014 120940
60690 43829 104519
35970 29247 65217
20026 16400 36426
44872 31334 76206
22467 16902 39369
37899 26619 64518
11023 8061 19084
27297 21510 48807
32293 26224 58517
21059 16998 38057
53972 40317 94289
92651 68086 160737
18757 31047 49804
56953 36922 93875
29809 21603 51412
11336 6999 18335
23693 18464 42157
50412 39118 89530
34188 32729 66917
23135 16909 40044
23137 17842 40979
58232 46266 104498
39531 32276 71807
21607 15656 37263
24772 20295 45067
43756 31700 75456
38791 30834 69625
73237 59155 132392
22241 16099 38340
15968 11244 27212
6855 5731 12586
16838 13306 30144
24008 16954 40962
24999 20411 45410
50646 39808 90454
25966 21437 47403
14424 10947 25371
48338 33623 81961
25218 19692 44910
7390 6458 13848
38243 29495 67738
99575 76033 175608
38921 29453 68374
13511 10913 24424
39966 32344 72310
39327 30370 69697
11196 7560 18756
44866 33059 77925
20312 18803 39115
30129 22653 52782
82862 63120 145982
19115 14950 34065
50620 36599 87219
17516 12236 29752
9006 8331 17337
43366 35673 79039
42599 33365 75964
47731 36885 84616
56607 46550 103157
40719 31508 72227
71012 49916 120928
30055 22144 52199
53467 52664 106131
17953 15116 33069
14183 20270 34453
38568 32075 70643
88512 74371 162883
91806 65194 157000
31198 23732 54930
26035 20853 46888
19147 15245 34392
21199 16814 38013
76799 66970 143769
47752 38176 85928
26139 20388 46527
36822 30135 66957
39233 31997 71230
26561 21015 47576
42854 46648 89502
26989 19563 46552
20170 13236 33406
61235 34940 96175
37223 28144 65367
54850 40200 95050
10328 7287 17615
33968 26812 60780
23084 17385 40469
32559 23846 56405
12176 9817 21993
51615 39757 91372
28134 25466 53600
10018 6595 16613
92947 73311 166258
89978 63496 153474
44220 31653 75873
34825 28320 63145
23815 18565 42380
25452 20415 45867
27809 20650 48459
41595 30496 72091
59164 46591 105755
44674 38467 83141
77530 61438 138968
25789 20444 46233
88354 59648 148002
19306 14543 33849
32122 25524 57646
9916 7130 17046
30030 21403 51433
66952 53986 120938
24658 14950 39608
8138 6399 14537
