26609 28355 54964
16867 15021 31888
33133 31077 64210
39625 35253 74878
33184 32070 65254
28859 30459 59318
19752 20109 39861
13962 14528 28490
24199 21598 45797
44330 45509 89839
12674 13031 25705
40518 36612 77130
45220 50584 95804
29090 28729 57819
14627 14225 28852
23458 23605 47063
49862 52192 102054
21484 17469 38953
40344 38658 79002
65272 51742 117014
66822 64661 131483
27270 28073 55343
18840 19055 37895
16020 16310 32330
24400 26563 50963
33901 35531 69432
13124 10169 23293
8387 7959 16346
9360 9454 18814
34852 34922 69774
44291 44534 88825
23458 23464 46922
45771 41468 87239
29013 30837 59850
32076 30898 62974
26653 27288 53941
38595 40372 78967
16432 15379 31811
39672 38342 78014
37792 34481 72273
6904 7190 14094
31551 31825 63376
24183 26900 51083
25500 27511 53011
7764 8771 16535
17227 14846 32073
43840 47559 91399
12382 12229 24611
30096 30096 60192
29352 30776 60128
12848 13480 26328
72400 57310 129710
13539 13090 26629
15685 14491 30176
24566 23906 48472
12592 13920 26512
75568 83417 158985
70717 67340 138057
52882 55877 108759
36954 38170 75124
11333 11334 22667
43395 35244 78639
9807 10360 20167
22061 20543 42604
17239 18725 35964
6283 6529 12812
10500 11108 21608
86257 84777 171034
14077 13718 27795
8532 8760 17292
9961 9722 19683
6587 6311 12898
41777 41624 83401
97484 94944 192428
26823 23609 50432
24284 24163 48447
32444 29922 62366
44385 41284 85669
37692 38252 75944
40763 40916 81679
11620 12443 24063
37285 37973 75258
73084 65846 138930
50759 45788 96547
53377 57795 111172
48280 47731 96011
23352 22806 46158
12612 13279 25891
33017 32309 65326
36937 37788 74725
60333 73031 133364
29195 30322 59517
22114 22639 44753
33904 33688 67592
8958 9411 18369
18080 19103 37183
21328 21852 43180
36249 35286 71535
23604 19734 43338
85279 80849 166128
26942 29902 56844
28581 28159 56740
39766 39430 79196
26717 30424 57141
9795 9775 19570
27790 35004 62794
23797 26214 50011
15791 16517 32308
31996 40267 72263
54443 58877 113320
22547 19892 42439
21870 21849 43719
44617 46192 90809
40260 38888 79148
5735 6020 11755
57506 58866 116372
33599 31783 65382
7633 7733 15366
7203 5051 12254
24376 23989 48365
6974 6737 13711
18659 14256 32915
23187 24287 47474
20783 20335 41118
39503 35794 75297
5922 6132 12054
17951 19244 37195
19510 18164 37674
86607 96301 182908
36992 34802 71794
30894 33114 64008
33473 35273 68746
51188 51740 102928
41291 45619 86910
32205 31920 64125
20439 21207 41646
40933 29969 70902
9872 10100 19972
33609 26305 59914
16497 15761 32258
8429 8352 16781
7098 6695 13793
11179 10795 21974
30748 30297 61045
35555 35115 70670
13703 14170 27873
22826 24941 47767
37761 36106 73867
20757 20901 41658
35646 38276 73922
52440 46546 98986
8709 9070 17779
17566 17714 35280
53723 48305 102028
13216 13417 26633
54025 59864 113889
48496 49105 97601
16820 16090 32910
24744 28250 52994
87078 88735 175813
31546 31789 63335
49523 52086 101609
24259 26929 51188
29881 31483 61364
24850 25709 50559
11271 10873 22144
21565 20880 42445
46407 42760 89167
34342 32301 66643
55068 49126 104194
16176 15510 31686
29061 30575 59636
10317 10510 20827
21247 14985 36232
14785 14173 28958
8589 8897 17486
19518 16860 36378
49624 48486 98110
34383 34410 68793
23027 23066 46093
10996 10684 21680
42431 39982 82413
11819 13204 25023
20580 21353 41933
25713 25222 50935
16739 16674 33413
14604 14121 28725
11333 13223 24556
13251 15364 28615
22763 23428 46191
16206 17349 33555
33586 32820 66406
13209 14752 27961
23890 25086 48976
34365 34077 68442
38254 42143 80397
26275 26382 52657
48680 45697 94377
15222 17350 32572
72544 69198 141742
52558 49165 101723
29911 36064 65975
20907 22588 43495
37809 36303 74112
22983 20510 43493
30424 28462 58886
11528 10297 21825
23244 24781 48025
24655 26120 50775
18405 18728 37133
46181 44627 90808
68158 66987 135145
17571 18262 35833
43691 42783 86474
22414 21965 44379
8854 9432 18286
20478 21287 41765
46413 47400 93813
34128 34438 68566
22704 21983 44687
23891 22581 46472
53280 56559 109839
38619 38376 76995
20825 19793 40618
24129 26243 50372
40493 38334 78827
37369 38905 76274
70146 69632 139778
17350 17456 34806
15350 14534 29884
6575 6201 12776
17505 15316 32821
21558 22626 44184
22919 23865 46784
40499 41006 81505
23977 25897 49874
12796 12768 25564
38480 37860 76340
23176 22565 45741
6760 6804 13564
33879 34331 68210
86759 86417 173176
31230 30485 61715
12656 12376 25032
36869 34255 71124
38581 34257 72838
9898 10055 19953
39671 39214 78885
20488 19017 39505
24390 26574 50964
73490 69727 143217
15245 15828 31073
39491 40876 80367
13985 14736 28721
7636 7872 15508
38820 34281 73101
36804 35299 72103
43784 41991 85775
50064 51731 101795
38182 38905 77087
54301 56561 110862
28554 29451 58005
45423 59755 105178
15951 15196 31147
12338 13663 26001
38407 33435 71842
78481 75726 154207
75449 71443 146892
27663 29313 56976
23841 24055 47896
16653 16762 33415
19368 18315 37683
65630 63932 129562
44982 45581 90563
24376 25098 49474
31608 33142 64750
34933 36134 71067
24085 24604 48689
35384 33483 68867
21730 24611 46341
15900 15387 31287
39591 41272 80863
31131 31472 62603
45882 46640 92522
8185 8030 16215
33027 33194 66221
22064 21676 43740
27932 30781 58713
10855 12516 23371
45313 47122 92435
26890 26760 53650
7985 8357 16342
83887 85933 169820
75548 71400 146948
38046 37355 75401
33947 35158 69105
21698 21654 43352
24253 24736 48989
24317 25547 49864
38681 39732 78413
50074 54016 104090
43001 39900 82901
72928 71502 144430
22277 21809 44086
71602 66552 138154
18878 15496 34374
28216 26221 54437
7998 7987 15985
25075 24788 49863
54681 60917 115598
17450 17814 35264
7855 7654 15509
