17162 69055 86217
9193 42651 51844
20421 80469 100890
22384 80076 102460
19695 76721 96416
16370 67546 83916
12218 47461 59679
7827 36919 44746
12391 53264 65655
26516 115668 142184
7514 32036 39550
22140 88967 111107
25679 109960 135639
17107 69270 86377
7760 35744 43504
12421 55963 68384
29149 114639 143788
9123 40274 49397
18510 78232 96742
28802 120046 148848
36621 149217 185838
16312 69255 85567
10875 48277 59152
8445 40670 49115
14786 63179 77965
19987 85368 105355
5653 27900 33553
4474 25250 29724
5189 24494 29683
22007 88318 110325
24159 102603 126762
15890 58783 74673
25411 105213 130624
17045 74714 91759
18251 75404 93655
16529 71253 87782
21130 88592 109722
8910 40736 49646
22665 93591 116256
19732 79769 99501
3558 20242 23800
18659 74091 92750
13182 62958 76140
13900 57946 71846
4261 22634 26895
7672 35106 42778
25543 113646 139189
6257 27888 34145
18381 77673 96054
17369 73956 91325
7193 34912 42105
32490 129092 161582
7277 37392 44669
10552 39278 49830
13357 56923 70280
6219 26413 32632
40108 177179 217287
40422 151709 192131
30800 120962 151762
21084 94373 115457
8803 28107 36910
21745 86152 107897
5698 26047 31745
12878 51177 64055
9201 45296 54497
3328 16618 19946
6408 27387 33795
50474 196377 246851
8110 35787 43897
4663 20673 25336
5116 24058 29174
3040 15278 18318
23636 95079 118715
49523 215410 264933
15395 59291 74686
14046 56716 70762
17160 77927 95087
24475 104620 129095
20246 89621 109867
20766 93278 114044
6502 32622 39124
22642 96569 119211
36594 146704 183298
30345 113433 143778
29182 131087 160269
28128 115404 143532
11989 58290 70279
6930 31896 38826
19944 80280 100224
20260 92822 113082
34178 137946 172124
16031 70014 86045
11266 49735 61001
16799 78965 95764
5267 22927 28194
9227 43100 52327
11291 50199 61490
19587 85901 105488
12508 50113 62621
48594 237959 286553
14234 67838 82072
13349 61291 74640
21802 91587 113389
14247 67805 82052
5139 22615 27754
18398 77536 95934
13892 64438 78330
7247 51403 58650
19997 74483 94480
30221 133078 163299
10817 47685 58502
14779 55852 70631
24415 108536 132951
23933 97493 121426
3173 15483 18656
33761 142474 176235
18447 83168 101615
4024 19303 23327
2796 14200 16996
12593 53255 65848
3883 18701 22584
8557 36829 45386
13389 59609 72998
11328 53186 64514
21483 87469 108952
3369 17202 20571
9029 38729 47758
12141 46343 58484
44751 193564 238315
19737 89545 109282
16117 77958 94075
19642 77072 96714
28296 115232 143528
20890 93389 114279
16490 73286 89776
11969 49622 61591
16878 70765 87643
5054 23836 28890
14968 59672 74640
10315 61974 72289
5078 19482 24560
3467 16282 19749
5765 27017 32782
18432 77384 95816
21738 86507 108245
7718 34785 42503
13774 58861 72635
21055 87690 108745
10850 54213 65063
17714 77527 95241
27777 108551 136328
4607 22206 26813
9335 40352 49687
24821 101011 125832
9058 36245 45303
33170 144201 177371
27329 114788 142117
9859 43305 53164
14492 61649 76141
41174 184519 225693
18985 74836 93821
28853 120516 149369
14179 60282 74461
13574 66936 80510
14611 54764 69375
7580 22842 30422
11527 46398 57925
25805 99892 125697
21156 73168 94324
21227 93420 114647
9436 38066 47502
17011 91689 108700
5828 27168 32996
7195 34350 41545
8988 33763 42751
5845 20796 26641
9332 40648 49980
26727 107550 134277
16984 76094 93078
11829 54019 65848
5778 25649 31427
23244 94441 117685
6214 27929 34143
10375 51325 61700
14514 64755 79269
12997 43864 56861
8119 34881 43000
5836 31894 37730
8261 36793 45054
14488 60220 74708
8528 44666 53194
20225 79200 99425
6722 31438 38160
13600 58578 72178
18686 78201 96887
23255 86915 110170
14364 60374 74738
26207 107465 133672
8985 38344 47329
34948 150514 185462
25829 108686 134515
17685 70572 88257
9651 48769 58420
19854 81391 101245
11881 53730 65611
16583 76225 92808
5269 26426 31695
13430 59076 72506
15457 65111 80568
10025 45104 55129
25888 117155 143043
38757 164299 203056
10587 49500 60087
24641 99843 124484
17375 56936 74311
4952 22167 27119
11296 53287 64583
26646 115046 141692
21774 84346 106120
12994 55995 68989
12908 61526 74434
29738 132010 161748
21902 93262 115164
13160 51583 64743
13970 63268 77238
24189 97583 121772
20694 92973 113667
38999 168358 207357
10464 42049 52513
8089 36904 44993
3859 21589 25448
9273 39926 49199
12803 57762 70565
16357 60024 76381
22174 100018 122192
13706 64091 77797
6909 34280 41189
22386 94207 116593
12126 53460 65586
3359 16764 20123
17887 90300 108187
52140 200169 252309
16396 75372 91768
6591 31739 38330
20649 83419 104068
19839 86224 106063
5928 26491 32419
21322 96691 118013
13397 47556 60953
13779 60920 74699
43928 166808 210736
7800 44455 52255
22152 99242 121394
7990 32813 40803
3941 22776 26717
19456 76830 96286
20037 85847 105884
23664 101564 125228
28369 120533 148902
21926 93156 115082
29941 132751 162692
15964 71977 87941
32454 142601 175055
9746 37436 47182
6952 36981 43933
18349 78489 96838
44253 177523 221776
43636 172466 216102
15097 73619 88716
15345 56070 71415
9557 42228 51785
10840 45549 56389
35920 154773 190693
24350 128555 152905
13197 57080 70277
17519 82259 99778
19430 90872 110302
13402 60343 73745
19161 85613 104774
13587 57513 71100
8530 39728 48258
22062 93845 115907
16780 72313 89093
27152 114158 141310
4797 21216 26013
17420 81843 99263
11322 52789 64111
15501 75424 90925
6705 28785 35490
25686 110557 136243
15198 63330 78528
4174 20648 24822
45691 200186 245877
38970 174247 213217
21254 83179 104433
17378 80299 97677
11302 50443 61745
13240 58746 71986
12696 56067 68763
20462 85324 105786
30365 129387 159752
24777 95517 120294
39342 161277 200619
11815 50279 62094
41007 154736 195743
9281 38159 47440
14883 64126 79009
5072 21670 26742
15638 59564 75202
32079 144761 176840
9764 43636 53400
3595 19428 23023
