19403 58912 78315
10404 34181 44585
22850 69435 92285
26568 73594 100162
21818 64915 86733
19026 61486 80512
13169 41178 54347
8917 29092 38009
15464 46313 61777
32711 95703 128414
8983 28381 37364
27020 82171 109191
31754 91134 122888
18980 65803 84783
10420 33052 43472
15283 46472 61755
33986 102057 136043
10998 35325 46323
22932 66500 89432
36562 105423 141985
39617 130644 170261
19214 64135 83349
12557 41452 54009
10775 33629 44404
15906 50867 66773
23729 74214 97943
7798 25412 33210
5414 17492 22906
6104 20433 26537
24157 74212 98369
29143 90654 119797
15799 55326 71125
29786 91940 121726
19646 59257 78903
19992 63947 83939
17076 57780 74856
27803 80834 108637
13254 36007 49261
27444 75375 102819
24951 74568 99519
4821 14906 19727
21937 65646 87583
15166 52918 68084
18361 57907 76268
4728 17407 22135
9338 32260 41598
34128 94677 128805
8246 25650 33896
20612 64950 85562
18343 63305 81648
8165 25893 34058
37621 117910 155531
8741 27841 36582
13567 33381 46948
16486 48014 64500
7402 22514 29916
55764 158321 214085
42712 134395 177107
35877 112954 148831
25100 77536 102636
7851 24218 32069
25328 79543 104871
8708 21300 30008
15272 44683 59955
12264 37518 49782
4630 15904 20534
6817 23884 30701
61480 175175 236655
9003 29567 38570
5362 17680 23042
7137 21301 28438
3816 12384 16200
28035 82160 110195
60762 181613 242375
18840 51160 70000
15440 49941 65381
20410 62025 82435
32162 93109 125271
24515 79648 104163
25487 81860 107347
7309 26434 33743
26858 85757 112615
43675 134043 177718
34958 97241 132199
36896 118532 155428
35301 101022 136323
16945 48191 65136
8744 27765 36509
22846 64768 87614
25093 82595 107688
39926 119964 159890
19305 55577 74882
16679 49116 65795
19767 65721 85488
5866 19326 25192
11225 36816 48041
14751 42017 56768
26097 69136 95233
16059 40432 56491
58695 165157 223852
18759 58722 77481
18542 62469 81011
25929 76535 102464
18756 58112 76868
5792 18332 24124
21257 61819 83076
16289 57064 73353
8900 33202 42102
20172 65554 85726
36114 124123 160237
12851 43267 56118
15563 48068 63631
31736 98788 130524
28857 83334 112191
3672 12354 16026
53032 123063 176095
21668 69432 91100
4856 15379 20235
2777 11399 14176
15264 43114 58378
4701 16738 21439
9686 30946 40632
15815 50455 66270
12957 41825 54782
29620 73863 103483
4093 12829 16922
10012 36027 46039
13958 39766 53724
58607 180370 238977
25848 73816 99664
22616 63970 86586
22534 75005 97539
35402 107237 142639
27451 87585 115036
23662 69310 92972
13313 47332 60645
20149 63511 83660
6262 21836 28098
15097 51729 66826
11695 36824 48519
6965 17330 24295
4462 13898 18360
7715 23513 31228
22541 71302 93843
24919 72921 97840
9350 28213 37563
14698 50881 65579
26010 87452 113462
13483 45258 58741
21552 65186 86738
37392 96996 134388
5069 18048 23117
11100 32314 43414
30034 90192 120226
15319 29246 44565
40477 134487 174964
61442 103907 165349
10273 39743 50016
19001 55515 74516
49905 156350 206255
20105 66414 86519
33672 110711 144383
15536 52081 67617
18976 59075 78051
20579 55506 76085
5950 20265 26215
13067 41626 54693
27609 85804 113413
22577 63232 85809
28562 84028 112590
10833 34470 45303
19794 68322 88116
7194 21520 28714
9135 29989 39124
9775 29318 39093
4739 17154 21893
10606 60993 71599
30908 92616 123524
23533 68159 91692
17298 46155 63453
7135 23516 30651
25837 81944 107781
8119 25423 33542
13747 43964 57711
17979 56341 74320
10993 35194 46187
10109 30505 40614
7245 26162 33407
8164 31389 39553
19532 52121 71653
11413 38670 50083
21294 72740 94034
8364 27994 36358
15102 50150 65252
23722 69470 93192
25524 84170 109694
17302 51169 68471
32789 101411 134200
11549 33429 44978
44809 136649 181458
37554 93314 130868
19104 64873 83977
11350 38734 50084
23753 70060 93813
13103 44385 57488
19500 61152 80652
6321 20790 27111
17331 53487 70818
17211 61857 79068
11742 36829 48571
30967 94769 125736
48938 144224 193162
12335 38586 50921
31147 88769 119916
16596 47437 64033
6008 20453 26461
13616 45128 58744
33784 92903 126687
21643 69335 90978
19527 46652 66179
15895 50159 66054
36773 111562 148335
25967 79890 105857
13014 40314 53328
16360 52512 68872
30927 90350 121277
26968 81240 108208
46060 151363 197423
10912 38132 49044
9601 31354 40955
5068 14384 19452
9717 33107 42824
15110 48019 63129
15315 52204 67519
28416 83218 111634
18051 53198 71249
9694 27463 37157
26405 84032 110437
15842 46155 61997
4926 14654 19580
23150 75642 98792
56620 170931 227551
20428 62218 82646
7995 27787 35782
25670 80735 106405
23675 72439 96114
6962 20850 27812
25604 89520 115124
13387 39008 52395
17037 54415 71452
49627 149356 198983
11065 33152 44217
26025 84292 110317
11029 33920 44949
4976 17298 22274
25227 72803 98030
24207 74753 98960
30630 88285 118915
35420 114275 149695
25132 77798 102930
35953 111330 147283
21257 65047 86304
35275 136544 171819
9929 33789 43718
8540 27568 36108
23572 69895 93467
56014 158319 214333
48989 143078 192067
21492 61665 83157
16054 50304 66358
12208 34909 47117
12581 42739 55320
43223 171516 214739
30544 92771 123315
18826 56043 74869
21259 69692 90951
23495 75464 98959
15909 52654 68563
22963 67684 90647
15056 49512 64568
10600 32175 42775
29755 79200 108955
21894 60492 82386
35316 93404 128720
5503 17543 23046
20815 66370 87185
15712 47888 63600
21004 66386 87390
7188 24244 31432
34767 93774 128541
20716 57950 78666
5757 17775 23532
55468 179037 234505
49871 154865 204736
25322 79411 104733
23277 67256 90533
13060 45529 58589
16060 52438 68498
17660 54152 71812
27447 77169 104616
33906 112399 146305
27846 83629 111475
47246 144188 191434
16675 47262 63937
50253 146364 196617
10631 34233 44864
17327 57890 75217
5477 18290 23767
17582 55953 73535
39851 125274 165125
13351 38946 52297
4650 15594 20244
