10038 87353 97391
5776 49311 55087
11627 99728 111355
15195 99780 114975
11530 95832 107362
16691 91323 108014
7902 59025 66927
4900 44601 49501
8645 69568 78213
15188 140638 155826
5900 40972 46872
14112 113685 127797
16730 136422 153152
10730 89746 100476
5371 44360 49731
8856 71371 80227
17962 142643 160605
6539 49945 56484
10767 99350 110117
16988 151901 168889
24336 186458 210794
9678 86101 95779
6029 57128 63157
5103 49048 54151
8489 105642 114131
13526 104594 118120
6325 33510 39835
3167 27592 30759
3094 29727 32821
14183 101727 115910
15156 120152 135308
8106 76128 84234
16594 127402 143996
11668 93132 104800
11147 90009 101156
13341 87908 101249
15468 114507 129975
6378 50646 57024
12954 111010 123964
12434 105192 117626
2487 24619 27106
11886 96363 108249
8556 73796 82352
9711 81488 91199
2786 25169 27955
5158 46187 51345
15273 136739 152012
4187 37502 41689
11676 92411 104087
10491 89118 99609
4300 39516 43816
20273 163704 183977
4628 41010 45638
5737 46314 52051
9250 67608 76858
3947 33984 37931
29606 222279 251885
26037 191716 217753
19865 160961 180826
14516 116643 131159
4430 34793 39223
14118 112070 126188
3238 30710 33948
11430 67566 78996
6291 56279 62570
2589 21391 23980
4019 35054 39073
29780 237152 266932
4688 44406 49094
3220 26641 29861
2973 31361 34334
2388 20372 22760
15179 115554 130733
31224 261892 293116
9992 78215 88207
9015 71057 80072
11174 92561 103735
14883 126713 141596
14096 115886 129982
14491 111835 126326
3873 36675 40548
13550 112565 126115
24054 177092 201146
16386 140919 157305
18945 158724 177669
17741 139698 157439
7750 73227 80977
4109 40190 44299
11191 97718 108909
13217 109548 122765
21028 173863 194891
9926 95225 105151
6708 62293 69001
11275 94941 106216
2825 27542 30367
5913 50461 56374
7261 67015 74276
13278 102810 116088
7241 58424 65665
32139 232158 264297
10824 88521 99345
13418 88910 102328
13618 105449 119067
10186 86273 96459
2987 25845 28832
12088 89558 101646
10943 85862 96805
4821 43001 47822
11693 99756 111449
23644 174397 198041
6685 64882 71567
8099 74065 82164
16288 133128 149416
13357 121502 134859
1923 20139 22062
21016 167915 188931
12385 99963 112348
2514 23294 25808
1718 15866 17584
7612 63809 71421
2950 23009 25959
5075 49106 54181
7405 72671 80076
7021 61370 68391
13192 108974 122166
2194 19701 21895
5313 50282 55595
6311 54807 61118
27405 229001 256406
13123 103748 116871
11091 97977 109068
11931 100934 112865
18282 155145 173427
12708 118489 131197
10923 88321 99244
6309 60413 66722
10775 90706 101481
3167 28954 32121
7975 77721 85696
5681 50493 56174
2839 23902 26741
2040 21317 23357
3276 31537 34813
12466 94295 106761
12630 104407 117037
5416 40249 45665
8840 77637 86477
13652 108826 122478
7120 60208 67328
13239 92111 105350
17172 142891 160063
2749 27052 29801
5600 48280 53880
15341 125848 141189
5469 41270 46739
21938 180216 202154
17320 146205 163525
5683 48427 54110
9190 78485 87675
30241 216639 246880
12564 99954 112518
17713 159741 177454
8405 71038 79443
9370 92246 101616
8133 70525 78658
2866 28717 31583
6297 56734 63031
15363 110823 126186
10919 90088 101007
13218 117716 130934
5644 48917 54561
10726 94458 105184
3676 31507 35183
4640 44771 49411
6111 45438 51549
3111 27772 30883
5417 52827 58244
15834 135209 151043
13061 99552 112613
6904 76336 83240
3116 32969 36085
12736 115247 127983
3702 38276 41978
6700 63434 70134
9717 81010 90727
5891 50156 56047
4676 43796 48472
3985 39103 43088
4550 41103 45653
7736 71481 79217
5991 57659 63650
12051 99301 111352
4302 38592 42894
8396 73522 81918
11125 96683 107808
14045 110460 124505
8522 74862 83384
16674 127556 144230
5614 46965 52579
26962 182331 209293
15313 134134 149447
11634 91850 103484
6725 51672 58397
13774 99148 112922
6335 63265 69600
12693 88514 101207
3284 29183 32467
8054 70279 78333
8891 78784 87675
6100 62846 68946
15236 143652 158888
25954 204151 230105
6153 54066 60219
15471 128402 143873
7558 69372 76930
2662 29953 32615
8394 64946 73340
18109 133713 151822
12791 100457 113248
8140 65965 74105
8963 71173 80136
20033 162421 182454
13043 113985 127028
8013 63251 71264
10065 81397 91462
13549 114459 128008
14001 107019 121020
23236 203889 227125
6860 49122 55982
4762 48315 53077
2089 20233 22322
6409 46579 52988
8984 64062 73046
8217 68745 76962
13171 121980 135151
8693 75426 84119
4447 40132 44579
13441 114766 128207
8097 62605 70702
2535 21881 24416
12029 103364 115393
28956 242299 271255
10660 93625 104285
5195 40014 45209
14376 107271 121647
12360 97371 109731
3107 31654 34761
12788 108753 121541
6068 53179 59247
9138 77798 86936
28563 197178 225741
4995 45062 50057
13092 120733 133825
5314 40630 45944
2610 23691 26301
13245 98417 111662
12535 108672 121207
13812 117173 130985
21118 150034 171152
14961 109992 124953
21112 165830 186942
11406 85056 96462
15899 164807 180706
6203 53396 59599
4306 39765 44071
11200 98396 109596
29598 221104 250702
28376 213130 241506
10637 88767 99404
8443 71167 79610
5308 52338 57646
6225 55581 61806
23881 195539 219420
16256 137176 153432
9142 78913 88055
11036 101313 112349
13668 113762 127430
8879 75682 84561
13191 100238 113429
9389 69424 78813
5717 49203 54920
14735 112416 127151
11708 102113 113821
18012 136940 154952
3077 25735 28812
12388 104476 116864
7083 61750 68833
10519 92278 102797
3519 35686 39205
17813 132018 149831
15196 81258 96454
2667 26088 28755
29439 249040 278479
26468 206376 232844
14593 104080 118673
11779 99102 110881
7472 61149 68621
9015 71489 80504
8480 75025 83505
14318 114905 129223
19180 156273 175453
16470 119965 136435
27907 208635 236542
7651 63576 71227
27104 211235 238339
5584 46979 52563
9847 83000 92847
2720 27202 29922
10193 75036 85229
21830 182367 204197
6202 53162 59364
2465 23349 25814
