33193 11673 44866
19206 7161 26367
39725 15109 54834
45299 15456 60755
38454 13506 51960
34671 15123 49794
22590 8417 31007
17149 6369 23518
30121 9913 40034
54728 20449 75177
15819 5984 21803
46167 16190 62357
55035 22626 77661
34601 12764 47365
17090 6211 23301
26816 9912 36728
57764 24186 81950
21690 6921 28611
39472 13332 52804
59839 21908 81747
72559 27717 100276
32897 11718 44615
22488 8057 30545
18224 6468 24692
27971 11002 38973
40040 17460 57500
12303 4353 16656
10952 3457 14409
10138 3595 13733
45309 15492 60801
52702 17613 70315
27267 9968 37235
53233 19142 72375
34940 12638 47578
36976 13850 50826
31511 11916 43427
45954 15854 61808
19186 6845 26031
49156 16302 65458
39520 14590 54110
8387 3383 11770
36994 14151 51145
27446 10749 38195
31327 10785 42112
10541 4008 14549
18135 5803 23938
55020 20924 75944
14721 5212 19933
38085 12663 50748
34202 14494 48696
15197 5513 20710
68466 25106 93572
16942 5767 22709
18053 6341 24394
26426 9463 35889
12213 5084 17297
90910 34075 124985
79358 28858 108216
65579 29464 95043
50140 18355 68495
13932 5203 19135
47829 16491 64320
16117 4533 20650
31202 9811 41013
25033 8778 33811
7680 2623 10303
12434 5302 17736
106562 36604 143166
16104 5511 21615
10638 3289 13927
11812 4712 16524
6814 2393 9207
50217 17709 67926
107886 37615 145501
34514 14261 48775
26551 9523 36074
36574 14603 51177
52519 20117 72636
44579 16618 61197
44320 17853 62173
13085 5020 18105
43657 17005 60662
77686 28054 105740
58699 20052 78751
62035 24606 86641
57526 21242 78768
26267 9692 35959
14524 6497 21021
38953 14124 53077
48100 16833 64933
70044 26577 96621
33305 11577 44882
28861 8302 37163
36701 14940 51641
10319 3664 13983
19531 7202 26733
24145 8700 32845
39763 15265 55028
23530 7645 31175
98772 34800 133572
35085 12431 47516
31971 11342 43313
43485 15794 59279
32460 12345 44805
10140 3530 13670
37196 13305 50501
31828 12349 44177
16833 5670 22503
37278 13837 51115
66576 26196 92772
22756 7887 30643
28514 9418 37932
51826 19185 71011
45045 16747 61792
6679 2682 9361
67851 26016 93867
39328 14412 53740
8527 3437 11964
5243 1919 7162
28081 9304 37385
9296 2864 12160
18767 6414 25181
28471 10148 38619
24133 8414 32547
46834 16299 63133
8046 2513 10559
18226 6490 24716
24836 7555 32391
109251 37086 146337
43632 15429 59061
37488 13393 50881
39590 15428 55018
63391 22354 85745
44642 17361 62003
35997 12950 48947
23117 8247 31364
36606 17829 54435
11653 3911 15564
26692 10396 37088
19796 7114 26910
9680 3506 13186
7463 3446 10909
12245 4276 16521
37164 14020 51184
40621 15510 56131
16683 5524 22207
26516 10212 36728
44044 16008 60052
24575 7958 32533
38656 13838 52494
55281 23441 78722
11416 3713 15129
18611 6707 25318
50006 20399 70405
17165 7496 24661
68739 28643 97382
57493 20446 77939
18906 8204 27110
27494 11227 38721
103007 36535 139542
37584 13568 51152
64682 25072 89754
27530 10202 37732
39829 12116 51945
28967 10008 38975
10584 3734 14318
26154 8584 34738
48991 17683 66674
35765 12420 48185
44579 16120 60699
18884 7006 25890
34520 13215 47735
11553 3929 15482
18468 5569 24037
17610 5880 23490
8974 3230 12204
19377 6942 26319
55056 18419 73475
38753 14406 53159
27661 9473 37134
14477 4300 18777
45133 17419 62552
12698 4831 17529
23506 9306 32812
34947 11286 46233
25348 9941 35289
16927 5958 22885
13759 5437 19196
16556 5968 22524
27199 11397 38596
19171 7321 26492
42070 13880 55950
15306 5335 20641
27791 10440 38231
40299 14257 54556
45407 16841 62248
28098 10227 38325
51908 19368 71276
19712 6507 26219
78101 28450 106551
55260 19920 75180
35462 12885 48347
23818 7300 31118
42690 14757 57447
24346 8667 33013
36667 14129 50796
11818 4153 15971
26436 10233 36669
32284 12810 45094
21923 9239 31162
54559 20773 75332
86928 34093 121021
24315 7208 31523
50780 17909 68689
27798 9941 37739
11951 3851 15802
22645 8829 31474
54228 19757 73985
41665 16573 58238
25999 11277 37276
28804 9740 38544
63895 23421 87316
44187 17005 61192
23142 7688 30830
33983 13550 47533
50882 16754 67636
46000 18388 64388
99020 34283 133303
23238 7548 30786
17062 6049 23111
7729 2837 10566
17905 6459 24364
26203 9451 35654
28403 10160 38563
45755 17426 63181
29124 11159 40283
14948 5277 20225
45719 16963 62682
26164 9065 35229
7572 2907 10479
41073 14940 56013
96108 36599 132707
39137 13076 52213
15181 5537 20718
43167 15741 58908
39992 15044 55036
11196 3828 15024
48599 17742 66341
23435 8142 31577
28739 10624 39363
87205 31755 118960
17089 6351 23440
46685 18222 64907
16732 6241 22973
9061 3018 12079
43000 14934 57934
42108 15624 57732
48086 17360 65446
60598 23049 83647
43715 15428 59143
59374 25354 84728
33989 11905 45894
53530 22692 76222
19128 6800 25928
16220 5719 21939
40009 14436 54445
92651 32737 125388
84572 30689 115261
32717 12127 44844
25923 9945 35868
18732 7450 26182
21794 7540 29334
74087 28109 102196
52483 19749 72232
28741 10968 39709
38838 14688 53526
42083 16995 59078
27393 9930 37323
39542 14977 54519
25494 9780 35274
19170 6651 25821
45524 16149 61673
35650 14258 49908
57118 19709 76827
9753 3130 12883
36994 13420 50414
24439 9011 33450
35471 14016 49487
12399 4457 16856
52800 19800 72600
31538 11012 42550
9609 3461 13070
101497 37758 139255
94023 32857 126880
45651 16067 61718
37784 14194 51978
24581 8722 33303
28626 9857 38483
30391 11983 42374
46116 15901 62017
55573 22902 78475
49845 17517 67362
83642 30788 114430
25878 9148 35026
88479 31631 120110
18935 6578 25513
33542 12579 46121
10244 3895 14139
28060 10154 38214
70052 27760 97812
20934 7100 28034
8898 3181 12079
