4 96.545692
5 92.174362
6 97.003490
7 97.593821
8 90.687612
9 96.394497
10 95.091237
11 98.709234
12 95.318285
13 95.651035
14 96.380138
15 95.700324
16 96.099728
17 96.225869
18 96.581083
19 98.467304
20 99.001410
21 97.631087
22 97.863404
23 100.371718
24 100.525542
25 97.324631
26 99.497183
27 98.080215
28 97.591067
30 99.586324
31 102.070603
32 102.815173
34 100.391593
35 101.205250
37 101.477760
39 102.385878
41 100.980878
43 100.922381
45 102.546692
47 102.646696
50 102.275603
52 103.815218
55 106.062189
57 105.936276
60 109.790904
63 107.943151
66 106.326394
69 106.752426
72 107.918907
75 109.208006
78 110.314218
81 109.950840
84 110.265564
87 110.513090
89 110.325173
92 111.285849
94 112.810859
95 114.510574
97 114.256006
