4 92.418077
5 91.426881
6 90.456449
7 91.385359
8 91.116035
9 91.857638
10 92.921429
11 92.619035
12 91.451391
13 92.565660
14 91.758522
15 92.040878
16 92.827048
17 93.356712
18 92.046734
19 90.996782
20 94.715125
21 92.236837
22 94.435958
23 92.328609
24 92.797439
25 91.556590
26 91.646609
27 91.304596
28 91.475327
30 93.539333
31 92.661939
32 90.665327
34 90.763583
35 90.436522
37 90.684734
39 92.236301
41 92.317821
43 92.334439
45 92.203622
47 91.861231
50 93.020426
52 91.829375
55 93.344641
57 93.466865
60 94.907955
63 93.416083
66 93.740779
69 94.926010
72 95.480311
75 96.334619
78 97.273269
81 99.294205
84 97.998125
87 99.822939
89 101.727946
92 100.339167
94 104.984728
95 109.618631
97 104.485837
