2 22.045478
4 22.268728
6 22.032304
8 22.045516
10 22.257644
12 22.074317
14 22.107147
16 22.048106
18 21.829885
20 22.033901
22 21.779151
24 22.158631
26 21.770192
28 21.828240
30 21.864022
32 21.553814
34 21.786936
36 21.963099
38 21.738670
40 21.624189
42 21.518846
44 21.878740
46 21.478449
48 21.858894
50 21.868337
52 21.774465
54 21.372615
56 21.747872
58 21.490442
60 21.743724
62 21.740875
64 21.548529
66 21.702311
68 21.507551
70 21.827000
72 21.958808
74 21.991468
76 22.223750
78 21.674247
80 21.356869
82 21.807798
84 21.733673
86 22.156590
88 21.367497
90 22.385154
92 21.185792
94 21.462821
96 21.329109
98 22.558359
100 21.769965
