2 20.704458
4 20.988883
6 21.122577
8 21.105365
10 21.114059
12 21.086060
14 21.073153
16 21.063475
18 21.022344
20 20.974557
22 20.963020
24 20.968255
26 20.934779
28 20.893174
30 20.877072
32 20.862116
34 20.860001
36 20.855788
38 20.861138
40 20.858243
42 20.845061
44 20.828874
46 20.826010
48 20.815499
50 20.804343
52 20.793137
54 20.793622
56 20.789909
58 20.788884
60 20.784546
62 20.778659
64 20.772943
66 20.765606
68 20.751891
70 20.739928
72 20.734719
74 20.719953
76 20.709968
78 20.703399
80 20.697127
82 20.688186
84 20.685956
86 20.682381
88 20.679033
90 20.674282
92 20.667958
94 20.657660
96 20.653350
98 20.647629
100 20.642489
