25089
18403
16268
9573
11481
13428
12028
12968
23984
23922
23242
13930
15303
14720
15638
14575
14516
5270
16970
15646
6556
6252
3573
12817
10983
8474
8243
7275
8782
8722
8595
11910
9673
12423
9445
15910
15268
3653
3558
3485
12675
12564
10849
5310
8773
8397
4265
4177
4480
11346
3199
3310
6823
6329
6735
6381
18043
16628
12355
10190
7147
6436
10132
14845
15609
17163
25341
19631
28899
34789
8565
13697
12183
17340
17417
35472
37312
28851
15397
26991
16537
7334
7654
6317
13052
5547
5770
5671
5344
5658
9739
12395
11669
30435
35403
38179
5997
5999
7635
28959
30403
29998
14440
16712
15751
7718
6075
6022
6427
11991
12227
12057
15385
15044
14202
7330
9494
4495
5722
6686
5825
9174
9002
7639
8935
8303
11319
14675
11758
6867
6716
15027
3396
3175
2914
12796
9120
13815
3665
2851
3970
9344
9399
8562
8676
5149
15347
8927
2741
2608
18843
20515
15522
14425
5712
4236
4456
4056
11193
13272
15453
18897
13935
12925
9792
8187
8281
8825
4197
13658
33942
29926
8849
4314
6305
11562
14782
8822
8557
6529
4266
4084
4814
6420
10376
12942
6245
5581
8079
12038
17581
17811
17297
3615
3537
4230
14181
14659
14815
10903
8090
8807
11524
12003
11574
6865
6423
13572
13827
13735
15516
13119
10402
10835
6133
12632
10197
10607
8215
11620
10812
11862
7531
5260
13487
13833
16896
5208
8457
9060
4788
24926
21972
17427
18069
18664
18128
16292
7663
7511
11926
24614
32960
26964
19977
13743
14160
12194
12417
5933
5349
8280
6691
23671
26447
9148
11202
9726
9528
8005
13325
20436
5676
3009
3026
3091
18708
14231
12534
19374
5640
3510
30445
31811
27382
2686
2572
9380
9886
18258
6035
6269
5753
8533
7428
7677
2869
3366
3363
8800
9552
11046
14677
16818
24077
25570
10056
10670
12035
11734
11020
13316
11106
10724
5136
5277
7781
3697
3776
1975
13112
10754
