25344
18424
16705
10292
11773
12494
11845
12600
23857
22895
23623
13829
15609
15559
16307
14430
14108
5238
17318
14294
6364
6323
3585
13061
11001
8069
7722
6822
8951
8610
8554
11945
10326
12318
10690
15471
15699
3587
3482
3399
12731
12495
10013
4871
8913
8644
4060
4023
4330
11766
3162
3337
6451
6041
6417
6155
17419
16473
12569
10203
6891
6349
10209
15205
15317
17519
24878
20501
28778
34587
8565
13450
12152
17066
17313
35695
37877
29365
14818
27144
16503
7405
7578
6280
12813
5557
5761
5673
5280
5659
9874
12579
11606
31245
35310
35475
6331
5386
7667
29424
29965
30113
14057
16704
15178
7284
5753
5770
6146
12164
12385
12033
15371
15245
14220
7592
10026
4862
5716
6652
5818
9837
8969
7641
8893
7765
11390
14343
11783
6749
6466
14471
3264
3063
2973
13338
10123
14000
3540
2754
4097
10625
10072
8784
8909
5569
15413
8734
2644
2541
19880
21449
15612
15381
5961
4413
4573
4052
11398
13450
16090
18849
14307
13099
9733
7526
7567
8818
4130
14137
34871
30118
9098
4964
6742
11648
14510
8916
8566
6633
4304
4110
4779
6342
10213
12891
6524
5824
8394
12252
17396
17707
17410
4257
4078
5126
14055
14362
14603
11294
7909
9258
11867
11844
11160
7157
6652
12782
14168
13782
15848
13155
10434
10530
6894
12713
10479
11086
8637
12001
11119
12416
8016
5644
13558
14198
18140
5570
8055
9840
4831
25281
23906
17586
18528
19257
18414
16363
6923
6695
12119
25439
30967
28600
22413
14076
14303
12490
12815
6185
5477
9354
7320
23565
27938
9973
11766
9901
9232
7664
13768
20118
5910
3098
3092
3149
19131
14611
12729
20000
5546
3458
31563
32489
27372
2676
2769
10187
10547
16047
6190
6381
5785
8666
7541
7804
2918
3382
3452
8985
10396
11755
15027
17150
24241
25685
10607
11266
12013
11841
11074
12280
11669
10682
5331
5607
8054
3836
3903
2133
13791
10757
