166107
159334
152424
75770
90311
93085
91588
118110
189262
186691
185223
120657
144907
140937
136389
129411
134227
40743
149562
128072
51499
47732
27327
126187
96364
63261
63008
56667
67117
65368
64915
89018
79792
96786
77383
143924
143660
27363
27522
27701
126216
93441
78384
39936
74286
65524
33457
31383
44879
88734
25010
25649
50896
47498
48476
47510
176068
147287
92143
76513
53907
48970
76893
141223
130219
162494
199550
174479
219401
248051
66804
127509
92608
150615
150147
249735
267497
216203
135647
206982
148818
59833
59529
50054
119076
42904
43355
43848
40325
44342
77725
92319
86877
223673
264922
253373
49550
41519
58281
224629
229272
218836
126020
149623
147146
58000
48272
50546
56352
88838
93586
97463
135050
150173
130805
65550
74175
36830
42589
50573
43748
72989
70527
62468
71912
61380
86493
129522
85245
52483
50566
124521
25483
24148
21852
114076
78009
123952
29957
22973
33986
71631
72978
67293
68527
38205
140493
65121
20252
19362
164076
179303
140818
139831
48597
37252
39519
30830
84637
127459
136437
168540
123949
113290
76556
57239
58502
70355
33119
121263
244873
222368
72481
35113
49939
89603
131525
76277
75195
48649
33252
31818
37079
50412
76392
91928
49343
44183
65923
91992
157344
165352
140901
29884
28581
34015
120617
120402
130982
82964
61721
68788
91286
96273
78904
52922
48545
112015
126758
120460
138126
127274
77658
76872
47483
110651
74346
78870
64633
87185
83248
91988
61360
41199
118884
128415
153494
43744
61944
73519
37619
190026
196024
149646
169720
166234
160356
156748
53341
55399
90403
189113
213757
208111
172895
126953
122514
95153
91756
48480
42703
66657
57384
174650
202015
73458
88685
74953
70956
58225
116546
163887
24836
24341
26287
25008
162312
134690
114177
171649
43145
28294
228697
226228
200461
21696
21061
70308
74817
141741
48551
49727
44940
66641
56716
56748
23208
25863
25797
73303
84383
85681
129007
155699
182294
191376
73702
81079
88044
92401
81740
93274
88564
79001
38927
43144
62706
29639
31311
17499
124008
82080
