160453
163227
151711
75572
96798
97538
95834
132228
206974
192721
200624
144200
137630
133110
155379
154170
145267
41855
160045
134920
54141
49912
27536
114064
90814
63870
62917
56381
69053
68455
67142
92634
81487
96504
78056
150583
149054
29505
28045
27133
122754
101701
83661
41238
74497
66320
32031
32388
34894
88726
25853
26913
53700
46653
52417
49621
170952
162565
100806
80926
55077
52014
82329
136133
139392
165474
203480
183354
231561
274819
68079
141716
93682
159654
164733
296853
324114
239579
137770
216266
155154
60877
64267
51532
121485
44595
45722
43917
41701
44692
79033
99765
95414
259316
293671
271725
46598
42237
61635
234011
247974
236682
151268
160542
147574
58511
53654
46877
49104
94049
100488
100792
156644
145206
144362
70673
78476
36882
43336
52288
45615
76623
77793
60293
71907
61762
85894
128849
89152
55332
55100
147865
27863
24544
22254
121722
76188
137517
29063
23070
33743
77624
78922
73268
76147
42329
157002
70535
21365
20430
193194
183425
142254
143533
50662
36924
37700
31569
86760
120093
146812
177055
140907
128586
76887
67884
64533
77597
43223
155548
275281
235987
74434
34977
50080
88929
133100
71792
70282
49456
34498
33111
37272
50361
76544
95220
48862
43626
66614
94446
149279
165330
156207
32336
30735
35078
132676
134272
133849
82514
64495
70494
86407
92687
83221
55074
48348
113060
121469
125181
141644
120236
81553
82230
50813
113808
83331
83479
70705
95970
82235
91428
61397
42098
133478
130037
166979
45622
62975
73435
38178
203450
202853
150812
176892
172632
166052
148304
61880
54861
93209
200312
230794
216799
185304
132513
141982
99289
98645
48573
45113
73595
55774
172270
221331
75504
86873
71930
69531
60293
139275
177726
26187
24611
24501
24967
171525
143690
115294
171928
42469
27584
233186
244536
228739
22175
20597
76096
75815
152725
53853
49518
43974
65916
56979
59275
21892
25530
25243
73982
81782
98423
147906
162811
213099
198293
75614
81851
90353
91261
82142
92576
83688
80100
39744
41547
60149
29118
29967
17091
117529
80877
