188821
179577
172266
77638
102063
109878
103952
135665
255407
218293
213727
143275
162431
156095
160181
168793
164855
41661
173997
142237
50015
49761
27505
142307
96422
64979
65036
56980
73581
70567
71020
109574
91811
111112
76826
163469
166223
27321
26012
26867
175259
106634
79812
39395
75086
63422
32772
30846
34136
100255
24757
26063
54596
50271
51842
49200
182291
171979
109032
90492
59197
52839
91312
160688
169851
186936
253729
204848
281233
331384
71732
142037
108261
184680
188351
333221
353174
290366
151161
274314
169783
60199
58931
50466
135459
43531
47699
49045
42211
46093
82466
106157
105827
294173
324336
321447
49755
43597
64179
275383
299853
288604
158162
166465
155920
57792
48898
46018
53759
102189
108623
111365
160501
163878
140340
62243
79274
35964
44416
58579
47953
81786
77339
62985
75957
66387
98271
147783
101210
54873
53479
142062
33725
35882
22047
128311
78151
153894
29917
21633
31740
76757
75987
72622
69832
39808
156128
74031
20464
21687
197858
200451
156478
151997
50386
33820
37928
32440
103496
130909
156885
187003
149984
139934
70990
61659
61560
77086
31740
161418
324018
278209
71667
34707
48934
99743
149232
75379
71264
50798
33648
31430
37576
51530
82541
109009
48220
45777
64967
105999
180355
181191
170403
28860
27244
31831
146831
152874
163510
94593
61676
72498
99228
102230
90228
54253
50674
138151
139375
141227
155228
124359
95403
85499
49868
137314
86856
98550
66700
103090
97688
109122
61711
41998
133601
141532
171132
44760
63608
73134
38988
264772
246341
181663
198545
189187
176289
163876
61789
52062
105985
248033
287637
261097
200148
154267
146364
105053
103750
49594
42754
68159
54261
231867
265676
80511
94974
73324
74369
60424
143854
199143
24565
22658
23224
24379
187476
151233
131526
204693
43875
36825
283270
301270
274367
21346
20653
77347
80730
173995
50276
49744
45070
66471
59777
60103
21489
24301
24563
73861
91361
92576
153902
169652
231761
257633
77304
93789
101781
104370
90777
105745
93870
94229
39006
42753
63795
27891
31992
16268
141186
96980
