18993
14389
12998
7606
9138
9861
9416
10097
17166
16637
16740
10683
11326
11599
12096
11265
11272
4187
13145
11097
5070
4952
2629
10267
8421
6581
6312
5549
6972
6923
6838
9563
7812
10338
7330
12218
12220
2701
2661
2607
10008
9757
8003
3768
6912
6585
3214
3157
3559
8709
2469
2476
5283
4983
5286
5051
13642
12957
9628
7659
5712
5147
7847
11689
11882
14234
17758
15543
21182
24870
6793
10416
9344
13512
13391
25753
27214
21382
11570
20086
13041
5953
6143
5097
10103
4424
4590
4565
4271
4616
7356
9594
9173
22921
25270
25144
4787
4300
6733
21438
22158
21752
11020
12796
11853
5861
4619
4534
4844
9482
9799
9654
12038
12471
10960
6249
7682
3600
4574
5502
4744
7360
7153
6086
6945
6415
8834
11130
9087
5544
5238
11301
2745
2340
2244
9859
6984
10909
2696
2434
3027
7284
7488
6814
6944
3805
11933
7179
2214
1982
14631
15987
11772
11415
4826
3461
3577
3133
9003
10298
12144
14547
10950
10047
7266
6139
6074
6807
3120
10993
24459
21683
7212
3486
4914
9134
11416
7237
7013
5190
3423
3396
3644
5320
7537
9679
5033
4518
6391
9453
13186
13918
13386
2993
2781
3424
10946
11408
11591
7887
6550
6896
8520
9248
7927
5332
4903
9836
10611
10551
12066
10039
7483
7719
5083
9768
7562
8135
6762
9096
8334
9588
6151
4111
10452
10974
13492
3949
6682
7440
3614
17881
17092
13114
14435
14775
14156
12972
5527
5677
9502
17787
21758
20178
15563
11042
10810
9593
9898
5068
4426
6690
5569
16491
21305
7862
9500
7609
7122
5963
10507
14979
4381
2343
2395
2429
14316
11181
9843
14718
4433
2673
22303
23127
19928
2068
2110
7624
7365
12683
4874
4995
4736
6674
5836
6024
2182
2551
2493
7183
7854
8614
11767
13245
16851
18041
7849
8003
9279
9181
8312
9918
8676
8092
3904
3907
6147
2862
2888
1633
10376
8020
