151987
158935
140849
73131
89129
94278
92014
113637
190919
193572
185299
134708
134237
127084
145137
129886
131160
45098
156155
123483
51780
52077
28191
113674
84228
66476
62761
53066
68500
67920
66779
93189
80668
92923
74655
135200
143054
28298
27393
26527
114753
99326
75492
38150
69731
62567
32272
31128
33990
87918
24527
25656
51921
46952
49717
49878
153895
148579
98290
77177
54612
50385
79740
132434
134666
159550
195356
173526
219998
259226
66867
124514
99691
163900
148069
253418
256490
232782
111976
234453
156778
58746
62325
49146
128995
42645
46191
43500
41058
44045
77680
94198
89899
235239
262268
255069
48404
43075
59348
225770
237885
231574
130905
158176
140261
58103
46259
46070
49280
89252
94550
94284
150303
134561
135001
59355
77624
38273
46267
51725
45022
74575
75206
59995
71828
59441
84522
133445
93490
53252
51299
137711
25569
24046
21867
129382
73119
126792
27833
22178
31863
72565
73693
68556
69722
39499
152576
69957
20884
19698
163766
179909
136313
136200
50590
35266
36687
31208
86572
116244
136649
165853
141652
113268
77213
57740
58808
72524
32861
120542
256960
226899
70758
35863
51690
88143
135717
68644
65044
48198
32978
32158
37397
50059
78056
92962
49686
43080
64257
91886
166739
159662
158539
30033
27860
32759
141608
134675
140284
83227
62520
69507
86344
88792
79409
52851
47992
122087
128359
140784
149954
130257
77980
78374
52752
115482
76468
81529
64956
89853
81753
93806
65577
45760
125232
127492
166869
44741
63709
72533
37927
207253
200018
163628
164258
180655
173728
154905
55299
52912
92243
194055
228094
218741
175505
140942
131382
94369
94738
49001
44741
70220
58691
193159
215782
78180
92547
79978
76641
62494
127823
186462
29127
24839
24422
26090
164347
147053
121768
167399
45078
27628
237144
252813
213499
22807
24436
81088
72484
155768
48045
48407
44308
63313
54958
56938
21154
24759
24908
69476
80980
85149
168085
161643
193782
211555
78172
85294
97852
91749
99289
92140
82963
84808
40477
42400
62333
29807
29643
16834
131193
79615
