135416
159168
135469
74266
93332
91815
86613
105792
171870
174295
163996
115708
127507
132530
135084
135296
125242
38995
149852
131575
50082
49583
26364
110943
84135
60681
59377
54299
64267
64442
67177
89076
80400
93567
85134
138913
146733
27442
26972
26513
112080
85540
74504
37387
66720
59710
28991
32369
34059
90442
26544
25847
50534
48253
52045
47491
157065
149242
91128
85789
65145
66936
82058
125245
124887
160812
191233
172076
209632
246663
69224
122527
90202
147152
149353
250803
266798
220938
126467
214049
148800
58378
60058
47980
117771
43326
42796
42062
39700
43117
72651
91009
111250
242720
262248
273171
45393
40553
57174
216262
221560
213444
121714
142239
132944
53916
45294
44840
46163
86002
89910
93145
134367
128539
125622
59100
72867
34774
42840
49362
42783
67632
64120
54255
64145
55308
77197
120729
78836
49230
47287
128481
26499
23497
21513
115824
70169
134147
29057
22280
30553
68209
73701
68253
68145
41395
129898
66257
19330
18927
158571
167794
132456
128238
46851
33124
35590
35217
79946
113320
136269
160129
123366
111635
79838
54024
53823
67954
32505
131982
241390
209826
68570
34941
45174
81292
127003
62355
66880
50031
32056
31884
34667
46287
74951
94570
46873
42034
60708
84045
157286
147214
143569
30062
31093
35464
121975
125547
129213
82189
56030
62202
81752
81531
72294
49097
45459
117231
119053
115175
132421
112176
77634
73530
45006
112527
72558
79069
65512
85710
81812
82505
61467
40692
116091
138365
145121
41746
61244
69886
35623
193557
183649
143315
155370
138455
168863
122504
49679
49432
84618
180043
192186
181963
150681
123742
108104
94671
88687
43462
40230
60702
51586
174045
198025
77130
84511
66512
64989
55962
114867
160358
24904
23125
23458
23538
164466
123635
112508
156635
42106
26577
221095
219816
210714
21718
20232
75108
75435
142363
45140
48493
41103
65648
51857
53613
20366
24750
24118
65458
86662
82538
140171
143923
181730
181420
77585
77402
92510
89231
81609
88484
82266
76401
36162
37751
58361
26559
29226
16919
115248
81612
