179145
186515
160837
84985
107188
108174
106453
140702
242674
220445
212662
143327
163744
151276
162079
163277
147883
41312
178731
155436
51491
51528
26870
140526
96633
67848
66214
59260
68078
72436
68270
108350
81834
108458
78508
160043
175179
28943
26745
26731
149108
107542
79847
41159
75236
66268
33422
32572
35038
99812
26309
26737
54620
48023
53259
50966
187397
180777
105988
80684
55422
51299
89860
165923
163765
172267
254333
206772
278777
334309
76542
141484
106793
182321
191928
344022
349952
285648
148202
272410
172462
60054
64780
52303
138672
42837
44434
45051
43414
51894
83872
113968
102606
296280
322087
321448
49711
46110
66647
281346
298219
295981
151622
170458
158324
62193
49549
48810
52416
103004
110293
108294
155835
149537
168731
61036
78305
36531
46136
52222
46232
82229
73252
61323
73441
61287
95337
141572
100265
54217
54289
148732
26340
22937
22238
127219
76013
145095
27554
21342
32401
77619
78005
71283
69998
41470
154593
69292
20574
19453
186930
198231
163315
146116
53166
36933
37370
31720
101248
141932
156345
189419
155334
144018
76099
59056
61008
73693
32247
159413
325252
277460
71401
33908
48946
99533
145989
75473
74351
58994
35069
31252
34997
51006
80843
110138
48917
43578
66737
105091
168963
182643
163647
30150
28996
36338
138938
153608
161457
93237
63846
77192
96078
104703
92960
53289
48360
141849
152450
153427
163053
132293
82696
84964
53473
130200
83629
94604
74448
102823
93854
105523
69776
42254
146520
147857
194201
58069
64448
76788
37614
260896
230549
175105
198334
191382
177219
170396
55194
54490
110725
249826
281734
276922
210212
147897
143817
105025
108676
49406
43263
71667
54587
218992
275614
80067
100307
74418
76140
64559
138371
194993
24923
23009
36123
35170
194179
162028
132547
196324
47048
30136
292681
302329
263345
24756
20559
76896
77448
164857
51625
50660
47584
69294
58142
61105
21114
24894
24849
80724
83998
98004
152521
168236
213151
267567
80160
89187
105163
104905
98175
109398
91095
98806
39653
42205
61543
28809
29250
16807
136525
95391
