159599
156126
150248
75832
93306
93294
86530
114730
183649
178107
180373
116833
142505
132819
119138
117878
129327
41116
156803
124284
51289
47498
26912
128071
88221
62505
58821
51728
67489
65085
67642
87489
79888
91320
71712
140151
138107
27772
25945
26155
130052
94755
74256
39648
67842
64008
31602
30401
33231
85687
24705
26118
50760
46175
48212
46368
156310
160668
94663
76172
54954
49579
77970
131966
134340
161197
188186
172081
226878
263377
67194
126860
98691
153647
155489
247747
269068
218748
132366
209091
156450
58490
59192
47834
129185
42407
43796
43255
40545
45776
74544
94142
87507
236027
245582
243622
45995
43927
59805
228098
216512
220131
126270
145087
135601
62466
44989
44809
49226
94566
92363
99109
135946
144880
139378
59739
78086
45290
42715
51425
45239
74566
72891
59117
70260
62765
82801
128574
85426
55301
54801
124985
26926
24173
22450
110730
73808
123727
29919
22555
34538
74892
73552
67412
71659
40902
142897
69184
20778
19822
172697
172536
138222
132105
46380
33694
37992
32463
91527
116657
145308
166348
130357
124617
71409
61632
58235
69355
32439
130349
235106
227111
76283
34500
48541
87973
125413
71821
68083
48393
32903
32077
35596
50366
76394
93760
50607
43625
63522
94681
147338
165765
165166
31856
29737
35096
123070
129249
137560
88578
61213
70062
86155
89965
79240
51279
48353
123685
129367
126283
136545
130937
83246
80706
48584
118618
76722
80934
67259
90611
84361
89676
59584
43327
117969
131520
153446
46319
66650
75608
36495
197726
190016
149724
170541
154018
142894
141089
60638
57085
93837
180981
203512
202564
156049
136322
135707
90324
93066
48279
42536
71210
59727
179987
205595
78718
86582
72842
70087
59125
122819
175364
25938
24118
23872
24823
167350
145671
143016
193959
44594
32780
225613
235317
247373
26189
24682
97878
77616
172760
54193
52657
45734
69013
57442
62681
22718
25055
28387
73717
77243
88652
119406
158757
196139
196668
74046
81828
88888
106265
83429
92571
84760
81983
46471
48164
69373
39116
31694
27239
138303
87511
