29782
20591
17342
10378
12778
13734
13028
13951
27012
25110
25076
15177
15809
15997
16910
15697
15470
5566
18248
16267
6782
7179
4008
14502
11838
9515
9299
7608
10263
10286
10182
12774
10994
13155
10529
17066
16779
3991
3944
3503
13703
13340
11667
5267
9867
9192
4585
4549
4905
12490
3418
3579
7151
6507
6937
6831
21222
19481
13369
10941
7393
6819
11084
16036
17398
20649
30706
24275
31858
38740
9783
14573
13608
20467
20621
40626
42324
33221
16787
30442
19675
7874
8011
6792
14060
6327
6547
6529
6072
6511
10674
13570
12792
35742
41859
39788
6445
5650
8776
32495
33042
32221
15332
19474
16391
7921
6198
6082
6488
13341
13385
13204
17041
16097
15342
8682
10374
4918
6021
6976
6078
10479
10172
8716
10072
8793
12194
15742
12691
7371
6957
15595
3544
3293
3001
14283
10711
15311
4104
2979
4566
10843
10522
9699
9952
5568
16683
9783
2745
2703
21942
23694
16958
16028
6240
4908
5085
4919
12071
14869
18018
22195
15452
13972
10076
7968
8814
9994
4885
15044
37854
32416
10247
4796
6636
15049
15647
10468
10195
7173
4998
4839
5377
7191
10927
13338
6558
6039
9059
12902
20508
20901
20318
4286
4106
4738
15178
15849
16731
11318
9125
10037
12200
12849
11503
7353
6810
13734
14980
14692
17122
14085
10955
11253
6745
13449
10872
11651
9525
12712
12309
13144
8294
5763
14392
15582
20636
5768
8980
10292
5169
27432
26177
20398
21793
22249
21246
19703
7610
7532
13440
27077
32302
30621
23944
15382
15058
13366
13663
6456
5797
9713
7388
25445
30287
10765
12318
10241
10623
9767
14762
22555
5903
3237
3257
3326
22443
16154
13847
22770
5910
4044
34731
36671
30587
2969
2726
10476
11628
17808
6681
7251
6708
9450
8411
9269
3242
3799
3857
10282
11093
12013
17096
20413
26080
27686
10775
11781
12991
13042
12037
13102
12182
11588
5418
5676
8987
4596
4748
2597
14250
11560
