159088
157643
159102
81006
90419
96443
87367
122078
182978
181035
185418
119748
140185
129952
137379
131127
123560
41324
147025
128486
50384
48868
26530
123662
77254
58347
57917
51671
66667
64651
61438
82080
72073
86885
67070
148231
137132
27564
25378
24538
122117
86724
76260
37610
65222
58132
29766
29824
33639
84386
24273
25922
49939
48430
47959
47058
158123
157768
92944
73103
49500
45257
72653
135629
136172
149243
195899
175021
215816
261612
65132
119605
97232
153755
145435
260950
249130
207148
137660
199449
143394
57740
58254
49576
125289
43613
42372
41953
39246
42160
81521
95836
89086
224688
240041
252462
47606
43416
54591
219828
211391
214790
120436
139444
143418
58977
44163
43724
47631
93036
90507
94590
129645
136137
125082
62680
71484
34795
40764
48725
44045
67675
67289
56273
70990
60079
82477
128766
92367
51771
52822
131954
24773
23823
21200
107406
76723
128702
28499
22063
30672
70633
75684
63375
67855
36547
128393
67410
19312
19074
157212
165221
128254
138254
49645
34591
36368
32328
82389
110895
135935
160690
123684
110307
64135
59304
62976
67169
31041
122169
251261
211086
70144
33916
45688
83274
126685
69695
65120
48942
32565
32544
36106
47659
73273
89676
44077
41990
60321
89651
148467
162274
151097
28010
28269
33287
115366
132503
115766
84359
59676
69147
86868
94057
84595
50834
43764
116657
124077
117532
151030
119036
77206
74019
44801
109706
69362
81801
63925
88510
80133
90152
60374
41715
126611
123910
146064
39365
56971
66654
34294
184321
183241
143476
155506
155299
149832
143287
48912
51996
93873
188516
211980
202569
164114
121532
122049
96835
99152
46462
41515
66419
52252
170613
208668
75070
79107
65840
63961
56286
111038
163021
25324
23278
23862
23736
162735
125096
112551
165110
39448
25061
210559
219221
202925
21091
20265
71851
73993
146786
46851
46457
46199
63869
55808
55755
21005
24398
24201
73337
79538
83462
129994
155413
172183
179874
77803
76856
83306
80210
74871
89590
78266
78100
36243
40426
54023
27758
30610
16891
99696
77747
