129660
153887
137956
74383
93197
94457
90952
105544
169502
174062
161835
116867
128090
127514
126227
120086
126910
48410
137990
129806
49984
45532
27083
123797
75726
60858
57862
49913
61270
61940
67460
91891
76424
86545
68176
148098
146461
28683
28009
27798
116387
93403
75721
38723
68355
64992
33416
31779
33300
85919
24458
25658
50774
47268
50984
47724
159462
155613
100732
80932
54528
49329
82737
135544
131210
160158
190398
164558
225658
239706
69996
127890
85194
147214
147870
242468
296318
231514
131749
205681
143371
57533
56008
44900
114316
43446
42621
43040
39522
42244
69981
84844
87121
225673
255096
266415
45617
43353
61388
234882
231962
225646
124412
149642
135400
55994
56703
45014
48048
91686
94965
88329
135546
140339
126527
63171
78818
36273
42331
49510
43091
74215
70693
58798
68840
56203
81597
128247
83625
52634
51633
122262
27086
23130
20813
115760
70328
123917
28739
21330
31475
69868
69412
64961
66484
38323
134108
66548
19260
19966
167580
165771
130865
134258
44615
34391
34850
29487
81324
113289
134561
169076
126800
108956
65859
58424
53937
67887
30430
113590
242006
210516
68515
34466
46585
82814
127914
64529
65527
47718
32336
31704
33137
47713
72549
85277
44814
42336
58418
82525
154195
158085
152412
27829
28834
33203
120778
123068
125286
81536
63657
69816
88198
101727
80900
51345
45107
111334
127171
120264
132135
110578
80946
74023
48044
95081
78415
84606
65289
89556
77981
86532
56397
40557
124795
119905
140510
46296
61860
78018
36565
170844
185885
137776
154586
144816
157793
144100
49042
49010
91110
183504
214819
203913
166641
133869
125930
92824
90321
49768
44850
69875
65103
212687
203438
70745
81864
72391
68449
58527
119956
161549
24270
23957
24100
24610
173780
140534
110891
165647
43651
29214
252251
248032
217726
21187
20297
75412
73388
154051
43803
46835
43237
67285
59597
59972
21992
25644
27576
69238
74055
91325
129273
149024
178149
210156
74148
73348
92798
93743
79825
85951
74653
71777
35180
37006
55888
26890
29546
16366
120143
79485
