173106
166458
148859
80525
97590
104476
97100
131510
198898
190227
205991
131453
141979
136181
145691
136694
134766
41023
162880
141305
50450
50669
27326
122989
92880
63398
60479
53016
70254
73240
67995
97627
82214
102716
73870
157711
149141
29149
28753
26978
121157
100756
76887
38173
68247
64419
31836
31484
33623
88664
27611
25972
50327
48475
52790
49429
157678
153447
99837
81378
55445
51170
79573
150253
152518
156851
203602
177926
241891
286760
68000
135507
97567
160044
169655
284679
294446
243885
148086
228994
161896
57822
61120
50431
122509
43753
44762
45418
44142
47456
76971
98036
96866
248599
292839
265283
48293
42961
59809
241119
252758
248734
131608
152246
155989
58064
48563
47202
49022
93687
91964
95322
153246
160159
137927
60200
78863
36294
44052
56799
48257
74802
72036
61466
72333
61097
85154
137772
89017
57177
57249
150720
27804
24176
22689
130257
77606
137779
28110
21840
31928
73278
74539
69196
68101
40572
143981
69805
21066
19983
179522
178246
138922
138911
48440
34632
37506
31628
103504
127722
169356
185763
117629
122335
77301
71850
76284
86525
51903
133341
270702
240504
71001
37512
49024
91199
131312
76870
94054
69441
42709
35902
40682
49814
80446
95703
53319
44668
69360
96687
161952
171282
176596
29448
31910
33211
144842
155127
155235
81121
67440
71471
92070
91431
85695
53539
50087
121756
135633
146145
148531
129528
81836
79571
49194
121178
79421
89507
68191
98967
86852
98345
62109
41741
132760
130730
162666
45731
62533
78103
38582
209808
198735
163814
171431
172561
174228
156615
54496
53781
96589
195658
258821
229769
184675
136078
133688
99556
105042
48955
41778
68720
54156
189557
226454
75157
95335
79767
73285
61996
128200
175152
26451
24046
24035
27359
173720
137683
120466
189451
43233
27035
255137
265302
216306
21659
21247
74479
76515
151074
49360
50900
45402
66787
59230
60881
22044
25731
25478
73698
80827
92857
141928
163634
196295
207604
78062
83338
93550
92270
85383
94359
84292
81862
39154
40916
61320
29119
31584
16975
128553
85134
