177476
160989
146584
70347
91842
90842
85010
122737
195906
173646
183469
130084
135002
128118
136743
130945
127586
41747
155963
126763
44861
46045
25766
118985
82014
61930
58228
47956
61820
60941
63247
86623
71917
85499
67071
135665
136162
27462
38260
24785
113285
90630
73169
35968
63188
58591
30119
29197
31603
84215
23269
24271
47678
45093
47496
45523
152526
151198
91294
76651
53869
46716
71845
127857
140579
158560
188669
166608
216616
250768
67755
117182
89521
157472
156129
258629
268138
212746
129643
195997
146345
54541
57867
47970
113040
43036
42605
41140
37633
41957
72440
90466
85767
219691
244257
236141
44392
40628
58723
205983
218061
218176
123644
157960
131213
51777
43702
44130
45038
85666
86332
83827
138412
125241
130753
56175
67999
33687
41271
51283
41995
67871
65237
58154
66965
59722
83513
120809
80522
48980
48515
129219
24994
22075
20079
109249
67504
119358
27110
20860
30914
66929
71336
61735
62115
36259
131599
66014
19362
18359
158128
172370
135222
131003
42517
34770
33847
29344
78428
112154
131747
160216
121924
112898
70924
53256
54515
67286
32411
119765
229486
213702
65441
32149
44415
79622
124027
70226
63370
46045
32539
31221
34089
48806
69335
89003
46542
42253
62054
82315
145172
152004
146689
27968
26675
32577
126162
128130
137815
75784
58071
66314
77126
87192
78478
52553
43992
114072
107239
103725
128241
96408
85778
73668
47075
94756
83026
73586
60325
85080
80780
82202
54433
37815
111214
131504
127893
47387
60565
70950
34005
185551
178984
161021
156642
158894
166768
144803
50976
48517
81905
180055
208826
200316
171930
132090
120567
90326
91233
45950
40691
65996
52069
178076
197979
73055
83721
68149
63716
54250
113357
163907
23649
23860
23958
22825
159053
120383
107908
161239
41425
25956
220186
230864
199072
19945
19248
64891
68063
154350
46312
44540
41750
61331
51471
55736
20875
24048
22878
66744
74208
80918
125979
151244
178723
182627
69206
76090
85433
81886
76512
85926
76169
72304
36199
37542
55993
27113
28493
16966
122995
77481
