160644
157310
141373
69124
80661
84878
80316
116861
201959
181832
189483
126740
140913
130151
120724
135283
135371
41806
154227
134283
49583
49105
27040
124501
82679
61318
56810
50014
63590
60886
62044
81749
76415
86104
66909
158048
138799
28270
25379
24134
107815
86668
73755
36958
67031
56279
29540
30097
31148
79592
23252
25155
46273
41752
46654
43847
157821
151190
94816
70369
50060
46858
71635
134248
141052
159938
194677
155390
227560
286708
62287
118540
83595
149233
149362
297884
313716
229945
129666
219502
151605
56310
59007
45025
123724
40558
39106
40865
36559
39452
73334
93063
80094
245484
275832
281838
42829
37029
54407
232793
240730
234811
131837
157265
142158
56068
42794
40502
46306
85621
85702
83444
148945
141296
124389
59764
73716
35504
42819
47347
42978
73761
71576
60240
70206
60880
83310
130144
85338
52479
50660
134154
23639
22168
19668
110139
70069
138341
28516
20266
28574
69831
66753
60844
61037
35958
149957
65956
19885
18001
171591
179543
137902
130568
42676
32597
36117
28893
77070
119497
141052
165309
133048
122902
65537
54053
53812
63976
29995
125711
276577
230540
67463
32493
44879
86428
142517
66480
64509
45998
30529
30937
32656
48954
71927
86633
48327
41156
57235
84111
156130
160242
151695
27959
28726
31966
129285
136260
146136
72213
58818
67317
83339
82200
75395
48750
46362
122914
138669
127799
144105
113460
70308
71607
45585
119462
77519
75027
62969
87586
80207
81659
56934
38750
122240
127090
165738
37896
60605
66069
33373
195729
197700
155059
164990
175358
172103
152114
55709
51053
90532
197142
233374
214270
178183
133546
130419
88201
90747
43541
40525
65358
49092
183429
212455
75652
81639
69308
66618
56341
126011
185501
23923
22076
22535
22893
173280
132308
113216
176272
40824
25237
228275
242759
213590
19547
19967
68661
68339
146911
47795
47657
40594
58740
52054
53396
19371
23017
23086
65070
70550
76333
134765
167111
188010
195902
72943
78256
89685
85679
80615
89051
74595
72431
35058
37960
58012
28748
27246
15555
127024
81288
