177871
168585
161889
82788
116958
96249
91455
146949
262888
236170
224290
130977
143203
154541
152174
157565
152890
40955
167716
143302
52591
47189
27703
150261
98571
60588
54528
70971
66477
81804
87088
127948
94156
151026
77143
183632
164317
26745
24451
33296
148410
99641
74069
35502
64362
57032
33220
29034
31710
99346
23924
24615
52501
45704
47504
53857
189107
175102
96027
76028
50137
45118
81542
155284
149075
168621
246289
206780
259819
327318
63729
157879
99738
181568
177221
299980
330854
268846
147626
258923
168521
57374
55904
45370
133654
39366
40294
49618
43675
46319
127367
156206
92163
325482
287184
291266
42770
41807
55917
263553
271856
263645
142813
163348
169567
63836
42953
42093
43173
87247
104895
93487
145021
155765
140215
65562
81046
35787
43080
48696
40628
85548
76879
58038
76395
54640
82179
139040
92889
46975
51086
154370
24664
21401
19685
123077
72405
134770
26367
20027
27807
70201
73413
60485
63522
36137
151402
87183
20045
19008
188290
223340
151290
141157
42530
34513
35033
29716
92811
146536
166661
192400
155520
151032
72377
59736
58491
71887
32044
165577
321675
287676
82376
35969
50947
99554
168273
78230
68249
50838
33203
33137
39787
57892
94958
118688
48612
46398
65434
110819
188166
195242
222821
29083
28895
33038
146924
159206
162868
89030
63451
72727
94982
107020
88654
56763
48051
130743
145329
136219
160645
139716
80375
80683
48061
140212
82564
90893
64628
100178
85899
109257
65538
42297
140914
141304
186145
42491
61672
80719
39784
261487
250163
185539
200291
192718
178849
173097
56015
54726
104662
242635
284942
274029
221464
156322
153506
109217
111651
49640
42899
69972
57831
229001
273437
88135
97849
84495
72684
60721
153762
198415
25554
23840
25273
25624
192916
154812
143701
202463
45002
28172
295278
297563
274185
22555
21920
78935
84603
168880
50685
51918
45475
68307
57419
60846
23826
25672
26340
80588
86280
95840
157564
173248
234857
257064
85729
90001
98888
98889
91886
102967
98162
92034
44645
45092
61288
29707
29963
17855
139644
88958
