157339
151700
139569
65758
85461
83978
80197
108839
180049
170433
173525
126208
130662
126055
132034
123141
125420
39779
149002
131663
48403
44876
25313
109910
79246
60661
57988
52027
60821
59912
63382
80348
69910
82458
66637
131704
138870
27047
24960
24480
120036
93535
67629
34463
61028
56051
28966
28591
31692
79838
23475
24314
45961
42214
44958
42550
157416
141101
90862
73682
49370
45471
69890
126821
128113
149466
182941
166232
216196
236772
67166
129484
82600
145040
127953
253865
242685
213068
135428
199114
141260
56023
58447
46052
112002
40936
39320
41286
37368
42172
71560
91408
79333
224900
247374
253297
42060
37499
55338
211556
223676
207282
127894
142783
131271
52434
41166
42339
47275
86700
83903
87812
133092
128259
133306
56314
66499
32615
40608
51644
44859
73037
71405
59771
70311
60878
83566
121287
78881
49592
49190
125362
24852
22106
20000
115855
73276
133379
28651
21112
29085
66015
69758
64463
66070
38804
129132
67367
18702
18744
159576
163925
127989
125827
41258
34495
33198
28340
76159
111272
139692
155679
122993
108270
68460
57922
58396
63165
30056
125231
249312
205223
66787
31637
44274
79130
128170
61556
59501
44639
31272
29357
34338
49990
75404
92402
45166
40999
57729
87476
132972
131617
163684
28903
26304
31900
124320
128987
130206
80488
56143
67298
82477
87754
80221
52715
45623
117849
133933
133570
137306
120987
72745
70527
44140
109334
73976
78514
63477
79403
74008
82538
54881
38600
123492
123268
148774
41168
60513
70542
36326
198142
175964
147147
155696
155806
151666
147326
51820
48389
86599
181748
216651
198097
170169
121104
129585
81031
84473
44343
41834
66409
54044
171189
202678
68334
76573
68752
69453
59812
123325
160327
24659
24144
22704
24246
163968
132558
111384
162283
40608
27081
224597
222490
199132
20048
20216
67665
67803
138857
43400
45155
42208
64430
52230
53586
20113
23505
23522
64229
69500
81114
142192
146495
187337
183029
73771
70967
87339
83655
73770
87710
80755
73272
35553
37210
53703
26377
27617
15873
97938
72631
