146196
146576
132057
71844
80743
84766
79939
113415
176624
167958
171768
113308
125190
132361
133977
122160
141318
42965
146353
121591
49419
48555
26713
114167
80428
60988
58158
49565
62578
64384
63467
81186
70310
87503
69012
149623
136910
27506
24780
24494
130132
95950
74060
37662
69835
64505
31580
30878
33257
86245
24975
25508
47808
44630
47087
47637
165492
137358
91631
77653
50547
48137
71979
119766
121745
143787
163012
168529
201540
233979
64857
124075
83436
143854
156165
234238
267603
224041
129931
211080
151498
61304
61401
48635
116425
45428
47377
42572
39747
40990
69397
83584
80551
221010
232444
239642
42660
38388
58450
204138
220461
210595
119283
138790
131244
59464
44570
41209
43550
81443
88807
89416
135766
132955
124272
57301
73295
34891
42655
50627
43158
73021
69524
56393
69541
64757
81159
129419
89185
52858
50356
125030
27590
22926
21872
109264
65952
125764
27389
21471
33747
72976
73395
64388
63516
36536
131000
66201
34226
19390
161598
173787
137323
127329
43560
32130
34844
29092
76370
123058
129888
155767
123979
113981
69501
52600
52753
68835
32221
122183
228822
211734
63743
34348
51184
86996
125764
68320
65325
48270
32956
31168
35071
50132
78285
95045
48883
42553
60822
87693
158300
148583
154096
31404
30954
33753
128429
130829
127847
78764
59742
70793
81172
81070
76035
48149
45140
94166
102853
108359
133297
109048
79320
83174
51346
121978
75184
73217
64239
79222
80594
87249
55441
40379
127211
116788
145474
43037
60424
65996
35977
195172
176568
146508
160078
156220
169583
140100
48992
47981
86866
187695
208267
192210
164362
129021
121954
89478
83940
42648
40537
64564
49494
184129
198229
72555
84501
69224
67742
60563
131614
167052
35836
33014
23841
27472
172377
136366
113037
168268
44105
26868
216835
224800
196219
21412
20694
72949
71891
135625
47742
50449
44418
63260
54260
56737
21104
24546
24604
69756
75051
81202
123093
143088
178677
179760
71093
78162
93338
90934
81420
106364
83765
77799
36040
39725
54965
27526
31442
16733
121835
78091
