153083
128239
130034
77621
91220
93801
87705
122260
178828
170013
176255
119008
129122
134620
144475
123596
128920
40444
144160
126896
52994
50549
30440
120163
85026
62406
56811
49859
64917
61297
64623
89692
76815
89031
72879
150702
141015
29373
26587
26016
120399
84899
70205
36253
67662
57535
30414
31085
31729
80354
23260
24103
46994
43357
45430
43877
150186
145906
94478
73404
49819
49447
79284
129928
132616
171555
188966
173740
220328
249323
66185
113876
90638
149011
153416
238150
265150
213257
138772
200985
138691
58408
58017
49444
107842
44061
40109
41423
39189
42527
73972
91818
80381
215336
243149
255492
43905
41091
54504
206855
211542
215394
115740
136753
116831
52069
43364
43481
45797
81828
84050
83249
124675
119720
123333
63122
71890
34642
40584
48860
42312
66664
66353
55177
69323
61584
82615
122511
79024
49016
46912
122248
26440
23334
20077
107337
65189
122997
28043
21372
31715
74519
67437
65877
64529
36049
130135
68926
19581
19321
160511
176429
146844
132822
45825
32335
35500
30025
77633
128303
130584
163920
125766
114956
74783
56651
55679
67660
30556
119629
239978
214797
64985
32425
43983
86830
122648
61699
65184
45140
32364
30239
33076
45132
69057
84730
46051
39833
57632
82021
142391
147251
143270
28289
27766
32158
128180
125523
123761
74834
59543
68670
87173
91466
76070
50225
45526
107952
115750
114502
137895
111852
77616
79061
45560
113349
70948
76255
62677
89011
80960
92952
62481
42666
128390
116922
148284
41684
64597
74772
38451
205921
192344
158351
157844
169799
153087
156159
53426
53636
92266
187013
192754
201337
150476
127668
120357
96315
90276
45930
40943
63087
50336
182511
197985
70399
84300
70775
64675
56201
118113
156731
25306
24050
23979
24201
163106
108102
97792
165357
40353
25914
197212
228450
200726
20106
20831
67843
71419
139601
46635
45860
43718
59291
51541
53182
20679
23372
23370
69724
76740
77554
132063
141957
172140
184218
76232
80887
90833
90872
83452
90993
83521
81922
36510
39214
58258
26748
28592
16150
112249
73692
