31375
25670
22128
12160
16969
17184
16489
18497
38349
31723
31502
20703
20903
20275
22332
20616
20117
6950
23738
19691
8358
8704
4872
18710
16015
11411
10810
9675
11286
11276
12438
16716
12936
19029
12304
23261
21505
4591
4926
4783
18420
17990
13296
6789
11755
10836
5747
5635
5765
15967
4347
4424
9213
8631
8899
8526
24742
24276
18501
15379
9809
8354
15989
21861
22484
26584
40282
28267
46868
60667
12236
19229
17047
24920
25600
58117
61396
48890
20252
46285
23750
9923
10896
9212
18107
7961
7708
7561
7427
8100
12604
17531
18544
49514
58175
56450
8255
7491
10592
46380
48008
47612
19601
23692
21791
9781
8119
7907
8264
16605
17203
16740
20902
20652
19772
9849
12478
5816
7651
8956
8117
12804
12003
10038
11933
11073
16948
20627
18709
9042
8952
20570
4372
4146
3839
17640
12131
19362
4750
3710
5301
12719
12767
11915
11608
6999
21070
11320
3646
3538
27492
32803
21225
21563
7819
5684
5744
5226
15660
18476
22197
27050
19875
17450
11773
11044
11200
12907
5516
19948
54024
47382
11804
5778
8578
16380
20699
11591
11309
8463
5611
5370
6580
8586
13097
17406
8220
7663
11436
19368
24461
25889
24734
4929
4712
5670
19579
20556
20523
15125
10676
11740
15856
16638
15416
9531
8331
17651
19279
19450
21718
17571
13097
14013
8155
17953
13471
15207
11214
16042
15005
16521
10024
7042
18320
19173
23440
7277
10373
12183
5879
33684
31817
23728
26204
26185
25499
22846
9114
8919
16424
38948
47532
42867
29166
19054
18841
16809
17227
8148
7368
11266
9214
31599
43347
12405
15582
11964
12002
9722
18286
27403
6099
4028
4074
4130
26910
19716
17293
26681
7401
4449
54206
52387
42701
3707
3509
12556
13007
22530
8368
8512
7892
11610
9646
9894
3819
4401
4429
12425
13396
16320
20561
24461
32279
39784
13062
14964
17281
17006
15982
17168
15943
15187
6749
7104
10459
4975
5170
2835
19277
16090
