167557
169019
148706
92076
116847
103981
102132
143204
216822
224440
229553
130258
139229
148607
164822
151206
139201
44853
172286
137814
51027
49543
27799
117249
95058
63239
60561
52366
68053
67892
68536
96013
82778
99342
75530
153873
175338
28737
27026
37652
123338
100567
78683
39570
69039
64056
32291
31252
34657
95919
25520
26095
53138
47503
50263
48405
179008
153503
102491
81794
56538
50326
86407
165396
156126
168662
214435
185215
245522
276272
68555
131669
104271
161138
160236
279355
300160
244132
134608
238511
155744
57952
60166
49447
130331
44410
44737
45772
43334
51940
86965
110762
96618
265677
295473
292947
47537
42354
60160
244317
258265
258463
132233
161074
146572
58834
47382
48262
51437
97343
103111
100095
153167
153951
146274
59530
79016
37580
45990
55103
44489
76707
74565
62259
74011
63606
90144
148109
92759
56066
56482
136437
25531
23819
22129
120116
77551
133747
29717
23858
33571
82251
79013
70004
70245
41074
147271
68012
21268
19799
192024
189698
162258
147175
49519
34482
39106
31390
93197
147672
146816
182932
142688
132301
72826
59322
60090
72203
33141
144380
281608
238030
71903
35022
50388
93827
144802
68827
67006
49122
33063
32743
37516
49951
80572
100133
47872
44762
64821
97735
157707
169551
157358
30938
33229
34469
145392
139662
154730
85219
67990
70926
92461
93180
83123
53669
47794
131101
132930
131525
147823
124615
87579
82822
51315
133463
80538
85549
66156
93214
86632
95671
63022
42045
128786
130604
159853
42060
65330
77114
37505
219491
203700
164866
168312
171736
167061
158697
56864
53522
97622
213834
245857
226767
187257
133490
128832
95427
100605
48551
43877
68812
56720
213793
224754
77685
88830
74457
72334
63787
116574
188732
24931
23440
24484
24507
149992
136646
113156
170364
47239
26989
252581
259951
244594
21918
20919
74742
78381
150194
48309
49246
47134
66337
57078
58786
21754
25160
26650
77002
79802
88481
143233
152981
209072
214198
80148
84896
95638
94507
85520
95887
86800
84220
39500
41220
61212
29853
29658
17311
127072
90670
