163114
160309
149843
72505
85941
92575
88072
115196
192494
194638
186263
122830
130203
131729
145247
127394
134581
50781
152531
137759
47969
45180
25009
112898
79726
58815
54359
46853
62418
61652
60372
85677
71425
83946
66434
145618
146604
27471
26832
25533
113193
90378
71353
34365
61604
60184
29172
28583
30988
79643
22879
24506
47090
45096
48427
43100
161569
156074
94482
77454
54068
49311
78306
131292
132939
163469
198351
180200
226344
264079
66533
124344
90409
173080
162206
269358
305825
228363
141941
215329
167652
57422
59379
44362
117584
38204
39691
40059
36894
41106
68009
85863
80557
233996
266555
255842
42875
40116
59396
227913
230820
228555
127691
151818
135850
55359
43147
42411
46620
88556
91167
89499
134681
134645
124746
57780
72756
33671
41274
47222
41805
71472
68674
57422
68318
60520
80472
128020
86932
47714
46675
129974
23351
22245
21536
111248
65928
133596
28305
21724
30338
70779
66383
60758
67042
36500
146197
66403
20077
18009
176391
182661
138357
135660
44266
32265
33204
28764
78168
117074
146259
207245
138058
124797
67977
53836
53522
63914
29843
124956
265501
237814
70548
35899
44825
85395
133596
68974
65787
43722
31256
31617
35211
48138
69051
90247
46256
38889
62123
88031
172344
165450
163185
26853
25837
30044
130823
131244
133458
76481
56514
62420
82007
81600
74946
50292
46208
114776
124373
126158
145121
118490
76854
97747
46964
123671
72878
76867
68106
81273
74001
83167
55593
45849
119384
122190
156807
39720
58689
69018
33485
197832
192272
154089
167172
170506
165506
151446
51319
51157
88809
195237
224242
209218
171798
122880
123387
85981
89536
45676
41725
67021
53071
188038
218299
68023
79816
68000
68094
54381
121378
175874
23279
21657
22081
23220
170779
134790
113468
175832
41929
25335
228889
238788
213445
20483
19809
70836
72286
156946
43304
45725
40595
62218
56612
53814
19710
24663
24728
71662
74652
79163
132348
163350
183313
194634
67837
77119
91882
89326
82927
90666
82691
79238
38938
40882
55348
26810
29276
17229
125867
73293
