143444
146110
133930
71223
79067
83328
80494
108071
172605
165349
165564
113441
132714
121200
128045
123654
120940
42437
141105
116461
46094
48612
24863
111393
81273
56091
53739
47882
64901
59426
59238
86714
76761
81970
65412
135995
135929
26977
28820
28753
109139
92737
68641
36540
65215
67586
32765
30046
33739
91401
24519
25677
49018
44524
45547
44919
156281
150906
93564
76506
53562
47749
78297
129232
135832
158017
196045
171276
211260
258026
70169
120802
81932
146681
148637
236813
237399
213495
123108
201255
154930
56031
61138
47821
116904
45465
40565
43709
42641
46194
80723
92059
88431
221407
237282
237830
42821
38434
60934
218889
233169
221781
134468
142360
133199
51409
47009
45850
46286
86859
93696
91986
147549
140298
126182
63658
73057
35784
44340
51099
44111
77006
73892
61471
70957
60743
89931
136599
87607
53171
51802
126580
31786
25040
22558
120095
73178
131118
28300
22389
31993
75000
75741
64423
63584
38014
135800
70570
21932
20185
177516
169146
133166
134319
42659
33415
34498
32461
82448
125053
137948
157743
136115
131847
70330
60134
58774
69161
33067
127030
221777
212794
62489
35123
50265
91466
135611
61983
60530
44162
30240
29488
32679
48233
74225
93236
48451
44105
63384
90454
153648
163791
153993
27867
27764
33630
125413
133977
136631
82664
64077
70767
83849
85044
75577
52192
48377
114770
127022
126526
144089
121773
68110
69428
44065
122281
75253
81371
66430
90463
83148
92637
62021
42965
132520
123772
160847
40411
59912
70743
37357
189845
179819
149599
169519
163314
160393
146402
55394
52799
87912
180409
221878
198111
166251
127120
132178
89386
83476
45514
40129
66813
55342
172621
200480
66290
77947
72028
71893
62085
124246
163403
22912
21285
22305
23849
170629
136868
112142
169758
42989
28433
217814
241370
215613
23005
21678
73861
74914
158202
48352
51372
43925
62413
53130
54100
20396
23563
23654
70275
69860
75393
134687
150506
174840
182419
68300
78645
80555
80450
73534
81261
74480
72263
35647
37082
53962
26344
27319
15830
118278
85023
