176358
162192
139848
68255
83713
85678
81992
127050
190692
184470
189503
119874
128341
130388
140667
128562
128089
37003
161851
129799
44284
46268
24324
125020
74817
56756
55183
46760
61924
69773
60508
82758
73218
88085
66297
140092
139742
25614
25289
23836
123111
89683
69268
35083
63642
57073
29830
30790
31167
84382
24116
25064
46429
45248
47329
45884
162466
147132
91160
70377
50248
48311
77350
140621
136214
162500
197292
178038
216724
256549
62706
122040
89688
158634
166534
263465
279525
228643
131371
212980
161062
54292
56781
47209
117171
42238
39870
39322
37323
41182
68215
86639
83519
232137
257305
265247
41984
39087
54784
224175
232022
230251
132300
155232
139402
50816
42647
41624
49880
85731
84580
84190
145827
133311
128440
59382
66810
32390
40201
50613
41706
71802
64504
55034
67829
56073
80970
127736
86826
48761
46572
129097
23586
21803
19978
112871
68832
121005
25939
20316
30411
67690
69775
63383
63907
37076
144874
66499
19280
19167
175570
175907
133064
135256
44404
33391
34991
29468
82583
115193
138709
174363
130902
114838
71775
55245
57873
64473
30801
125191
251856
226146
67984
32080
46107
86586
128121
62595
64950
48160
30530
29817
32379
46102
68505
97896
45088
42074
60152
90138
154397
156065
166319
28976
28747
31071
127856
129102
132613
78582
59978
69923
85677
82608
76475
47740
45007
109586
119886
118333
151619
123533
77420
78358
46832
123571
70948
74498
62616
86872
80064
88399
60525
40594
121557
120993
167143
40803
61606
65751
33668
198489
193354
154759
171662
168608
174638
147923
53054
50766
87172
187874
221943
211318
175671
123045
123223
89133
91415
41972
37943
61293
47899
179518
212335
70039
78410
65044
63334
53382
128214
167096
23975
22482
23286
24559
162958
124925
111773
171899
39283
25155
231426
237529
216493
19586
19453
69253
69276
140832
46588
44383
40449
60083
52293
55061
19971
23219
23451
64980
70619
78930
127724
152981
182426
179997
74424
78525
84186
83366
74607
81959
75998
72668
35284
37110
55088
27164
27573
15725
97646
72908
