29687
20405
17083
11058
12389
13482
12695
13844
26405
25448
25901
14753
15822
15956
16328
15242
15210
5842
18118
15115
6715
6614
3655
13815
11919
9519
9224
7517
10085
10042
9945
12830
11034
13119
10476
16904
17007
3780
3667
3593
13835
13264
11174
5215
9898
9148
4509
4466
4761
12319
3327
3551
6851
6382
6721
6463
20698
18845
13479
10958
7374
6998
12128
16830
16630
19942
26773
23342
32448
39122
9707
14649
13274
19319
19843
40185
42458
31602
15422
29965
18174
7789
8127
6734
13484
5757
5889
5996
5495
5936
10839
13033
12326
34156
39165
38776
6227
5862
8347
32401
33149
32980
16209
19308
16419
7662
6265
5988
6470
13008
13192
12845
16473
16096
15612
7777
10260
4922
5929
6996
6071
10140
10697
8555
9992
10859
12051
16743
13202
7548
7539
15413
3479
3271
2971
13298
10148
14671
3707
2990
4582
10290
10810
10053
10096
5627
16448
9561
2708
2547
21322
24173
16836
16229
6147
4835
4988
4500
11970
14388
17285
22086
15349
13755
10217
7787
8859
9966
4854
15044
36908
32995
10006
5054
6520
12137
15496
9709
9385
6577
4696
4547
4974
6705
10591
13077
6393
5791
9773
12798
20012
20233
21378
4257
3793
4818
14942
15756
15939
11184
9031
9925
11853
12808
11245
7311
6780
13312
14737
15132
16631
14858
11539
11720
6637
13635
10886
11304
9910
12414
11585
12784
8436
5907
14194
14593
18479
5865
8788
10282
5385
26931
26585
20453
21398
21670
22137
17645
7730
7532
13630
25873
31353
29457
24066
14883
15258
13273
13580
6501
5879
9750
7982
25408
29381
11168
12140
10604
10598
8448
14869
22932
5813
3220
3429
3511
22689
18157
13603
22277
5956
3792
33064
34765
29191
3067
2937
15734
11098
18345
6975
7084
6582
9939
8176
9491
3225
3779
3784
10546
11459
12409
15817
18114
25225
27198
11205
11735
12727
12525
11706
12975
12215
11948
5268
6185
7963
3850
4336
2513
14027
11452
