167551
161549
143507
70893
80511
85910
87202
125083
186110
187743
183442
135741
130535
131327
142682
130137
128704
39276
149939
130128
48126
43689
24567
116907
79006
58943
55871
51352
60503
65884
62857
88950
70974
85062
65986
151194
142666
26038
26120
26220
116117
83669
67575
37026
62739
60512
29690
30234
33401
87030
25102
25961
46179
44028
49435
44919
154642
149397
84706
74544
53879
50414
77508
134555
134706
156250
185963
171757
210905
249885
63531
120500
85925
150492
149690
259491
265335
216496
130159
204160
145807
53063
53655
45504
121423
39715
40847
40375
41221
41728
67536
90345
87258
228040
248393
250385
43131
39415
54273
217657
224071
227187
138140
156367
137557
54487
41290
42418
43550
87021
84880
84434
132517
133513
131834
54426
66386
32469
40210
46623
41397
67999
66253
56096
66399
55013
80620
136787
87064
51941
49003
129201
24511
23064
20914
117635
65323
128222
27150
20883
29758
70155
71589
65627
65574
40105
135744
64358
20319
19502
159712
173567
132011
129587
46264
32950
33599
29298
78317
115607
134793
158967
125734
115251
66707
55059
57305
63626
29689
121346
250850
219693
65506
31437
44355
83977
135328
61859
63097
46306
30258
30598
32780
45335
68679
85032
43470
39946
56809
81766
144558
151434
143028
29249
28196
31873
120318
128608
134153
71781
58245
62135
84932
86337
77634
49577
44815
111830
119697
120481
136653
119319
68382
74960
45311
110888
68422
71906
58625
81412
74146
82202
54151
37998
116808
119552
148258
40939
59997
65466
33212
184256
183772
147481
159294
161554
154858
156835
53425
50355
85668
199824
232613
210055
170844
128590
128251
90344
85090
42852
38547
60458
49938
171991
210836
70595
80097
64073
63479
54327
119757
164440
22910
21902
23849
22411
158761
131940
110932
160985
43023
26916
226970
238152
207455
20530
20174
67547
69641
144127
47736
47196
43323
62562
52696
56476
21626
23907
23742
65973
75401
79523
126550
146819
189756
212997
72692
72918
85139
83680
77860
90667
84077
80841
39048
42122
60302
27082
28226
15812
119673
75307
