138441
162681
140487
66616
88785
89407
86394
110628
187314
174846
170534
114772
120403
125761
141445
135834
125807
39293
142874
125489
44883
46905
25383
114543
81157
62165
60914
47975
61193
64490
61025
85273
73887
91648
67127
132101
138007
26348
25407
25920
110568
93346
71279
37522
67086
61299
29702
30476
32999
86182
23792
26054
48998
45538
48165
46363
149781
146658
93735
70270
49502
46823
77060
142406
127324
147692
186530
172238
220021
243998
62043
114426
82978
157607
154520
253878
248844
213824
124894
192638
145936
59340
60240
46131
125464
43056
43197
40488
38045
41497
76143
89622
80220
216316
246566
235546
42470
38756
54509
226044
227175
219609
122307
140805
130657
55850
45600
42348
45771
86497
91253
86379
127741
111359
114615
59807
68179
33627
39566
46784
41971
67317
65378
57122
69901
56247
81736
116551
78625
48626
48592
116127
26307
24315
22668
114855
75932
127681
25898
19963
32396
67869
71873
67957
65058
41217
115853
68976
20417
19110
153072
173108
117936
120224
48517
33503
36849
31827
83205
103376
118302
151188
105099
98095
66263
60485
56765
68262
30669
119377
226991
208284
63424
32712
46578
88015
130749
62584
67451
47324
32265
30192
33109
45342
69502
86030
45888
40881
58914
82214
159488
155015
159415
28975
27889
30676
124053
124170
126130
73320
60023
62682
77861
83922
74814
50450
44242
108543
131133
132692
136103
114819
74585
73651
47429
113804
69204
76626
60975
92587
80242
91471
61320
41383
125032
119522
151116
42540
60867
72749
34147
191237
181466
157388
171563
167946
172723
138875
49511
51028
89742
177561
212770
201902
149965
121089
114107
92914
102398
45525
41856
63633
49931
178318
211164
75455
85487
65683
68802
62679
116097
170708
25360
24103
23400
25463
170275
137182
117560
181590
44705
27923
218218
227243
201545
20575
19484
69540
68959
136484
46198
44976
41229
60279
51080
54145
19890
23420
23321
65987
71063
79299
134742
141636
186251
192713
70469
72965
81407
82788
79441
81972
80440
74011
36207
38110
53987
26721
29190
16677
112354
79424
