150822
149578
134726
70588
88376
85646
81519
111889
188153
190398
192115
122000
128425
134339
133820
124609
124946
41451
147294
125260
49251
47873
26848
122021
75084
58030
55650
47064
63628
65639
65402
88612
76922
92839
72050
137351
140997
25109
24349
23989
112210
84575
72877
37428
67309
60449
30282
28877
32273
86322
23114
24032
52624
44335
45370
44411
151797
142671
90538
77044
51456
48235
77371
127616
139277
157476
194430
171063
217555
251629
64457
130534
93342
154301
152316
256543
267744
213823
130968
215290
146366
52944
58153
44959
114704
44191
41169
40907
39266
42823
74972
90990
86514
230011
255102
257723
45083
40231
57710
225218
234981
234652
125551
146278
132929
51035
42019
41700
45180
81680
83907
85051
131808
130228
121503
54059
66743
34493
41356
48173
42631
69020
67385
54981
69390
58671
82602
126995
86064
52289
48646
141029
25275
22391
21356
113602
65251
119749
27322
21154
31528
67618
71402
66286
67838
36514
136149
64411
19325
18423
174409
176731
133136
129707
44133
34073
36163
31303
76618
115083
147292
163151
135063
122056
65151
51808
52663
69749
32775
124510
244966
228851
63532
32606
43277
86224
136866
69340
64534
43938
32510
30947
34379
44533
69720
84815
42885
40393
56365
84551
146049
160596
144523
29266
27929
31458
121386
130232
129056
77959
54880
65752
81835
81117
72297
48924
44480
110778
117503
115931
131638
114186
70508
72873
44899
94974
73865
74675
60442
86754
75755
88692
55400
40110
114670
106430
148849
41835
58181
66138
33707
177824
172341
134564
150672
147795
139893
126684
58750
51997
81757
176798
219987
203936
174415
127166
121843
82380
85072
42911
38785
62129
50329
185748
208633
69128
77934
69501
68913
55769
115346
170361
24040
21591
21634
22565
165331
127226
110629
168108
39339
25023
242046
239788
205085
20175
19319
66076
71173
145591
43894
47062
44672
61405
52217
53078
19788
23007
23351
66088
72579
78334
128694
144750
181449
191063
68551
71446
82678
87586
75476
88131
76722
73338
35466
37279
56301
26637
27167
15844
112948
76041
