30592
24733
19367
11747
13912
15238
13464
15010
28061
26773
26412
16367
17990
18445
18641
16624
17028
5900
20793
17052
7526
7522
4428
15354
13171
10418
9853
8796
10975
10847
10201
13415
11707
13769
10978
19399
19071
4458
4232
4326
14258
14031
11688
5697
10779
9825
4737
5023
5387
12990
3892
4070
7599
6937
7369
7051
22605
20099
14775
11875
8747
7554
11356
18496
18742
21440
29067
24629
33921
42163
10121
15205
13828
20871
21363
48623
51321
34263
16657
32187
20189
8675
9254
7243
14875
6210
6327
6525
6052
6517
11131
14070
13071
36446
43003
41495
6777
6091
9207
34520
34734
34237
16922
20307
18998
8793
6627
7696
7184
13284
13938
13383
18939
18221
15700
8756
11488
5426
6598
8432
6781
11531
10398
9356
10831
9500
12839
16273
13322
7404
8293
16607
3933
3704
3165
14289
10985
15511
4225
3139
4754
10798
11267
10385
10448
5789
18572
10477
2873
2761
23125
24889
18862
16790
6478
5450
5614
4795
12606
14834
19274
23040
15942
14187
10661
8854
9486
10875
4877
15800
40105
36092
11116
5284
7395
13009
16583
10707
10333
7092
4926
4833
5311
7301
11470
13972
6887
6250
9633
13588
21032
23712
21661
4859
4500
5396
16231
17122
16542
12714
9573
10594
12703
13312
12304
8029
7168
14276
15569
15485
19195
14608
11636
12137
7025
14548
11904
12523
9947
13492
12414
14192
9102
5992
15101
15599
20805
5869
9351
10808
5364
28965
27041
21680
22452
23262
22330
20183
8381
7638
13566
28087
33756
31342
24671
15905
16194
13771
14291
6720
6057
10805
8892
26613
31534
11306
12694
11207
10837
9064
15202
23411
5985
3642
3405
3448
23659
16476
14395
23318
6194
4039
35933
37503
31112
2927
2808
11111
11429
20178
6897
7076
6518
10871
9304
9556
3373
4165
3894
10668
11683
12683
16732
20324
26600
28529
11603
12257
14077
13258
12782
13660
12627
24189
7275
6191
9410
4430
4617
2480
14885
12635
