170982
157832
145697
71606
88902
92071
82220
112828
193789
176812
173514
117923
125393
128230
143494
130163
126496
41907
149778
125997
52624
49139
26227
114104
82496
61777
54588
50198
60208
65693
66225
91441
76192
90714
71210
138871
166757
25167
26001
25235
119347
91426
76097
40540
64538
60230
30546
29769
33115
83585
23556
24056
47087
45606
48055
42954
164553
143248
86551
71402
53095
48590
72483
138288
130837
154284
193540
164911
224067
262519
63859
116875
93281
148598
155917
262396
236002
219269
130320
203796
149861
53044
54413
45269
123650
45825
40524
41205
38121
41071
67727
85984
87000
229332
253811
243202
42200
38124
56490
212416
229988
228948
136925
151825
132989
51784
41391
40895
46012
88026
92184
91612
128681
128811
127842
58151
69457
32688
41349
47394
40323
68060
64751
53735
63562
54453
77522
130024
85592
52319
46480
133437
24823
21766
20556
112566
65707
119847
29126
22105
30719
65663
71387
66569
66573
37008
132582
60445
19194
18678
161123
170868
133756
130731
45621
31167
34579
29064
77450
115832
140262
170012
129230
116715
68782
52671
55346
68191
32067
131952
242032
234588
63617
32815
45983
86059
126761
62285
59265
44278
30952
29402
33555
47117
68774
85506
44950
41603
60730
88798
147521
153504
152463
27983
28155
30834
126300
126873
126090
73009
54950
64688
78079
82418
76412
51484
43877
113680
125042
124020
134377
113650
74535
71975
46532
117683
69186
73947
60350
80519
80292
87586
55192
38109
117521
121905
151023
38190
55580
69544
34804
188579
186923
146655
155644
160563
155813
145113
53984
47674
82614
193606
222629
211378
167368
125023
125062
90735
86080
42663
38399
60343
48488
175688
206365
72385
83284
64304
65413
57151
123246
165383
23953
23483
21974
22462
160293
128527
114754
173738
42315
26052
229231
240101
203543
20947
19491
64556
68404
148910
44304
44333
43347
61289
54380
56612
21895
24942
23477
65194
70228
83036
130890
147168
185310
194289
71671
78792
89128
84183
76172
83787
76248
79202
38578
37544
54313
26188
27672
15962
116758
74311
