147478
169925
140282
73834
90330
96361
109773
102439
234216
238982
228561
138171
146613
143357
140659
139377
131059
41484
173563
159190
57927
54187
28889
146565
100403
73378
86620
50068
99729
76351
72500
106960
86245
106821
90657
204484
182893
29647
27778
28892
129348
106914
91105
39273
77436
63173
31161
31648
37616
108822
24729
25844
53489
51618
51312
49464
182553
171376
107811
88575
54945
49575
93204
168514
176245
187267
258340
232354
273773
333498
77763
144982
105826
181239
177668
328059
356738
286668
162385
279026
187179
61833
66784
54645
158436
42734
45472
46357
41674
44288
87260
107157
108616
311746
336399
334433
49732
46458
64469
294022
302871
298816
165998
174748
174523
58612
46225
47718
49910
101365
107556
113148
163908
162684
155642
59601
84632
36711
43190
57253
46937
85913
85506
64634
87873
67908
99751
166601
111090
55739
54256
160169
26922
24612
28668
138283
90632
156229
28678
21284
33659
87303
94904
73873
69915
40677
171146
73297
20576
20698
200889
246548
170344
166390
50409
36794
40199
31631
100988
146018
180004
207637
156585
161800
98737
72487
67272
80425
42761
165215
345159
306526
78824
52113
49397
102139
171106
73953
83793
51417
34632
34045
42573
53768
88516
126194
64834
45773
70378
109819
203645
189013
187856
28804
27513
35089
153275
160837
172402
89731
65602
75796
98748
106715
89958
54382
53770
136943
148436
148945
170071
144492
87031
92024
56742
137821
90461
94592
71139
103935
96852
108186
63792
45419
158810
151434
182100
42484
66805
89022
37589
257221
259791
184363
198130
202075
193561
186394
55119
54122
105237
257339
291871
276318
241005
151322
151012
109833
107408
48619
44506
68017
55238
247596
272577
86071
103551
83313
81537
65087
142877
199760
25526
23485
28709
25169
206245
164156
139683
199725
45492
27599
300236
316120
268592
21170
21081
79500
82763
182428
47791
52963
52804
71325
59610
61027
20916
25378
25989
81990
97185
94515
162670
179470
246652
266019
89351
91938
106705
101589
95405
103768
99600
92907
42898
40693
65567
28184
30465
17222
145030
94824
