32210
26326
23116
14026
16624
18010
17241
18210
39449
37613
37674
19611
20743
20821
23024
21120
24096
7236
24830
20344
8673
8560
4629
18552
15589
11059
10477
9301
11834
11635
12154
16882
14611
17653
13822
22485
22592
4776
4679
4738
18235
17685
14331
6718
11886
12222
6205
6080
7194
17029
4414
4630
8749
8220
8664
8248
25433
24243
17656
14446
9516
9502
15494
22529
21721
25870
41545
30111
47769
60051
11833
19350
17503
25688
25461
60254
63084
47973
21085
45914
24516
10108
10215
8666
18464
7724
7945
8008
7453
7964
14460
17503
16291
52092
58962
57841
8165
7963
11117
51568
50041
49540
20349
24037
22588
9944
8054
7951
8350
17231
17838
16952
22874
22361
19902
10250
14021
6497
7732
9175
8144
14291
13747
10370
12163
10750
15974
20483
16801
9513
9331
21399
4452
4225
4179
18932
14398
19441
4924
3833
5653
15095
15157
12163
12492
7096
22242
12168
3627
3445
28853
37310
22622
21503
8122
6507
6729
5413
15686
18932
23185
29061
20269
18118
14061
10614
10793
12419
5765
20532
59741
49301
12846
6532
8772
17001
21114
12459
11744
8665
6373
6671
7186
9303
15017
17964
8416
7995
11680
18131
25642
26271
25127
5174
4876
6315
19996
21168
21057
15947
10864
12998
17232
17598
15551
9440
8834
18371
19729
20936
22832
18548
14417
15695
8991
18190
14576
15490
11728
17046
16193
17743
10490
7592
19519
22448
26076
7616
10832
14631
6733
41036
39686
25489
27636
28664
27333
24677
9776
9583
17605
44420
50065
44936
37798
21204
19723
17988
18272
8588
7680
11846
11357
40091
45966
14403
16432
13959
12791
10321
19365
29956
6290
4242
4278
4365
28641
21340
18747
29555
8177
4944
51164
54368
44428
3753
3587
14421
14166
23324
8645
8998
8272
12102
10410
10738
3969
4649
4652
14144
15095
15790
21437
25047
39929
40911
14637
15319
17386
17706
16032
17395
17424
15441
7144
7448
10541
5024
5128
3184
18941
15495
