190250
194100
168849
87523
120161
108734
94275
137845
209911
226761
242089
136283
152910
142486
154448
150300
133080
45043
171342
163816
78596
67154
29165
130608
88964
64756
61139
58098
76660
72102
75431
99390
81612
100889
82690
173918
146324
31243
38093
29639
126588
96695
78073
38772
68863
69266
32623
30697
35672
90956
24259
26988
51955
47498
52787
48790
177379
167590
104802
81500
57699
49868
83836
159631
149624
177439
217498
191830
299754
268194
84225
160963
100536
209523
187849
332260
375648
258568
165461
242021
197657
67000
78164
55277
148588
43696
49691
46135
41302
45483
79958
102346
96195
271671
295632
295487
48094
46269
66688
251644
261344
255427
134625
174764
154392
59598
45570
44979
49699
100496
96721
97498
158330
144839
142194
64402
76568
35764
44489
53615
44792
77419
76480
63819
86419
67597
88738
135541
92285
56486
51405
174620
36507
29420
35693
123239
79296
162032
30636
22935
34737
101789
91640
73931
70618
43201
191628
73281
20750
19568
248927
206984
171039
151059
49236
50362
48102
36557
92167
127709
187396
184770
133822
130817
80126
65072
63355
80607
37454
155041
285046
250645
79376
38219
53707
102303
171533
70195
76172
49629
34185
38964
41595
50140
79789
117089
55680
44712
65465
96754
179348
184362
226548
41911
31470
37362
142583
153186
146796
95082
64259
75297
112639
113078
84099
59339
49885
134854
148569
131600
153296
149698
97165
80623
55243
122083
87975
109966
70490
103457
113441
105615
63430
48899
161834
135951
202227
60384
79467
90289
43780
244970
217277
199595
181401
186321
203748
190458
55368
52819
97179
223396
255631
235656
194772
149887
144665
101976
103791
47886
42597
72353
56891
212845
241266
84626
90996
75291
70874
63097
127783
197493
25396
22916
23805
24407
181433
136428
122647
192014
45192
26918
256405
298130
230166
21495
21168
89298
77352
165052
49707
56325
46830
70585
58529
60312
22664
28531
34520
96820
83432
90741
140793
192934
220138
266690
84556
95155
117123
100698
103739
117553
95166
95705
50504
45045
61361
29705
33183
18427
146653
88478
