168048
168214
145498
72709
88467
88574
88407
120219
186372
178263
178349
123615
137750
127185
132762
127442
125998
40175
147042
125804
47694
46436
25277
114838
81258
57384
60150
50939
61598
63605
64389
87347
75240
90270
71728
142596
139368
26595
25920
24280
112781
83999
71149
37323
61099
58854
30820
30324
33244
84374
25554
24764
48102
46299
48630
46891
149899
145197
89522
70195
51216
45687
73993
144380
138562
151671
187803
162341
182509
248941
60948
127512
94604
155789
160113
255404
268027
228044
141924
211408
148344
52349
53772
47611
113230
38748
42914
40259
38495
42943
71607
95020
87144
213231
266421
254443
43019
40029
54052
226048
227074
238592
130110
147643
137005
57613
46192
41007
45320
88942
91875
91308
137809
129256
120033
57278
70661
32283
39618
49105
54413
69753
67592
57099
69533
55307
82635
137731
86452
52030
46647
142649
25910
23568
21613
123138
67183
122715
26322
20449
31561
66529
72346
65259
66195
36569
148903
65120
20301
18309
162646
171447
134216
133361
44071
31885
34468
30250
76626
116383
135460
158512
124666
111416
64199
53778
53465
66690
29869
121798
239512
215806
67010
31637
46190
79601
141536
65820
65333
48404
30528
29464
32268
53750
74360
94357
47921
43841
59547
90580
148645
151107
142189
26601
27247
31301
126828
127785
129899
76125
60014
65353
81808
82796
75088
47347
44644
110109
119692
117517
133645
114229
68452
75952
47491
111716
78806
71931
61913
81832
72595
86983
55572
39137
119018
119096
148449
38035
60715
71993
35159
192936
191451
157884
170700
168737
164706
139929
55089
48599
82955
182364
212921
215294
167536
120613
124650
89866
92441
43831
38450
61364
49239
172648
223767
71954
79665
74970
68883
56936
120539
173183
24404
21415
21814
22924
144876
127208
98317
153655
42980
27023
210714
210821
207367
20983
21597
69419
66394
130044
43596
48187
41406
58544
54974
53075
20546
24554
25361
72335
71035
82056
130192
128576
189086
175589
67637
76326
83627
86990
79879
82019
77825
71441
35246
36785
55572
27751
29207
15602
108959
80273
