146740
149553
135722
72172
90212
90982
94086
113698
175437
192598
178916
122385
127185
126392
145639
121325
122486
43504
151678
126531
50235
46419
26741
114997
78539
57254
58958
48511
63679
61371
65649
81425
79126
96432
76649
146932
149361
30339
30059
28875
128038
97005
69466
35683
62293
57050
30593
29723
33466
85460
24727
25855
46035
44336
45109
43023
148201
142256
83723
70601
52047
48471
71548
128560
131153
147989
187042
165625
200429
229764
64919
114627
82933
160967
148416
238757
256962
211951
126823
199794
143267
53508
55211
45183
115604
40895
40462
43142
38837
43519
76766
84491
79168
213938
254374
236255
42943
41157
55122
214827
207771
219468
122000
142480
140494
52821
41201
43396
48032
86604
91743
90592
130148
129087
124387
53955
65944
34461
43189
49084
44276
73755
68690
58569
69620
56499
76638
126522
78307
51843
47390
126779
25396
23484
20174
109994
65505
118033
32690
22649
30564
70389
67200
62155
65002
36192
139484
64991
19177
18929
165480
167280
128928
126904
41728
36209
36797
29679
82165
118774
140884
166055
131516
113541
70029
55878
57097
68808
31564
122129
222557
214699
69215
35196
47569
88294
129798
67767
66560
45940
31657
30934
34173
46194
69567
89008
45908
42519
57714
87580
163121
157094
150681
26890
27685
32146
135842
132208
131343
77493
58892
62852
83067
86335
77197
49029
45694
114581
126056
123091
139085
124734
71039
70742
46020
122991
75143
74012
64870
85700
80853
80837
60331
39570
120580
125566
154465
41126
59995
66684
34568
193136
182513
156359
160664
160813
154189
159188
52754
50499
82868
192781
205704
204566
172163
127991
134577
87040
91887
44679
40429
64155
50307
171959
197132
72315
79940
64875
66257
53867
127986
176709
24417
22836
23193
23290
155473
124016
122665
162323
41687
26440
210576
226627
192276
19914
19456
71120
71133
143635
46155
46619
42723
64631
53077
55886
20984
27299
25148
69144
70752
79488
140496
155332
186008
181237
71806
75225
91047
88797
80109
91841
85462
79923
37907
41259
59885
29339
28864
16455
122369
78972
