161556
165077
152908
66685
92715
94711
90295
120846
197035
190931
188609
123042
130634
131127
140506
128456
137068
40718
168311
136865
46986
48139
24315
125103
87638
62219
58532
47212
59691
59263
59759
93980
70254
91085
70897
142342
150291
26906
24227
25185
116962
91322
72654
35383
60857
55551
30518
27923
31937
84264
22533
23988
45498
43305
46739
47325
158719
151393
90531
70245
51788
49826
72804
136767
133618
157637
194604
176326
246933
281946
64648
119772
87222
160970
156273
290146
307540
245894
141509
235864
147129
57210
57350
47802
125887
41277
42542
43663
41131
44965
67761
93977
91665
267969
289265
284933
43329
40419
55360
244061
263289
251795
140373
154368
154279
50908
43165
44173
47704
86136
88733
89314
143273
144247
125856
57034
71595
34114
39160
47743
42310
72389
66201
54857
67135
57859
87364
132211
82334
52928
48511
147678
23668
23331
19954
125372
63809
143760
26778
21488
29289
66167
69283
59686
60178
38833
142580
65130
19933
19381
175093
180113
145446
134323
46236
34516
36759
31043
90067
124502
145614
169867
136379
116597
69993
54859
58022
62897
29856
126747
285841
252966
66744
33361
48384
92235
135790
61510
62220
48147
32773
32327
31838
49621
75456
89327
45999
43486
62967
94046
168148
166639
161425
27599
27108
32331
134848
138686
136461
79170
58193
61568
87442
93119
77965
52244
48225
118679
139867
132424
144501
121929
75430
76144
45864
128147
74900
86122
58755
93472
84485
92211
54532
38408
129710
133971
169580
40773
55343
65395
34960
240327
210010
173901
173310
176486
164817
160658
48680
51357
87365
198215
257574
238907
179343
138679
137849
89538
94880
47169
42395
65805
52601
202720
245751
71629
89546
71237
68151
58742
131985
175431
23445
23092
23909
23860
172044
137514
131870
176004
39409
24262
259359
268422
251402
19943
19644
70814
67217
153138
45933
48455
42628
63514
55699
57579
21271
24702
24850
69779
70033
85716
144170
161659
198727
201631
68221
75485
93497
93355
85144
93822
85923
78117
35083
38944
55587
27869
28890
16385
128291
76106
