194706
209838
193654
80770
114448
133661
103465
145579
218088
243572
227132
161158
178939
171668
165602
171337
151439
54685
203941
143811
51699
48940
28992
122774
91398
68667
64066
55504
69550
71636
69505
99158
85924
98043
86678
165842
163265
27834
27949
27226
122981
109045
78344
37727
73480
68308
31933
31663
34192
93489
28172
26879
49709
49010
50142
48116
185652
164250
102138
80847
56644
48716
84998
161039
151674
180762
218231
194847
243372
331039
71400
144737
100084
175284
174020
319027
339125
248207
153531
239209
181470
61619
62426
50518
125359
48426
59164
44474
41046
46474
79095
99832
95284
260287
290456
283472
45960
45105
68259
252965
256698
259080
138180
173272
154494
59465
46341
45770
47283
97345
99791
102308
168980
147878
130643
67097
74376
35509
42704
57384
44395
80084
74476
61311
78656
64999
89150
132174
93941
57365
54269
142005
27951
25644
21624
118719
73957
142361
28779
21824
32039
80945
78969
70019
70112
40890
175021
76714
20417
20739
187179
227394
162295
146266
49968
38280
42493
31505
106549
139392
136901
190913
147406
104399
74045
61494
60292
80956
36915
149708
259239
270649
75633
43515
50125
91164
162276
71663
69975
50359
33372
40166
38316
51617
79729
118408
54524
43345
75081
112298
149026
155319
158953
30340
30872
34574
135914
147900
140630
87056
65845
72315
92080
98562
82148
55438
48662
119664
127057
135258
149435
119731
89161
84397
49250
125081
81134
84618
68619
93469
86515
96789
64138
42754
130704
133424
188323
43870
62950
74794
36252
221305
218147
190095
192494
185942
185560
176256
58864
55661
97240
222300
254802
237346
202091
140551
141653
100787
99305
48625
42660
77483
70006
231713
286588
77868
108187
93942
75864
73844
156331
193688
25411
23084
24309
27336
181743
156765
118416
188063
43670
27176
361144
263454
291213
21462
39362
91287
102591
167356
53803
64857
53693
79918
73644
70257
23522
34713
26557
77071
81332
87645
147535
202510
209816
224558
82728
83725
94979
96073
117551
104161
91011
85383
39755
44819
61386
29762
35341
17084
129722
103483
