152047
152568
138995
69532
81848
86706
82926
114220
188772
184922
182375
129711
136474
139538
138786
129602
128418
38321
149079
131875
53011
44153
24599
127488
79634
61667
56270
51087
60414
63128
59803
84748
76845
85261
71825
135057
138042
27834
24457
26195
109738
91903
76487
37701
67128
58442
30802
30218
32843
105336
23638
24318
47761
42364
46126
43680
167325
149620
93203
70378
64164
47772
77134
127911
130827
158756
190902
167962
211794
249296
60827
120286
89230
150295
148432
252264
272888
235250
142549
202474
142908
55714
58288
47238
124805
41539
41130
40520
38683
40442
73527
88055
85412
224783
256224
250966
42616
40106
54273
225266
227232
225033
124850
141667
131816
54674
42582
40800
45447
86134
89960
91497
141732
129955
119890
52957
65295
34953
43382
49375
43710
71470
64003
56389
68001
59363
77318
119230
89419
49869
47754
109263
26663
24211
22606
120766
73257
104508
28101
21040
31091
73667
74324
59985
61219
36301
138927
66091
20200
18953
149125
168267
127883
113485
48293
33483
34655
28884
82789
100344
130431
137720
107807
115368
63689
52450
56094
67626
29527
128774
220908
199245
63555
33004
46165
86183
119658
68239
59213
46668
29980
30138
34101
48332
75998
93186
44098
39799
60156
89107
143180
136185
151757
26469
25631
31731
126226
127080
128436
72609
58478
66787
81894
87730
78364
51299
43367
115699
122793
121401
137287
120087
75752
78335
47087
116545
69769
75429
61233
81571
77537
87710
56027
38436
118708
121045
150299
40169
56359
64552
35239
196259
187277
151478
162991
162802
155826
143329
51036
47951
88679
188759
221935
208893
170125
122970
123220
82787
84840
44002
40642
61864
50691
186016
210905
70205
79811
68569
68814
58917
125017
162980
24591
22797
22914
23607
162122
125314
113566
161989
43406
26865
228325
229138
204672
20136
19789
68009
75319
138771
43908
46180
43430
59883
54466
59431
20233
24537
25150
71234
78150
85883
145095
162074
178768
208181
73299
79200
91375
90451
83985
90775
82920
77747
38077
41243
54402
27052
28440
16213
116419
80008
