206079
172022
149868
81135
108330
101257
106475
121912
219602
213221
208590
145056
139281
139356
148042
133959
133949
41325
172936
144651
50320
50296
26835
124437
90482
65090
61635
56019
72051
72561
68705
99412
87246
98488
78092
138344
137220
29140
30607
26401
123580
100635
78551
38617
70785
65501
32134
32138
34385
91227
25421
26015
50274
45996
50470
47378
171519
141787
112116
97087
56267
56030
80880
131026
166806
161179
242731
202475
275631
313626
75568
156717
110613
199498
173496
334136
323045
249579
154814
240857
164408
63156
62377
48267
119966
42376
46434
47633
40985
44620
79730
101293
92927
255811
296236
287288
47587
42940
60676
259135
256265
260988
136286
162504
148362
58671
46533
45209
53166
99664
105540
100890
154871
147981
141965
64253
76867
36119
42076
51758
45971
77981
75856
74116
92253
74798
90511
131941
103876
67096
62137
136710
27168
24267
22844
148701
76809
151282
31251
26660
47679
76323
101712
85774
77419
47253
169276
76255
33523
21219
218386
205234
182273
149138
50426
34923
37331
33093
92456
131713
157588
188608
133784
123634
73264
62104
60658
72995
33048
134102
271665
249641
74518
35638
48998
90350
148964
73297
70415
50586
33697
34892
36825
51074
79144
102938
48902
43927
66623
96953
165900
173967
169326
30157
29971
35607
129979
142125
142590
85412
66585
72618
108910
94777
83170
54120
48098
129980
142723
125554
169972
139713
101164
81175
49392
123277
89872
88832
72417
98840
99810
103255
73760
45656
127162
156502
191129
51346
68853
95761
41302
230290
210319
171673
190767
192902
180561
177585
53771
54174
100365
221607
249031
229179
189303
133598
145473
102820
101980
48353
44158
70831
53723
207297
243357
81170
93537
77784
72573
61223
140833
201110
24964
24119
24549
25673
195239
149672
139897
185851
43352
27973
253172
268161
234133
21278
20506
77278
81593
166973
48858
50386
46609
69461
75525
69332
23112
27025
25109
75930
81927
89680
150152
173127
203499
216614
84307
82474
97925
96088
87598
115130
87662
86009
41800
43547
63485
29065
30387
16665
133279
86566
