155881
155061
143517
66453
83622
90525
86465
118769
185632
175260
174013
117876
134299
132603
141374
126118
122269
37047
150562
125365
46951
43986
25419
114793
73965
56954
58481
47677
64531
62367
65174
88712
78163
90532
65897
137499
147755
26839
26702
24768
113307
91876
67616
34402
61548
56795
30116
30844
33696
86786
25148
26281
45278
44910
45569
43336
161894
147864
85558
69445
52075
50592
72978
137367
133383
159478
183082
166877
206187
237832
61269
117922
92681
180416
169931
266070
286149
225608
139951
207635
159911
58583
60163
48412
126397
40632
42833
47347
37402
39861
71683
90257
78766
217004
246487
236368
42314
38529
57139
207846
221242
213831
125215
151543
139645
57349
43106
43764
47445
85289
84289
83413
138503
131345
123286
60069
68723
33925
40963
52461
44433
75694
70208
57986
70380
55367
80457
130502
81560
50953
48156
127386
26992
23257
20783
108050
69212
122145
27439
20903
29080
73341
80955
63790
62941
37489
132579
61915
19164
18343
160409
170150
137048
125858
46609
32578
35444
31134
75733
114093
135745
166249
123435
110426
63488
54855
55253
66478
31490
119818
243319
211068
69343
32816
46335
85469
135108
68794
63148
44007
30025
30428
34672
48616
75162
84626
45669
40930
57649
84766
156834
151895
148246
30794
29375
32911
121330
128070
128676
76442
58969
64070
80224
86835
72272
48328
44763
108762
130990
117599
135751
109436
73445
71979
47049
109652
68682
71582
60800
79621
73716
81535
54942
37442
113229
120062
147650
42504
58758
66014
34403
186651
182815
144551
157806
158694
150979
145942
61945
52096
81221
185731
220487
199125
173854
171814
144499
90749
95533
52208
44217
72457
54257
185885
220712
76819
99773
72861
68567
57304
114954
161349
24367
23042
23158
24604
164636
129831
110626
160439
44623
27898
218465
217310
209356
20897
20007
65531
67237
139576
46314
44543
41632
63082
56193
55429
19997
24420
23752
68516
77751
85373
129329
144080
175575
185725
74347
82105
92880
97826
89494
89688
78311
92669
39889
42526
61296
29393
30566
17386
103873
100799
