188575
179133
163751
78947
104383
115108
102783
146004
226133
222330
216449
155030
154558
156933
205605
161724
191390
63721
187199
151313
52057
48932
27878
148452
104324
77392
86517
75243
75073
78523
68045
104875
96722
142099
78162
165685
162820
46096
29685
29399
140614
141579
97321
44172
68841
63964
31591
31817
42158
133816
26230
25770
58827
49165
64849
60438
176866
187032
120583
89350
81267
52719
84895
153856
149630
180153
230837
214027
271795
312771
71067
130718
104102
172094
157737
322980
330304
278798
148987
258587
162308
64867
66165
51625
138697
44403
45324
44937
44047
45485
79286
105372
99843
288415
315303
319741
47632
43640
65180
279500
287082
284057
145502
165137
156245
55423
44588
45958
50788
100090
106434
109462
154824
162799
150549
62347
77209
34585
43447
51973
45921
80431
75816
61740
74851
63932
98911
147967
97868
53822
53826
154525
25145
24395
22284
128130
80144
149926
27416
21516
32109
91420
79789
69914
68424
41168
159881
69100
21035
19494
192295
203642
170249
152134
46465
32989
35658
30532
94836
128999
157722
186967
120100
129894
70466
57602
60851
73579
31407
146411
311241
275565
72315
34069
50314
99072
150612
67964
67470
52209
32812
31166
35019
49472
78487
106069
48889
43826
67640
102406
172047
173651
166628
28720
28062
32187
138004
145908
143432
89062
67929
71592
95086
100806
82998
53524
48799
124626
137242
147242
157111
131608
85763
83076
50028
129724
80693
93563
67857
102370
96242
104640
63914
45328
145169
137131
166585
40766
63400
77989
39371
248299
216729
200238
200689
195798
178999
178578
57947
61781
124676
253313
367921
281292
200809
147357
149790
98436
106066
49585
42600
70761
56663
241264
271283
82479
102372
80698
72785
62763
152240
210557
28218
25269
23980
24795
194348
163290
145827
186387
42718
26300
289058
313881
261294
21647
20978
74090
79058
168905
47352
49451
46971
73348
57600
61070
21799
25062
25608
76010
89072
96303
156760
171026
213633
227084
76995
83201
98961
100942
90937
102875
99946
84034
37699
42151
63156
28708
29296
16781
149186
83216
