39615
35034
25179
15618
18147
20117
18869
19965
43427
41471
41488
21699
23256
23317
24836
22939
22591
7961
27237
22108
9394
9100
5115
19846
17962
13226
13515
10938
14877
13828
13708
18963
15709
20363
15454
26178
24684
5199
5326
4936
19606
19558
15077
7537
14081
22771
7660
6314
7223
21011
5078
4912
9486
9023
9204
9121
34979
26182
19662
15500
10286
9556
16274
24236
24529
33281
45476
38890
56851
67186
13846
20994
19229
33316
32629
67657
72240
57030
24522
49562
26782
10934
11089
9494
19723
8071
8366
8430
7916
8297
16776
19303
17763
58926
65528
65320
8873
7910
11042
53199
55720
55994
21753
27199
23662
10697
8675
8615
9381
18539
18562
18167
23947
23161
22079
11059
14981
6943
8336
10725
9017
14600
14759
11315
14029
12596
17276
22475
17854
9812
9725
22558
4694
4463
4216
20179
14743
21635
5287
4083
6396
19202
15871
14022
14104
7592
24442
13685
3821
3636
36849
38350
23619
23309
8734
6961
7335
6579
17954
20801
25737
35876
22469
19893
14494
11147
11262
14534
6554
21680
62231
53257
14403
6817
9203
18981
24217
13837
13289
9083
6612
6551
7175
9184
15511
19045
8942
8214
12724
18846
32361
36094
33636
5887
5727
7003
21544
23384
22648
16023
12706
14420
17837
17696
15668
9808
9067
19887
21562
21484
24732
19823
15643
16031
9080
19710
15890
16525
13572
18299
16693
18765
11493
8175
21737
22037
28557
7957
12291
14274
7060
44772
42460
27596
35785
35153
34627
26523
10291
10130
18864
44267
54791
48913
39160
22114
21523
18469
19453
9102
8215
14034
10250
45871
49463
14831
17165
14337
14315
10716
20577
36486
6331
4435
4457
4559
36311
22823
20170
41896
8104
5187
56463
56220
49037
3971
3786
14294
14867
25700
9112
9399
8742
13474
10331
10826
4544
4805
4799
14528
15684
17116
23286
26589
41630
44917
14937
16233
18274
18084
16956
18299
16778
16291
7481
7786
11015
5245
6102
3339
19857
16065
