166522
164772
149342
75931
97556
100153
93837
115904
211090
199383
204768
135230
147899
146459
145270
133696
147699
44601
155006
129389
56053
48961
26746
119074
88249
63848
59970
53963
69510
70983
69430
95874
80713
100658
79063
144492
148717
28677
27214
26506
128436
98719
82643
46634
70846
64888
32699
33552
35867
90247
24951
26251
51959
48338
52701
49017
161492
159207
101619
82668
55056
50910
85470
139573
137229
164064
208852
196195
238811
278163
71732
134648
98720
169028
160294
293323
298119
254325
140237
223693
155820
60567
66369
59326
118875
45680
47275
45856
44784
46917
82814
103443
94213
260518
293386
280064
45785
42096
60378
240102
252606
250136
146479
153957
143903
59258
46726
45499
48551
93422
96766
97795
141397
137252
132333
60170
79335
37578
45151
51064
44121
74556
75922
60443
75641
61130
88950
137455
92728
53863
53791
151382
25994
23795
21672
121205
74307
141449
28109
21940
32343
77083
76414
73524
73369
41185
156443
75262
21987
19713
187843
206824
150463
150065
46445
35077
37699
31458
88843
127478
159433
180120
132540
120713
77656
62854
59352
74728
33717
129691
272837
237952
71420
34688
48641
91526
145143
72796
66005
49807
35436
32874
35589
53228
79037
97576
48404
42811
64969
94836
157229
170179
160257
28857
28502
33933
124311
139254
138097
89590
62912
71431
93548
98220
84027
54175
47964
121731
123238
117148
154415
109134
91836
82978
52192
121253
83241
84411
67703
108913
100184
108285
71229
49191
180127
132544
179691
43566
65434
80695
37281
227997
213001
164238
172402
189564
182212
153064
57601
55062
136340
239932
238917
229772
185896
140935
138291
99043
97451
48113
43338
68531
53124
217929
270973
75942
92708
72739
71744
61314
128836
190310
26234
23258
23945
24736
172685
141362
142909
183695
44886
27398
257117
257227
231915
21170
20194
74880
77962
155291
50076
51082
45146
66433
58266
62744
21504
24891
25237
78751
84004
88342
143085
160703
201733
218881
79603
86666
93207
94130
86605
96159
86263
84839
40290
41800
59300
28207
30510
17161
124843
84058
