166403
159101
144066
75333
92682
92135
86129
107976
178581
177675
182100
121065
124178
121201
136866
145328
121550
38603
142955
132264
47148
46471
26002
110841
75777
62267
59641
51109
65111
63596
64561
87075
73990
85931
69181
142764
133422
28711
26227
26241
108576
94874
73542
36231
67963
61955
29948
30605
32146
81069
23419
24559
49494
46709
49348
47555
145259
136314
85227
70375
50288
48258
76372
130399
127723
156591
178515
173640
205321
227448
68596
127387
91774
157302
148707
249458
258549
200520
128950
205419
146562
58207
55604
44711
111354
45198
44234
40185
39269
41142
71289
92512
80051
220901
231542
238074
42574
38408
58803
209582
215517
213934
119401
155870
142691
55118
46115
46514
44260
80780
84063
85048
129129
128767
120226
55790
69898
34315
41550
48313
42201
73049
70187
57834
70132
58750
83760
125253
86276
54905
50797
130060
25837
23873
22920
108129
72372
117579
33539
22279
32407
70865
72589
64440
66021
37874
141762
66483
20252
19618
158329
166329
131275
136623
48419
36503
38410
30363
84505
113633
131000
158852
120082
113517
72192
52597
53871
63928
30636
119504
241399
213174
69614
34223
47362
87227
123083
68822
66366
45424
31712
33504
34533
49487
75357
91144
47970
44544
65763
81833
154037
153864
147347
26667
27464
32679
120439
124241
126973
82242
68630
65262
83016
86177
77413
52582
45957
111667
118773
131654
132050
109202
75103
83938
47412
117427
75903
85503
67801
85987
82461
88776
60216
39718
126955
118462
144199
38330
58821
72257
35579
191740
186592
157801
157046
165669
160680
143632
59898
56551
84981
175731
216247
201780
175906
131768
126582
95773
95553
48341
42606
67203
53944
174054
201663
74369
84674
73212
68148
56983
113528
168453
26048
25898
25588
25297
159605
122802
119945
163591
42854
26595
218280
227482
203511
21913
20480
74304
70902
139193
58132
48931
44470
63901
54560
57696
22211
24612
24310
68876
69465
84423
124526
143750
179572
196264
77074
79057
95024
94350
95250
94667
89972
89009
50192
41139
70733
33471
29702
17635
115424
72213
