148129
147267
137804
73389
90808
93948
90921
118092
184929
180489
173816
118512
127363
132840
130356
136484
123371
40531
145019
120072
54541
50185
26857
122431
84308
60864
58927
51152
66282
66185
68882
88992
80064
94172
67078
138849
134722
27554
25983
27154
107260
86108
72747
38330
63015
60209
31633
30745
33706
86266
24733
26319
51121
47694
51010
46616
154681
156031
95814
74756
53474
48926
74560
128272
136100
171333
187571
170923
217292
230876
66262
115246
94468
160884
149367
252820
257378
205950
131032
204679
151377
63770
58471
49988
116342
47764
43228
42801
41638
43043
72459
97337
91176
227008
244623
245573
44328
40997
54967
222290
215850
218002
128311
150893
140490
55585
46312
43032
45035
88431
84913
83459
137341
132296
133738
58715
71518
32758
41019
51011
44479
69671
69055
59327
66748
57723
77392
122407
78996
49596
49782
132800
28127
25479
22584
115921
71743
126048
28811
22750
34873
71324
74443
61512
62006
37632
132690
66908
20492
19525
160946
165901
133907
127518
44784
34223
36962
32677
82636
112492
136323
158232
126142
108442
69927
59937
55184
70870
30719
124379
231144
210873
63499
32317
51088
88385
128740
66953
64404
49168
32471
31424
34821
48949
75383
91509
47970
39899
61601
88882
150170
158775
156147
29595
30081
34083
127408
131587
134896
75578
58545
68170
80634
84884
73578
48163
44605
108662
117723
117293
132579
111436
76760
78781
49988
116245
78254
79656
62714
86156
81461
89357
54846
40140
117435
119441
162597
40893
62432
70963
35855
188794
179080
152817
156656
157440
153237
152298
57388
55288
97454
180921
224428
208952
169477
130173
122180
95412
89638
45427
40610
64021
52341
181049
202298
74598
83433
71341
67857
57882
106234
145601
24928
23548
24769
25629
141464
124571
100996
152850
45364
27213
214325
235672
207682
21627
20483
70196
76545
143325
52553
48409
46725
64109
59930
58347
21396
24933
25142
69944
74647
85113
130657
149451
181932
185142
72233
76193
89755
87579
79269
91429
98802
79140
40395
42239
60872
27676
30592
16086
117440
73888
