181897
187425
172032
82371
103708
107939
108989
138792
230271
215291
218710
156620
156710
151449
165744
150296
161518
41741
184589
154885
54165
53454
27833
147839
94113
67222
61892
55381
71005
72948
68249
104350
85530
111019
78036
162400
166124
29444
29171
26716
142346
108578
83751
38935
72131
63095
34861
33262
33354
94520
24506
26532
50390
48060
56627
50538
180492
185746
105928
93107
57172
52400
86426
167185
169782
187326
241512
208374
274835
325486
72738
138858
108130
180907
178660
331909
339046
288819
152195
273843
184819
60268
64912
53618
151185
44582
49371
48297
40968
46242
82096
109858
97615
301860
331748
322099
46983
42471
63697
279995
292572
292521
148785
179001
164126
57118
50395
46532
51475
104009
109000
107840
160788
161144
158345
63010
79793
35207
45434
52139
48163
77289
76633
62846
73136
62326
90043
160798
98752
59995
54171
164306
26072
24162
24379
146978
75824
157233
27847
22788
32505
77495
83561
72374
79189
40363
179670
76502
27092
19212
189546
208662
160734
158294
48078
34604
37750
31608
94433
148992
173978
193216
160622
144642
77550
61281
60849
76524
33299
144601
318260
282950
72826
34511
51571
100113
170037
72867
67483
49637
35634
32136
35188
49998
76840
106124
49040
46178
65901
103198
180056
177792
187772
29160
28062
34266
151283
163198
159511
84514
67604
75147
91546
120067
85017
56022
49146
131505
157747
141909
158087
143879
80601
84339
52254
145314
87722
85662
71187
104290
88097
105431
64753
50202
153913
143288
177291
45760
62415
73717
39981
222291
220188
180948
184642
195001
182190
165351
58260
53877
105399
223551
283992
263793
199708
148214
163772
120830
110075
49122
43124
70013
54865
216747
273260
82897
95639
80924
73200
61021
140597
186655
24231
23943
25392
24118
184710
150303
140475
188729
43539
26500
291182
296720
243194
21301
20748
78200
76156
167695
48906
53018
45599
69933
61566
61493
21737
24640
25683
75622
79778
88189
155496
171441
214044
229801
76982
83621
103464
108872
87701
105688
92069
85208
52303
40148
60951
28075
29438
16507
140903
88764
