158136
161355
136898
66564
85571
95384
87352
112668
182120
181919
177266
123027
125811
129081
130741
120788
120653
42379
155528
120842
45046
43465
25165
126534
80442
62077
61880
52363
65213
64112
66618
89284
78147
87320
70987
142818
133494
27619
26289
26365
116001
92742
68520
35312
62065
59736
31435
29737
33788
85119
23293
24852
50687
48239
47599
47918
145619
142818
84467
70231
49666
47779
71201
124568
127823
150030
174602
162156
214045
241961
66258
118463
93015
158496
155905
231516
253904
199162
131564
201469
142530
61491
58481
46732
110511
45641
42224
42058
40611
43543
78287
91658
91813
221220
245979
224972
42340
41315
55555
207384
217388
209849
120603
138876
132356
58327
47051
46731
46780
85548
91205
93115
131103
130308
122265
62116
72346
34675
43481
53443
49667
74098
71395
56876
69424
58915
85509
132961
90733
50179
51346
134771
24269
22993
22520
118989
79060
123327
29936
21003
33571
66435
72216
64321
61701
37758
138541
62046
20300
20744
173757
163037
129399
140714
47765
33374
36631
30071
82264
112148
130705
169569
120525
109917
71253
59246
57970
67420
32523
121343
229604
204488
68387
32556
44186
80332
128067
67689
63230
48588
31544
31094
33014
45253
73905
93232
43826
39774
60703
81826
141441
160893
151818
28605
28568
31908
126321
134195
133722
75803
63233
70086
84969
92597
79166
53063
47002
120614
131844
125413
130825
110104
80378
77599
48271
114189
72785
79819
63492
87404
82416
90543
59729
41627
115575
116833
149112
42728
62648
69853
36124
189938
181763
159938
169138
160585
157915
141307
55450
54905
90216
181886
220277
190425
164460
122187
125193
95123
94877
47802
46618
72313
52587
183559
243005
88265
102366
72314
68003
60599
114384
162274
25811
23986
22685
24035
163191
129285
109963
172671
43003
26880
229650
219450
190848
20178
20500
67186
72924
140364
48259
51284
43582
60692
51631
60651
21896
26836
24859
70314
79414
81359
131218
143948
171934
191466
73501
77507
87275
91967
80079
90703
84010
76759
40631
42234
59514
28376
29295
16723
123162
78937
