21610
17048
15202
9504
10310
12834
10347
12331
20365
19492
19275
12662
13497
13852
14325
13352
13483
4652
15819
13530
6066
5819
3256
12234
9771
7541
7233
6322
8064
7996
7863
10482
8986
10605
8448
14144
14209
3264
3166
3047
11837
10837
8646
4289
8017
7369
3699
3837
4541
10342
2984
3149
6387
5913
6310
6060
16258
15600
11632
8893
6395
5926
9001
13885
14514
15886
20909
18452
24706
31747
8157
12700
10937
15817
15797
32129
33528
25497
13755
23406
15314
6916
7044
5913
13205
5282
5084
5072
4778
5123
8802
10917
10150
27894
31633
31669
5612
4792
7005
25329
27669
28048
13078
15182
13959
6877
5242
5038
5685
10483
10880
10736
14078
13829
12904
6854
8431
4058
5246
6112
5330
8478
8387
7080
8135
7784
10711
13644
10528
6335
6242
13339
3009
2861
2577
11716
8309
12869
3353
2339
3791
8666
8529
7943
7985
4432
13876
8051
2232
2052
17149
18400
14141
14019
5517
4067
4186
3667
10064
12225
14348
17188
12922
12036
8319
7122
7009
8303
3896
13262
29852
26587
8950
4058
5841
10434
13893
8136
7985
5924
3921
3793
4140
5863
8816
11022
5633
5003
7512
10743
15543
16123
15637
3596
3240
3843
12900
13765
13983
9422
7348
8144
10210
10463
9210
6168
5769
11800
12948
12825
14340
12179
8800
8976
5812
11829
8891
9307
7755
11161
9536
11776
7031
4655
12595
13010
16156
4716
7242
8621
4177
20913
21351
15544
16748
17394
16444
15203
6916
6745
10898
20888
26752
23079
18159
13095
12778
10716
11067
5570
4703
7909
6468
19430
23231
8720
10036
9092
8403
6989
12695
17599
5467
2853
2982
2850
17154
13404
11884
17567
4936
3208
27281
28705
23030
2354
2291
8219
8719
15017
5838
5869
5247
7775
6760
7001
2665
3070
3090
8269
8914
9855
14281
15657
19632
21324
8750
9552
10535
10483
9672
10763
9816
9483
4486
4669
7215
3468
3539
1898
12246
9504
