152655
149018
136454
71412
82478
93332
87075
112191
187519
181057
182204
125076
127245
127193
133245
125107
125813
37348
143994
139278
50386
44391
24934
117862
80707
60261
57171
51859
66069
64965
59943
82618
76260
85204
66985
125959
130516
26157
24821
24254
98011
97268
77594
38403
61443
55632
29837
30362
34124
88135
22990
24069
45940
43402
45441
45378
158224
125577
94034
70969
49134
45057
72400
112368
111597
147526
190307
165712
199507
256039
66480
119764
90984
145121
150507
260232
273754
232930
142559
207118
154957
54871
58383
44017
117453
38069
42364
43228
40797
44608
70965
90941
79573
236048
247174
251840
45000
38025
57355
228856
222497
224038
122797
146090
139882
55265
40962
40914
45345
81107
83982
84674
147159
141272
123927
52848
71474
32818
39275
46679
40202
66783
64748
56952
67850
54353
82209
119445
86706
52221
49466
135020
24108
23070
21462
108515
65481
120620
29168
19920
29232
67778
72279
60296
60750
36056
146127
64678
20363
18151
159958
173757
129431
128326
46760
33519
35008
29685
77826
116137
134210
161002
122966
114116
72604
57386
53602
62861
29833
130765
248657
216460
64807
32845
44807
85367
127058
66063
61092
46675
30725
30133
32991
45210
70640
85199
43121
40495
57430
85763
157100
152694
147419
27897
28201
31833
134652
129855
129548
80065
55894
65737
81782
84975
76343
49548
43295
116547
119673
118317
130649
111351
72490
76886
44317
114444
75081
79345
59327
81655
78478
81897
55202
39306
128067
131840
146170
41949
55774
70034
34832
193955
186848
152673
158372
163090
158046
141424
50365
50764
122355
192191
219617
207296
155307
107353
107039
95605
87469
43941
41032
64689
49667
188253
222012
76137
82969
65784
64652
55326
107186
143081
24126
22869
24347
23638
138544
141384
120018
145701
39314
25996
229011
237053
206030
19896
20363
68187
68392
142884
45754
46852
41765
61718
52681
52945
19896
23073
24103
66500
72313
76847
130055
158060
205942
197462
68926
85838
82298
85626
82914
86557
75818
72788
38118
40179
54608
26874
27307
16611
122667
81116
