43817
39542
34237
16877
21070
22065
21268
27690
50818
48692
48942
29454
31200
32686
33631
30752
30825
8738
36816
30583
11499
11467
6109
27467
19164
14706
14828
13115
16422
16811
15280
22089
17755
22019
16518
34870
33491
6233
6116
6053
27591
22422
17224
8211
15438
14397
7872
7039
8139
20166
5734
5988
11882
11379
11617
11439
38952
36056
27456
18402
12776
11844
18256
33207
34990
38528
53538
45979
65009
97650
15690
29566
22978
37962
38291
100712
105465
66999
32166
63768
36242
13436
14087
11794
28902
9144
9597
10000
8977
9873
17778
22929
20887
89496
96799
96177
11115
8971
13704
67592
88421
70953
31181
37269
33258
13272
10797
10671
12799
21352
22250
21992
33724
33380
30225
13544
17163
7848
9682
12159
10834
17146
16649
13890
16433
13988
21103
31070
20976
12484
12125
31952
5670
5755
5309
27353
16310
28667
6262
5113
6949
16791
16793
15185
15375
8309
33209
15345
4305
4120
42567
45434
33253
31773
9525
7468
7708
6813
19130
28240
33931
41121
30228
27266
15830
13204
13385
15482
9048
30385
93937
65296
15823
7555
11418
20803
31354
15364
14719
11330
7361
7188
8657
11632
17498
22522
11341
9199
14217
21352
38379
38807
37533
6648
6552
7596
30152
31752
30998
19239
13934
15649
19623
21698
18088
12262
11262
27172
29232
29030
34976
28368
18002
19273
11456
28866
17799
19321
14636
21313
18719
21511
14233
8861
29197
30739
39739
8695
14217
17024
8243
54823
51435
37117
41826
41977
41101
36495
12960
12936
22540
60961
69631
60115
45213
30457
30268
21717
22369
11067
9631
14891
13176
49579
60539
16634
19557
16134
15612
13858
28328
44536
6137
5372
5504
5679
42340
33804
28133
42871
9110
5955
87045
88815
60372
4417
4353
16849
16927
35245
11254
11513
10930
14729
13413
13131
5113
5862
5755
15810
17604
19463
31730
37407
49845
56550
17386
18403
20968
20498
19635
21609
19198
18594
8211
8634
13575
6336
6691
3719
28904
18791
