168522
163391
153217
67168
82059
85163
84030
113704
189429
182100
180701
114674
126960
135684
135684
124392
131132
42549
152515
132850
50002
47422
24471
113989
83776
59021
55797
48933
67036
62251
63657
86605
72261
83501
72497
146783
133680
27848
26527
24190
106833
95847
76508
38147
68494
63077
31959
31532
34052
91058
24649
25647
45391
44548
48729
46757
156296
143721
91705
71148
48796
44960
73931
129552
144428
156527
195301
173946
227286
246898
61233
123880
83733
154597
157828
265304
267160
224135
129561
213690
150422
57023
58353
48254
112481
37788
43615
40494
37401
40050
73857
93576
80621
239393
260888
257097
43903
40414
54674
229854
229841
232038
131056
147531
134719
55589
42809
41162
44225
87880
92136
88777
145727
133321
134193
52940
67553
33261
38995
49438
40685
68368
69427
59635
72860
61798
84019
129044
78911
47951
46376
135903
24798
23731
21937
112353
73859
122162
26584
20238
29333
68660
71303
65813
68008
35821
134796
67825
20849
19726
170282
176824
136856
125754
45790
32449
33858
29895
83912
128547
134689
164379
135429
114106
66430
52560
54720
64817
31322
121667
261846
238612
64713
32010
44344
79467
136310
67247
61645
45675
30304
30749
32610
47590
72116
90389
42723
39446
60243
84101
155560
172273
156221
27792
27702
31342
122278
130433
130521
81131
59922
63565
80337
87724
77915
48667
43798
111732
118172
115400
131744
122809
76128
75059
44183
111078
75042
73072
59866
82856
74823
82733
54298
38892
118776
118488
146151
40674
60357
67738
35465
205173
188371
146957
167421
166703
167909
138371
54950
49910
83723
172113
218403
205990
163037
120360
124250
89424
84676
42241
40531
63503
51495
198531
205361
72709
83457
72588
69527
59235
114989
176718
23213
21735
22432
24147
164012
120554
112272
168918
41023
25849
232710
246441
217114
21169
20034
68384
70287
143519
45271
47274
43811
59722
53228
55456
19984
23358
22677
65520
74604
79149
128786
159811
193675
197226
72844
80828
86182
84929
75614
87299
82480
79617
39422
41096
55084
27423
30064
16998
118133
73244
