158438
149239
132382
68416
82813
86393
88898
103936
173667
179525
163998
115504
130081
130118
155351
133562
143002
40349
150797
132930
46187
45706
26089
111320
80392
57726
55138
49690
64216
65912
65342
90017
73157
89113
66073
135501
142788
26729
26895
25161
111692
92887
73564
35002
63120
57135
30997
28944
31303
85720
23495
24306
48459
42421
45014
42275
156233
149766
95497
75009
49718
46317
72068
140812
133041
172794
194418
180958
226149
289746
66780
119074
85609
155206
163812
291248
299790
228742
132531
214517
157095
58178
59712
44452
118263
41467
39937
39490
36609
41001
68288
85665
80061
248872
281008
286777
42605
39128
59642
237859
235270
243409
128394
147978
141880
55685
40416
42325
45506
86826
83607
83723
140831
137218
126613
53731
65964
33465
38653
50453
43222
72756
70908
59136
70017
60349
82373
129204
87171
52250
52022
132492
23654
22214
19702
114174
66697
127874
25532
19562
28721
66527
71372
63167
67526
36588
140877
62292
19087
18170
169679
177370
140412
133127
45692
32849
36118
29591
83430
114351
141878
162327
129385
112770
73291
58361
54670
64843
29738
126843
274098
219675
69495
33198
44706
85457
130846
66256
60097
45997
30308
29696
32385
45885
69058
91538
43424
40727
62701
88291
145226
135677
154578
28350
28738
29868
119492
129633
118071
85508
56839
67291
84498
87858
72395
48395
43349
109102
117894
112193
124971
103337
71237
77429
48015
112318
77910
74062
64778
88807
79429
89472
60759
40346
116557
122902
159365
39946
56198
73073
34916
200786
191323
156482
167310
169350
161936
156803
54590
49616
87816
208424
231536
214653
175098
131020
130657
82176
85838
42115
37753
61434
49350
182972
214267
68054
77550
69086
68709
55840
114856
169517
22649
22216
22780
23485
167401
135129
111008
169541
41045
25414
231038
240868
206188
19585
18714
64222
70065
145722
42489
45046
40383
59645
53154
54898
20012
23248
23802
65752
70304
79389
135995
160414
180763
196934
72906
73101
81420
85405
74641
89703
77702
73194
36254
37820
54239
26627
27382
15789
119819
81149
