131670
148512
142739
75550
85371
90864
97553
115971
228069
220640
194559
153027
136176
118570
149207
140259
143351
38775
169049
140541
49600
49148
25971
128506
91998
59087
57353
50236
60019
60581
64079
90137
80754
91863
66153
142665
142345
26829
25697
25199
122640
97545
76522
42742
61270
55704
29416
30873
31990
87874
22754
23871
45686
43174
45105
45377
171668
157547
92449
74525
55605
53023
90735
133320
143764
173984
215359
185799
268064
288879
64241
121122
87914
154202
160864
298325
303309
250092
132791
234483
149613
58876
60343
47754
119739
38134
39447
39296
40046
40106
79711
89521
92054
261638
291437
284863
44677
41929
52672
254525
267897
250021
130023
151241
155489
57443
47342
41109
42838
92106
97810
98215
138666
129798
123587
55031
65141
35538
43375
45795
44070
74240
71374
54038
62511
54468
82317
128991
83094
53367
46719
139544
22939
23417
22721
118003
66190
131600
28497
23661
28783
74089
72917
67242
67451
38794
137396
68296
18788
18062
175423
182569
148552
132936
47579
30572
34883
29241
88313
117661
151125
174132
125544
119880
70894
57024
52031
69310
32185
155334
292171
259425
73963
33518
46951
90554
135341
64340
61934
48366
31661
32123
36125
49838
78347
103384
48231
44437
59804
91526
161222
177438
160787
27892
27208
32479
131514
131138
148274
78514
58824
63842
87737
83770
82467
51375
45751
119075
133937
128649
156863
124098
80062
78656
45150
126485
77393
94481
69885
103387
92456
101711
62648
41691
140187
145343
162879
42830
58625
70005
35332
234944
237646
176369
169561
182977
170063
162639
54438
53039
97055
217882
257489
233878
198057
139011
132153
101302
101975
45321
42391
68391
54803
228586
259942
81726
92153
69678
70331
60673
126069
176833
24068
23672
24440
22199
172759
140386
137512
172951
43646
25704
275915
283213
253592
22091
21332
68909
79537
160476
45649
46585
44290
62063
56161
56683
20093
26295
23733
71767
78132
85851
154375
181849
227409
240566
77444
80816
96307
95422
92077
87595
85488
84082
35614
39992
52971
27458
26885
15991
138722
76686
