170954
156760
153138
73618
88759
94499
94272
116745
194645
186149
187536
125921
133396
140670
141418
137835
141672
43042
167247
136510
50793
47745
27458
137416
90869
67885
62924
68846
77618
87093
79560
93820
88182
95818
91407
171500
149746
31978
30727
32895
136353
109048
83399
39754
72150
62633
38956
36061
42082
106346
32046
27031
56580
48961
62546
50051
171647
153050
100304
101256
61161
50581
89385
139009
138187
173340
209641
182056
226660
254617
67533
127983
94655
172201
155260
277657
278014
229793
133718
220584
165223
61485
59376
48731
121165
44095
43258
44635
41233
45958
75085
94844
90792
237978
261126
262264
46626
41744
60486
224706
244698
233622
137783
157799
145989
59107
47588
45545
49313
89749
93509
93839
135951
133348
123935
58363
75217
36073
43280
53162
44280
74563
71040
58794
72513
59709
84860
129918
93339
53421
52565
142945
27076
32082
23513
127420
74329
133773
38480
23179
33715
78703
75765
67378
69632
39995
139435
68669
21312
19739
175907
179495
166190
130833
46648
34754
37249
30499
83228
129065
138226
170875
135780
120115
71136
60700
61083
74715
33618
130798
256665
222485
72003
35184
49671
88149
132050
70477
69081
50342
34015
32355
36258
50111
78396
99681
48282
44464
64471
90313
165159
154799
164245
29632
28418
34184
138079
141413
135416
85820
62474
70063
89780
96329
82368
52932
49001
102074
118620
124390
163421
135761
84486
95341
63543
133403
89411
96835
68976
93536
86086
95958
61752
42141
129167
143665
153672
48380
69066
80090
37427
203659
194529
157553
168597
174283
171735
155839
55248
53170
95695
195726
229487
218470
178187
143428
127966
99020
99884
50454
42951
68782
53351
195736
221938
84276
87505
76593
73145
61053
129740
179138
25891
24372
24050
26730
166800
136644
114730
176374
43443
27057
236682
257904
239311
22795
24456
87446
89711
158809
51383
52732
49478
71525
69693
79220
22305
25159
40538
72349
89766
85273
154858
186656
188074
202198
78157
88292
96612
90941
88653
92005
83181
87427
47282
74607
76378
33500
32021
20115
141532
86859
