187307
177961
162980
76770
98332
103873
96123
141483
215061
202939
201412
133083
145109
146615
158170
158821
157047
40311
174207
147533
51923
49884
26328
134380
89327
67642
66612
54270
70701
70937
73085
97136
84954
105204
78192
169807
161735
30001
26722
27091
141657
131056
85596
54047
71616
63317
38672
36500
40280
111276
25339
27397
52965
63086
52560
54132
188223
191566
140545
80581
60668
56049
83903
167751
160655
186037
226446
203717
282229
332719
87857
135903
103171
176781
174463
320385
375877
295007
154016
249265
177493
91766
86091
50330
135337
46811
50594
45552
42819
48153
78121
105156
96466
300567
318488
310269
49881
42131
60333
275654
295872
285116
147386
169993
161626
58144
46589
46585
51842
103846
110488
103288
171258
159812
146048
65917
76772
35113
45180
54025
47970
79839
81624
64861
74365
63391
91051
171237
96360
57005
52570
151574
25574
26600
23889
135643
75116
155602
27985
21260
33122
78051
80615
71424
70493
40385
157029
73798
20599
19115
188929
202598
153101
159320
47161
34327
36518
30240
87210
148422
163201
189518
155361
129490
74180
62673
64712
74245
33032
155552
311163
285346
71908
36351
50252
94475
147812
70240
69755
51547
33550
31902
36023
50749
83596
108866
50718
45182
68388
107685
182878
174040
173465
32311
28205
35784
160063
152919
156315
87322
66466
74376
91842
99387
83526
56562
50061
128126
143001
145258
164372
158681
80335
87055
49690
137995
79616
87582
71563
97571
87317
96935
64433
41832
153679
139465
171382
41590
63577
74031
38005
228979
227468
175481
195288
185964
179354
175451
58487
56198
99730
223744
294220
241835
202926
141872
149301
106210
106203
48122
41100
71917
57556
210154
247509
78183
94297
79654
75212
61970
134142
206013
25253
23346
23689
24206
193125
163094
136571
188904
46414
29034
286929
302827
241827
23085
20060
73869
81045
167955
53265
52070
46163
68594
57742
60774
22068
25438
25371
76083
89423
90789
150556
177939
204736
229782
79055
87397
95611
99415
89113
96332
89881
87310
37784
41191
62800
29966
29765
17170
143966
86228
