180300
182977
172246
78372
106360
111847
103595
131684
257454
235631
236697
140152
145937
155387
164386
149214
150572
41749
178673
146900
55020
50517
27580
139705
96047
64404
62000
53642
69929
70113
67618
104097
86644
104632
78919
162386
166520
29592
26053
25668
131128
112965
86317
42335
70504
65600
31223
30934
33937
102741
24379
26198
53382
46438
49879
48545
188736
166036
106600
90097
56617
51721
92838
164519
166093
174852
245698
205717
281584
322951
72611
136050
106447
182814
170640
348368
351542
282955
150467
259781
180517
64488
62137
51824
133602
44604
44959
47552
42876
48842
87224
109265
99686
303307
326293
325629
47706
42422
63097
285657
299557
293769
158307
173126
164536
59121
54663
45840
52078
103100
107456
115770
164667
151948
149445
63167
80270
37969
50045
53760
45128
77540
74368
62352
72258
66407
99573
148285
101978
56580
50738
152465
25260
24068
21707
144857
75941
143065
29632
21558
29778
87707
89590
68467
68999
40528
162061
72216
20073
19991
190275
214294
168229
165178
58228
34074
37866
29861
92836
130861
168413
189062
155088
138549
71138
58860
58078
74391
31611
145087
310055
281108
72716
34407
49387
97944
154865
72932
69934
50573
32019
31220
36417
51981
85469
107730
49841
43399
65182
102903
182812
190851
178653
29543
27381
33866
137786
150534
162823
118590
80065
93390
123131
118654
104573
61762
51937
147271
160659
150090
158907
148876
87124
90332
51629
134121
91397
97084
71685
104966
94414
106905
65502
41765
147515
146401
171681
44697
66483
81580
39025
260784
240900
170787
183492
191328
188799
167886
55309
54542
99384
250403
279638
268192
208776
156857
150850
113827
110023
48466
43992
72777
56225
243502
270995
85980
97873
74589
72735
63405
134952
195901
24326
24367
25804
25380
195258
143810
141335
192680
43689
25868
303218
321058
267911
21321
20733
74542
88553
161824
52558
50674
45879
71662
58157
60567
21252
26634
24532
74334
91872
99296
157974
183239
242131
251466
87576
98422
105489
109613
95176
103898
91705
90468
40301
43647
62281
27936
29122
16467
148461
98120
