169935
154511
142758
71324
86437
93268
88778
121219
187725
179818
180720
124125
136556
147737
141033
129652
131029
40862
159107
133748
52352
47693
26493
126261
89225
62403
58426
53193
67070
65048
68117
94074
77281
90855
75059
147124
141309
29284
27963
27620
118808
94905
76226
38032
69405
61153
31354
31342
33440
86012
24798
28104
49599
45457
50815
50525
157012
153650
93860
76837
54024
49850
76470
149632
136167
167859
206886
172427
206754
252573
68991
121534
100110
152651
167745
271501
273735
221414
135595
212798
153913
57404
58526
48603
119327
41943
43271
43311
40308
52263
78232
101981
87501
277348
254655
256772
46449
41144
63319
215582
234172
221699
127920
159907
137427
55944
46173
44259
47281
89827
94232
93892
146851
152184
133479
58924
73490
35908
45534
54219
42969
76950
70185
58272
70962
61026
86146
127403
91977
53007
51771
135980
26376
23750
22772
111182
70241
121348
29992
21892
33785
76614
77760
70496
65910
38327
136307
74674
20783
19800
160040
174668
140144
137738
44941
36135
37210
30574
83173
119224
138801
162962
124938
124500
71193
56766
58909
68804
32522
125896
249991
214728
70439
34368
46978
87078
142853
66920
66755
47691
32802
32383
35384
49487
75054
91926
48333
43440
65369
101306
159978
161310
160680
29727
29464
35161
141381
138141
137368
81182
61427
69008
83484
91137
78283
53674
46970
118861
122129
131884
150540
116732
78901
77687
48556
111422
74957
80756
64878
86574
79663
88326
58895
41056
121247
123598
159474
42061
62220
70050
36734
199378
196554
149294
162947
145458
155978
136782
53344
51591
88161
187639
222074
216128
174195
135046
140199
91214
94238
46380
41561
65721
53113
179723
211663
73930
83540
70154
70018
58853
124746
178872
26203
24690
23785
24345
167449
133894
119706
166648
55129
31849
231819
239285
203796
21244
20454
70274
73023
142139
48103
48377
43212
64182
57149
61320
21280
26249
25540
73573
80951
87214
137730
160103
187560
201602
73950
79194
91233
89867
82754
91979
86124
80682
39353
40490
58641
28984
29392
16955
134596
80834
