152671
162858
149858
81269
95786
97335
94111
104406
213664
198193
197904
130711
134914
137543
158175
141609
138077
41287
169111
133408
54044
51515
27650
134672
95331
62800
59457
52489
68514
68298
67265
94829
77787
94960
74300
160711
149506
28602
27212
26493
123089
97336
76376
37607
68051
64059
31542
31470
33814
91407
25548
25904
51020
46366
49859
48227
162783
157989
99434
78337
57989
50341
80133
147007
141079
180776
213836
174703
232537
269106
67903
124559
107531
162084
168543
275693
303199
236821
145904
223029
160996
58922
61494
48944
128696
42320
43850
44448
43888
47279
75993
113491
102511
262554
277063
274559
47401
42453
59260
267681
238806
241169
129591
144599
141046
57600
45668
46355
48896
93166
97714
95136
137987
138288
138155
64405
74648
35285
42658
52977
46582
78012
70900
59630
71087
59993
88300
132178
95901
53591
51787
151922
26094
24289
23171
124728
72551
141097
28123
22053
32214
76747
74996
68320
70372
40571
154422
66966
20630
19779
180687
182720
140164
148455
49246
37291
37031
31224
92730
140488
155683
171827
145651
123826
80175
58642
60039
75952
33328
135700
262544
244299
70149
35058
48250
92770
134937
69908
66211
49368
33409
32556
35798
49893
76443
97201
48204
44717
65322
101356
158517
167096
161150
29448
29729
33698
151779
144220
149266
87067
74745
71261
88664
94391
81676
52974
50279
125570
126527
152807
154816
128586
81775
82829
51267
130354
79653
85572
66500
97064
86990
96067
64361
46204
121798
124347
156641
43752
62653
75079
36869
203945
210199
158846
166559
184182
167432
151517
58839
53070
94676
198199
248324
239172
182729
154244
155538
101192
99377
48411
42820
69704
56221
210797
222826
78153
93903
76920
86246
58704
120622
169417
25762
24774
23670
24811
163363
154182
115277
186491
43243
27228
240733
263787
228558
22309
21052
76504
79175
148353
50044
49990
44852
66913
59178
62348
21900
25047
25079
73939
85166
98999
145894
167109
204393
203620
90496
84721
110148
100638
87958
94044
83325
78863
39270
44416
63651
29293
29969
17642
123735
80771
