189924
173154
169005
75744
100411
100784
99686
133846
217208
207673
203710
147295
151478
161828
162666
151156
160098
41609
177468
149067
51159
51256
27082
121983
91501
65301
60740
58046
68283
72748
70390
96590
83311
107095
76918
171244
174026
27632
28175
26849
119491
97923
81135
37399
72339
65914
31680
30442
33916
93922
26257
25900
52136
46012
51681
46516
174525
170478
98987
79273
55784
50600
83994
150243
162289
183814
216496
203456
254096
320162
69965
135965
102433
180155
169419
318535
336283
263614
166624
238423
169713
63116
62671
62339
138473
42677
44942
44773
43194
45754
80355
101704
92950
265223
315554
309298
48128
42152
60437
263865
263276
235615
129265
172308
152413
65226
45252
44195
49411
92714
103009
98091
151856
149483
137953
61388
74291
34967
43528
52866
44814
78914
73933
65305
73018
63748
93294
137986
92241
59744
55340
163151
29127
24919
22486
130478
74781
140177
28101
22113
32000
83194
98076
76561
76815
42383
164415
98238
20286
21078
199981
214428
161957
162929
46030
35073
38289
34926
99111
141749
160749
190425
145381
161110
93654
59282
73707
76435
33421
148469
312614
255899
93591
46159
52170
102915
154326
83889
79106
51195
36764
32598
35605
50371
98227
104793
49256
48226
71361
96402
173674
208998
173524
36846
29191
32898
195276
144460
148857
82403
62845
70795
88221
95536
86229
57816
49282
109281
127555
131885
146870
107199
90619
88048
51808
121637
79202
86357
68885
96372
87191
102065
61867
42795
146128
142874
179759
42047
67335
80582
39463
226135
225323
180568
179675
192123
186180
170240
58956
58405
112189
216711
252826
237153
214861
150849
153787
95036
99693
45893
41429
68520
54138
205838
234971
78584
89376
76744
71731
60943
142749
187254
23854
23693
25409
24515
179582
144221
118939
191607
42986
27007
264293
263392
233522
21021
20191
75853
75687
162993
50627
52920
48903
68462
58192
60376
22390
28237
25155
73610
78282
88691
150417
183393
223285
239819
79327
81894
95193
101313
92789
98707
91569
83731
38861
40598
61675
30205
31589
16479
127312
84307
