160055
164724
146181
76592
88385
90663
87874
116814
188162
185815
183096
134684
129032
134636
152754
136126
132454
40149
160381
131293
47871
53504
26796
122563
81961
61716
60866
52027
67056
68602
65032
92929
80798
94213
74064
151374
162131
26671
27180
26602
121840
91585
74581
37680
71010
66060
33132
32773
33470
87547
25063
28491
54660
45733
49197
46095
158011
148403
100127
77515
56453
48795
77795
139670
144432
158579
189716
170539
211385
255152
66667
118516
98350
155124
153754
258019
256982
212427
127549
211274
147754
62307
64145
53214
117098
43020
43431
42682
42806
45479
78142
91699
89681
234554
244292
259798
45681
41362
58377
224162
229629
226573
139440
145910
138190
60116
48778
44061
49796
89145
90405
91045
133151
134703
131829
59459
71230
35204
42861
50275
44029
75929
74779
59746
73071
60315
83826
124100
84441
54964
50626
139416
25618
23692
22841
113456
77060
133606
34724
22311
32084
72102
72727
65175
65737
39321
142713
67279
21653
19090
161431
178394
137058
131442
46454
36417
38447
30974
88312
128519
141447
173630
130975
123857
77455
74134
59267
69485
32900
118819
247074
214868
71957
34186
49225
85668
134705
71732
65148
50298
32348
32137
35367
48183
74170
91680
46988
42203
61614
88688
154051
161514
150060
29379
28691
32762
125324
126678
131911
78549
59387
68877
87222
86301
79109
52973
46450
102380
124343
120741
129152
105405
87273
84017
48416
118114
75634
78093
65649
90669
80207
91097
61469
43417
118032
122950
155582
40962
65410
70299
36722
192925
191868
166629
162913
162985
157601
160637
55692
52801
93563
194126
210195
204910
173440
132302
133385
90565
93068
46082
41218
64790
53351
186135
210690
73409
83516
71544
68507
58827
120417
171398
23907
23563
24418
25480
163638
126768
121174
180732
42534
26751
232570
232604
207096
21610
20602
74439
72294
155673
50617
52390
44385
69861
58017
58631
21112
26057
24988
70184
75813
83032
133384
153666
191070
199154
74924
83315
90569
90795
83488
91277
84864
79816
38710
41243
63890
38196
33156
17780
127478
82478
