146774
162113
136856
73128
87150
97972
84961
111176
181194
173217
175694
117415
135419
122286
129529
123147
122222
41743
141289
128177
45596
48560
25129
97842
79834
63433
60220
49624
64315
63667
63963
88417
75139
91525
69062
140217
117548
27596
24811
24846
105852
97439
75811
37319
66706
60108
31423
30247
32905
83599
24360
24812
46294
43329
45518
46606
153531
139596
93083
76771
49809
45586
71690
126103
125485
151843
187928
168787
207728
242043
62033
117166
94617
145661
147267
250692
246293
211733
123929
193791
144475
57113
57704
48315
121841
42509
43197
40151
37382
43175
68903
90430
85814
220985
248233
236729
42965
38176
58049
203810
221447
216870
121922
142147
132832
52800
45120
43995
47764
83600
83900
84458
129452
129725
120430
62043
71629
34321
40007
47287
42503
74016
73015
54456
63688
55179
76163
127539
79005
53547
47843
136825
26218
22393
21877
118528
73692
121790
27991
20374
31602
75817
68363
62743
61665
36910
128201
62436
18813
18102
162444
168332
130353
128575
47127
34550
36565
30523
77323
116944
133976
158383
126540
113765
64866
52839
58445
71710
30306
119082
227986
206900
67555
32317
44538
80073
124220
68880
60855
45016
30602
29788
33029
45443
68929
85154
43591
40897
57983
82439
148112
157500
143200
28698
27737
33273
121335
126549
125661
84262
60153
67472
77996
87835
77735
52719
44029
108261
127299
118596
133942
111617
69453
71165
46957
111114
74970
83695
61896
88700
82794
89420
60470
41522
116511
117941
145314
43803
58266
72577
38122
186079
183130
148867
159006
157581
155010
145399
56047
52453
90464
180387
212079
191523
164016
139852
132828
84968
84715
44185
39065
64929
50004
170530
198056
66885
85930
67165
63633
58523
114174
162623
23440
23525
22788
23835
158640
128040
112438
159139
43215
26918
221700
225830
199218
20533
20441
70569
67343
140153
50742
48377
44980
58723
52323
54086
20592
25326
23652
65382
75899
75968
127661
148343
183272
175621
74595
71125
82637
84460
74392
90507
83100
81207
40399
41580
60721
26733
27513
15673
122772
85952
