153222
149825
149512
75671
89999
97216
95251
111552
177350
184426
196232
130664
135668
141374
149248
134883
138063
42196
157332
130047
50319
49577
27178
119194
85732
62796
61616
52477
67568
68435
67711
94413
85364
91910
76882
152624
145639
28301
37202
33330
115621
102420
76411
46223
69775
63883
32402
31079
34017
89772
24867
26341
51132
46444
50608
47604
158743
151924
99313
93661
71262
52860
80285
145165
150244
167805
202520
179589
222097
258271
70337
126522
98762
159810
161552
297940
337024
231015
146495
302060
159648
66957
61214
56724
140097
42105
45473
46223
41458
45124
82429
100069
100102
264801
277646
258645
48163
45476
61155
229160
245681
246749
127487
161942
137307
65080
44768
45041
47242
94537
92915
93566
149436
151840
143446
65403
74716
35509
43219
53087
45519
82023
75483
63437
75090
62332
90166
111995
92505
54099
51393
111609
30440
25309
23272
124826
76612
122214
31712
23431
34285
77585
78103
67813
68188
39475
150582
68387
20794
19460
176087
179030
130494
133931
50681
36878
36794
33174
92660
122981
139567
150787
141274
125523
77872
60447
59794
70427
32958
134338
261576
233736
76530
36197
48151
89564
141635
68926
69097
51241
33186
32377
37103
50315
80999
96421
48994
44018
64256
94371
162987
171214
170757
36891
36215
38516
140198
145902
134416
82673
62766
71248
86293
90853
78974
52777
47280
126258
126693
134079
141812
120422
79199
80488
48874
114706
78680
81678
67593
89162
82639
94747
60926
41927
132926
126655
162182
45368
62232
74716
37500
204617
197417
158250
170488
174624
175079
161571
54074
53142
91221
197880
234616
224988
196989
132907
136827
91734
98632
49179
42058
67575
53756
190329
211924
79709
87687
72141
69452
60125
121067
173492
24773
25426
24053
24356
170937
132358
122423
175610
45293
26898
250440
248759
221718
22684
21244
72504
75853
152974
47301
51137
46141
70683
57464
59985
21854
25599
25274
75714
79563
89262
143386
167329
192891
205774
77142
79377
90531
91634
84792
93085
83384
82326
39043
40932
60893
30138
35125
17245
121254
85377
