150952
154408
150852
68405
84664
92001
86302
122546
188254
177599
172283
118577
124058
127590
133536
124924
123395
42767
142457
126683
45089
47422
25070
114516
85415
58588
58601
49970
64571
64429
64148
87169
76013
87983
69457
139147
135586
26795
26037
25667
110174
91072
68981
35034
65168
61521
29610
29066
31923
78661
23233
24923
48821
46194
49080
47248
157577
141398
89617
73600
49276
45361
74764
128515
134387
156882
183790
209279
206545
252059
66091
121388
92958
153029
151886
246781
262482
213897
139658
191871
154645
55241
55080
46667
115561
43798
39876
39712
39588
40606
70876
92082
90062
214910
244232
237972
45050
41946
57195
204946
232181
212230
130225
145793
147326
58889
53579
45673
50502
89327
91868
89097
137995
138500
128719
80907
74478
35730
44241
51927
44991
72005
68582
59251
68841
59111
81435
117579
87682
53043
50205
128977
25092
22541
22111
119524
71737
133207
33563
21739
31508
69240
67963
65284
66546
36701
133583
71017
20289
19429
156552
172912
140662
133968
47263
35620
37567
31626
91519
137568
134579
149712
106248
124233
73924
56847
58953
68799
32074
133096
224368
202089
73890
35937
52821
85911
140189
68456
70628
52989
33911
32275
36573
50268
73750
93615
47305
41728
64834
89248
128461
136710
162165
29762
27817
31832
118025
124530
115172
73724
61206
71259
84431
88061
85591
62928
53757
126717
180174
136804
158595
127712
76030
77569
49671
108461
69511
73031
60326
80468
74882
90173
62141
43212
115348
120379
146550
41654
60452
70677
35641
189766
185484
153158
158300
157747
154932
143669
49005
48383
82538
196018
206901
203534
167553
126227
128948
81593
84490
45256
41228
66637
54715
180455
196802
75327
87655
73433
70190
57403
119923
167221
25236
23278
23521
23424
171296
126986
110879
175265
44412
28140
231069
239063
205607
21782
21195
71760
75224
138260
47255
50727
44962
69834
56583
56676
21283
24938
27087
71999
78324
81937
145514
151660
176048
187430
72616
72416
91907
89617
82320
90491
77977
76494
38227
38338
57378
26765
28855
15978
115349
73571
