24021
17602
15824
8893
11102
12865
12092
12384
21348
20439
21042
13237
14167
14292
14728
13805
13715
4842
16021
14649
6152
6185
3279
12491
10146
7783
7575
6542
8610
8518
8507
11593
9652
11847
8860
14981
14850
3441
3288
3277
12367
11814
9152
4628
8459
7797
3868
3809
4108
10885
3092
3192
6291
5980
6185
5960
16677
15775
12057
9775
7044
6566
9388
14316
14519
16498
21912
20357
26914
32338
8290
12744
11677
16382
16510
32926
35490
27573
14639
25697
15913
8055
7254
6052
12654
5371
5486
5514
4890
5543
9019
11790
10631
28816
33081
33067
5789
5244
7831
29322
29251
28528
14472
16446
15350
7107
5865
5786
6203
11583
12715
11802
14817
14893
13539
7518
9182
4281
5774
6725
5561
8934
8622
7800
8469
7567
10416
13829
11343
6800
6247
13680
3293
3120
2836
12492
8941
13476
3572
2797
4028
9026
9040
8314
8406
4624
14314
8093
2334
2137
19043
19802
15120
14025
5908
4324
4452
3831
10973
12531
15436
17748
13877
12707
8846
7483
7520
8683
4044
12931
31615
27433
8632
4259
6225
11816
14551
8221
8560
6438
4292
4158
4609
6521
8989
12787
6303
5700
8200
11602
21995
19133
16941
3771
3543
4183
13397
14015
14148
9470
7388
8659
10336
11542
9729
6852
6274
12135
14016
12955
14909
12412
9171
9252
6298
12721
9228
9924
8062
11489
10076
11608
7285
4828
12822
13328
16447
5010
7514
8865
4436
21652
20982
16313
18459
18326
17386
15772
6679
6543
11719
21965
27536
25726
19360
13307
13326
11855
12317
5789
4869
8182
6675
20253
23995
8827
10346
8579
8522
7140
12859
18486
5719
3019
3039
3057
17739
13733
12297
18181
5471
3236
28657
29710
25576
2660
2551
8456
8877
15412
5918
5935
5565
8002
7074
7309
2730
3151
3164
8529
9258
10183
14174
16808
21451
22325
9072
9676
11573
11471
10145
11654
9902
9569
4601
4838
7301
3503
3648
1951
12482
9729
