155794
152041
140381
67375
82049
85672
81635
116488
191870
182882
181807
122696
126628
138072
140857
130678
126355
39576
148619
126557
44419
44425
24641
115273
83042
55938
53879
49289
62360
64312
61204
89910
77095
87636
71275
149480
146928
27561
31903
26541
122499
97519
75041
37746
63196
57669
31231
29625
32585
86006
24285
25601
48672
45760
45614
46077
154324
144367
91941
77942
51517
45364
74996
131805
129475
156319
192828
173387
219341
250081
64821
120193
89656
149757
159145
258798
267552
230346
141715
222514
150184
57658
61090
45790
122373
40379
39827
42689
39172
40781
68918
84508
86827
232672
251679
254595
42170
38079
54342
220432
229476
223802
129886
145057
130933
52506
41105
41692
44142
85841
85055
84327
145243
132989
134856
57111
66773
33084
40044
49028
40122
69006
69886
54637
66004
56861
81693
128041
79174
48032
47792
136017
24814
21635
20722
121007
67388
131001
26761
21008
29694
68119
67712
64787
63186
35865
130377
62598
19148
19044
164940
175490
129945
136150
43890
32952
34979
28172
76225
116149
135552
167806
123727
126826
64942
52567
54275
69746
31114
125685
243319
223211
65924
33353
47339
87623
129352
63992
58971
44112
32087
32369
35760
46744
69394
96215
47279
43312
62272
90367
157334
159552
151429
26449
26116
30429
129433
131048
131857
78943
60709
70137
79002
86430
77589
47825
43976
115063
137158
130182
136455
115742
73056
76044
44272
110743
75627
80688
60790
82906
76245
85186
55754
38409
131732
126881
152182
38629
55271
71292
35099
194345
191077
155281
159106
158798
161474
146259
48248
47776
82616
200736
223605
207658
184781
124261
123744
84428
90492
43740
39576
61715
48915
183037
210055
72460
84929
68536
69680
53237
116764
175216
23137
22673
23503
24315
160752
130972
109590
176055
41516
26763
223660
240530
210752
19968
20321
66598
71859
154380
42969
44710
41229
59300
52821
57288
19964
22986
24307
66987
74106
80108
129252
147547
182895
188029
69491
72258
82395
82294
75286
87416
76414
77525
37079
37979
54406
26872
29223
16007
118869
74982
