173149
178886
152525
70027
96522
100329
90209
120052
220880
190705
194609
130563
134387
140234
147995
144426
137170
37077
162601
137142
45633
43929
24933
124781
78639
60286
57781
49466
66807
63498
66012
92707
76297
88960
69971
150454
167206
26865
26376
25247
138227
102598
77494
39581
68051
64835
30649
30133
31804
85668
23252
24243
45984
42310
44431
44848
175519
162806
98504
79220
58046
47255
86219
154631
148772
181394
238424
201609
275367
309815
67441
131273
100170
183604
169749
301146
316618
254951
144112
263138
168729
56165
58577
47453
136067
41113
44341
42769
40719
43856
74936
99832
89243
280097
324816
312772
48438
42378
61308
273636
268917
261307
139421
158665
155815
55166
41622
42576
44256
94936
99845
93596
151991
138391
130136
57362
66127
44205
39206
48679
41782
77617
69953
61058
66793
56586
89905
136978
92320
50975
50287
141015
23644
22641
20243
122189
70209
132579
27937
22175
31135
74075
70987
60861
60263
39917
144400
61547
19374
19209
178730
184968
141237
147958
46429
30488
35095
28113
91936
129697
158750
186470
130222
123150
74547
54535
57040
63487
30038
133667
275055
284539
71945
31735
44837
84660
138122
61776
58569
44012
30767
31556
32488
44956
74721
99903
43138
39644
59790
92954
162020
162111
160135
26656
26500
29935
135363
135109
155256
76825
54768
68293
90338
93924
85416
53440
48301
120707
130097
146744
163441
130661
79971
78215
45126
119105
74929
81250
60089
91254
89165
97151
60385
41763
124613
143761
164529
42129
60371
67329
36886
232301
222870
173738
169759
176774
170833
167746
53242
54100
105700
239950
286961
246973
194268
133331
142255
95615
107821
45494
40876
63459
53980
222138
239746
70775
82990
65468
68183
54051
123720
182954
22722
21666
23057
23061
176182
134276
121923
175447
39459
24222
276150
282814
251491
21722
21146
68951
73443
155532
46241
45460
42732
63482
51416
56495
21306
23139
23958
69870
73761
87849
145578
169060
213520
226235
73627
83779
94625
91965
85149
93198
80069
84211
39926
39428
58479
28020
29163
16368
129702
76843
