141575
130812
129924
65611
88980
84822
79836
103968
165313
200281
159244
117963
107929
123401
134502
129110
127046
38767
144624
130015
44891
43685
25558
115974
74494
60923
57271
51461
61024
63083
61495
85846
70386
88752
72113
142806
139872
27058
26619
26886
110481
82337
73338
36020
61461
56401
29381
29205
32925
84762
24733
25471
46387
42099
46689
46339
155009
144072
88850
71144
49799
47540
76504
145725
131744
151165
186467
171789
206047
248954
62851
131016
86678
146073
150066
247474
266930
218436
138024
203015
141124
56434
59790
49037
114227
38427
43066
39589
37119
41170
74374
92442
87395
220865
256471
245718
42570
38109
54167
206104
219899
217701
123877
145114
137731
52353
42579
40319
46236
83802
83938
83368
130823
129308
124995
56943
65646
33025
38657
49816
39877
70796
65048
54372
63371
55102
74822
132487
86241
51787
50420
128029
24976
22719
21179
110519
69637
120514
27053
20428
29297
69044
65852
60849
62696
37575
141292
65139
20224
19450
167612
166071
132445
143548
44004
31482
34203
28386
75218
119683
135131
155812
138453
123239
68286
53926
55990
68065
30540
122556
243537
208286
62970
31576
43329
78203
125032
66211
63732
46043
30273
29442
32421
46430
68363
84184
43094
39092
58442
86131
143169
156035
146800
28556
27498
30429
120411
128993
128719
77360
58523
67083
77549
85271
70734
50240
46815
107376
120073
116153
130974
109746
76101
71516
46442
118380
77146
72580
61954
85766
78046
81265
55292
38653
115661
117023
147079
42292
61899
66482
33672
203186
184806
130994
169102
163371
162442
144612
49460
48506
80123
182336
212511
196446
168812
127875
122937
82170
87855
45745
41429
60276
52131
173053
202688
68243
82705
68874
67832
53626
113978
159039
24697
24848
22500
23899
160146
126621
115678
161012
41786
26693
210287
217415
200507
19955
18991
64148
66317
140083
43231
44037
41882
64093
55825
53187
20031
24019
23156
64366
72390
81120
129999
158605
174532
187982
71057
79341
81131
87907
75148
86741
75116
71970
37055
40111
55440
27907
29319
16982
108998
72517
