137996
138548
164476
69039
81111
88535
80792
106196
170695
183802
177597
131757
124893
111142
138766
138445
135609
39693
158717
143954
48299
45584
25520
112066
85334
61840
56210
51522
65882
60329
63332
88652
72177
85881
77837
143430
146414
27798
27270
24855
121448
84824
68605
35846
61981
60714
29478
29272
31608
84750
23682
24571
44765
41764
44051
44714
156340
157633
95816
74956
50365
46449
75912
140862
138881
169481
195568
176346
221430
274766
66855
131776
90819
160330
155454
285943
297622
223836
138720
224177
168167
61362
57824
49341
123976
41739
41048
41134
39241
40272
68637
84114
84650
244236
275305
241717
42759
39126
57276
206466
214749
210386
114018
163128
120390
62706
47377
45155
43104
87674
85710
84023
135510
134675
133579
58369
73901
33506
38534
47718
40442
70543
69663
55068
65081
55762
77419
134413
85460
51079
51290
115387
24184
22389
20699
105232
72230
107732
27048
21191
32185
73981
72380
63749
62831
35313
132183
61162
19028
17742
163298
175522
136306
129949
47471
32006
34778
29163
77811
113984
144833
167387
123066
111294
65017
54729
54178
68217
30922
121242
245874
218688
68163
32099
46707
86926
138039
63276
59823
44074
30865
31661
32233
43976
69441
87589
43333
40127
57191
83417
153823
156382
161271
29027
29037
30036
125229
150836
130878
74448
55827
65724
84191
87283
78489
49154
43043
114908
119775
125053
141314
115600
69630
75992
47521
108595
71655
73548
65506
84811
79550
90124
60750
41691
115440
119463
158518
39975
57596
70111
33343
201936
190269
153542
165175
167360
161534
152448
55666
49356
89455
193231
220331
212469
178320
126733
124540
89408
93109
42662
38064
60928
49325
178838
215007
72310
78586
69616
63463
57248
128425
170029
23348
22862
23646
25334
166284
135838
121666
174638
39397
24898
236198
233957
214854
19741
19872
71364
66847
140838
45215
43786
43442
59281
51712
54931
19411
23738
23735
69492
77786
77258
113293
152089
187026
192260
72658
75915
90102
89567
78550
82179
80976
78796
38012
40495
56139
28161
29359
16690
119658
73446
