19760
14033
13387
7883
9241
10025
9366
10130
18339
16868
17854
10914
11704
11802
12338
11543
11425
4291
13374
11449
5180
5055
2702
10262
8685
6931
6125
5566
6985
7346
6957
9433
7859
9888
8040
12517
12426
2759
2756
2753
10114
9952
8137
4049
7075
6708
3318
3359
3486
9363
2553
2610
5429
5047
5307
5029
13928
13188
9970
8034
5762
5288
8307
11866
12152
13749
18823
16094
21658
25602
6981
10663
9735
13651
13714
26232
27522
21648
12419
20226
13634
6034
6308
5305
10264
4699
4844
4862
4482
4905
7525
9728
9185
23442
26397
26617
5350
4426
6476
21862
22556
22136
11221
13180
12867
5921
4714
4747
4997
9927
10513
10046
12091
11807
11114
6446
7483
3527
4538
5395
4622
8264
7292
6310
7325
6406
9249
11722
9399
5617
5404
11722
2647
2346
2231
10011
7229
11089
2891
2107
3282
7433
7468
7044
6993
4047
12556
6863
1997
1920
14958
15977
12165
11655
4692
3296
3517
3070
8801
10312
12275
14727
10878
10008
7105
5948
6292
7121
3424
10913
24580
21831
7259
3376
5013
9187
11456
6985
6728
5003
3279
3115
3700
5069
7521
9750
4846
4386
6454
9602
13429
14000
13677
2920
2765
3292
12666
23772
12328
8757
6666
7400
9006
9325
8197
5436
4937
10122
10792
10733
11982
10322
7967
7848
4957
10007
7845
8411
6759
9394
8592
9670
6296
4341
10548
10882
13463
4272
6257
7298
3778
17858
17248
13265
14623
15130
14394
13197
5668
5454
9498
18476
22000
20463
16316
11340
11096
9805
9942
4952
4435
7109
5543
17068
21062
7545
8929
7482
7255
6020
11231
15298
4407
2491
2376
2432
14789
11598
9897
15203
4705
2837
22867
23087
20529
2128
1976
7331
7489
13154
4913
4957
4767
6872
5875
6111
2148
2663
2647
7342
7944
8907
12072
13582
18374
19465
7704
8520
9656
9574
8777
9802
8782
8392
4224
4324
6210
2972
3129
1738
11099
8600
