24316
17550
15870
9270
11594
12278
11645
12397
21433
20743
20797
13147
13974
14269
14992
14067
14005
5033
15903
13652
6053
6110
3465
12574
10116
8498
7570
6678
8438
8840
8736
11808
9518
11860
9421
14987
15110
3611
3516
3441
12478
11987
9568
4758
8934
8163
3991
3801
4211
10682
3162
3286
6362
5938
6205
6447
17000
16111
12451
9817
6811
6323
9538
14468
14679
16861
22346
19381
27668
32909
8308
13131
12415
16678
16652
34135
36225
27830
14223
26206
15876
7139
7328
6168
12503
6061
5917
5595
5191
5650
9226
12094
11541
29815
34323
33279
5868
5319
7420
27983
28548
30273
15033
16333
14679
7192
5746
5694
5891
11808
12162
12275
14793
14466
13685
7290
9202
4442
5727
6639
5789
8806
8894
7629
9005
7568
11968
14129
11614
6692
6468
14027
3150
2978
2746
12376
8845
13560
3535
2772
3941
9128
8844
8973
8484
4668
14867
8474
2688
2252
18507
19797
14991
14413
5806
4227
4372
3817
11063
12582
15060
18124
13492
12435
8809
7456
7226
9023
4258
13581
32076
27999
8724
4195
6230
11471
14242
8530
8567
6473
4270
4213
4563
6248
9114
12014
5909
5470
8304
11660
16640
17308
16488
3594
3533
4094
13481
14092
14107
10016
8007
8319
10385
11478
10016
6745
6183
12203
13281
13361
14836
12499
9814
9305
6117
13197
9318
9881
8239
11548
10088
11837
7882
5494
12840
13582
16601
5365
8043
8844
4556
22421
21305
16549
17877
19879
17517
16079
7163
6903
12292
21798
27876
26109
19663
13456
13125
12079
12213
6130
5289
8593
6716
20173
26052
9080
11962
9439
9258
7851
12815
18528
5687
3070
3087
3161
17936
13966
12317
18602
5455
3331
33331
30460
25937
2664
2625
8554
9866
15510
5966
6415
5519
8106
7219
7527
2814
3206
3305
8637
9337
10328
14462
16108
23699
24079
9615
10365
11902
11435
10205
11686
10320
10226
4646
4938
7437
3559
3687
1941
12806
10166
