27552
18578
16470
10158
12196
13831
12360
13285
25053
24862
28816
14787
15261
15487
16471
14888
14896
5516
17548
14725
6671
6322
3540
13434
11311
8985
8103
7070
9495
9576
9325
12383
10600
12743
10228
16354
16486
3609
3760
3431
13261
12765
10250
5065
9584
8318
4406
4390
4692
12007
3345
3421
6624
6242
6549
6249
18554
17342
15831
10702
7303
6737
10628
15510
15707
18366
25633
22757
30495
37832
9395
14000
12504
17994
18231
38165
39943
30442
15409
28715
17179
7654
7885
6562
13579
5770
5870
5840
5535
8946
12640
13438
12610
32813
37407
37519
6203
5539
7974
30959
31631
31222
14611
17370
16060
7598
6293
5940
6429
12389
12590
12520
17139
15880
14840
7913
10164
4888
5942
6873
6058
10217
10038
8077
9938
8057
11996
15177
12185
7033
6840
15222
3442
3207
2951
13167
9810
14434
3728
2812
4416
10173
10252
9466
9575
5467
16069
9751
2709
2647
22796
23028
16125
15182
6135
4767
4894
4300
11635
13851
16327
21141
14538
13112
9820
7821
7893
9752
4547
14221
40192
31773
10069
4816
6515
12435
15430
9736
9276
6648
4659
4607
5001
6723
10568
12946
6424
5809
8423
12753
18085
20251
18142
3980
3740
4682
14739
15242
15454
11075
8357
9766
11803
12274
11132
7033
6378
13203
14378
14462
16325
13249
11111
11434
6914
13500
10610
11372
9633
12588
11587
12790
8124
5639
14314
15041
18660
5520
8516
10209
5369
27050
25698
18505
21683
21751
21171
17903
7218
7660
12709
26316
32267
29935
23658
14995
14479
13242
13763
6558
5960
9192
6929
23972
29243
10404
11834
10277
10204
8053
14247
22279
5890
3279
3306
3186
21587
15516
13764
22085
5645
3855
32649
34270
29918
2824
2717
10120
11137
17459
6702
6780
6305
9658
7915
8156
3016
3560
3393
9947
10876
11799
15841
17880
24222
26403
10518
11301
12220
12448
11589
12757
11903
11216
5677
5589
8906
3818
3859
2296
13758
11478
