183456
178304
166388
77596
103329
104956
103462
135062
213818
210843
204266
138794
151973
146525
157310
156583
144239
43652
174604
144305
49902
48400
26800
140611
90912
66431
59784
55313
67990
72477
68953
98144
81860
106508
76717
155055
163741
28387
27395
26397
129395
111797
81244
36952
72566
66042
32090
33047
33556
101295
24990
26722
53437
47877
53252
51826
175048
167791
114499
84129
57598
51396
82827
174993
165646
176431
222133
209411
281975
316499
74212
139623
101115
172695
177655
337909
335795
290312
166046
268499
171461
58941
61985
52175
132962
46619
48538
44547
43131
46923
82865
108476
98574
293423
326675
321136
49756
45649
66618
286666
296367
285678
157824
169527
172244
58896
48618
46832
48435
106251
109378
110798
162586
155448
163701
62634
76839
37462
58668
80080
46919
81979
77550
78760
77937
66902
100375
151955
101339
58912
58275
158364
24693
23541
21465
154576
97512
144715
33468
22053
31326
79482
77853
69981
70296
38511
156851
73129
21129
20008
215514
202643
156125
157234
49542
36416
37447
30717
97724
133833
162050
190097
167417
139097
96960
67777
60926
74919
32475
152121
312246
283249
71655
35719
47834
102025
155260
70813
65912
50832
32400
31611
36390
50931
81545
110219
48125
47920
63932
107865
182329
181614
185842
28593
27600
32620
161488
149879
159085
90578
64338
79813
100406
99001
84277
52937
47926
146787
156693
156154
156864
138642
83186
83464
49950
130579
84693
88330
68307
99971
86169
108603
61345
44762
133857
148026
186882
43501
65124
75476
36098
232976
220784
172300
188463
196519
190812
169292
57965
55483
106803
225627
285638
266894
199508
149498
160878
112040
115721
48964
45373
72920
57560
223004
268951
84281
104899
76074
72704
60909
139849
196410
25907
24108
23814
23992
190499
159360
133041
204304
44200
25974
293097
298247
268280
21845
22303
74793
78715
173478
51978
50170
45696
76121
58070
59652
23514
26466
24818
74713
80657
96976
162346
177256
222974
235732
88467
88654
105302
105068
89561
105880
86338
84380
39057
42273
61931
28165
30655
17256
137043
86322
