26099
18779
16643
9952
12226
13330
12319
13308
25513
24869
24788
14387
15230
15549
16418
15176
15054
5512
16922
14341
6417
6313
3477
13137
11071
8253
7994
6843
9278
9245
9332
12264
11150
12514
10014
16292
16364
3587
3485
3325
12971
12761
10272
5081
9576
8299
4443
4105
4632
12167
3216
3383
6679
6247
6605
6302
18173
16995
12629
10904
7479
6857
10911
15358
15556
17844
25278
21911
29381
35430
9454
14306
12331
17537
17590
37318
40563
30014
14821
27914
16840
7533
7709
6373
13070
5614
5722
5708
5486
5757
10164
12581
11861
32184
36571
35729
6132
5470
7793
29910
30798
30832
14553
21823
16113
7544
6047
5978
6342
12003
12703
12340
15829
15225
14370
7665
9963
4711
5624
6718
5841
9908
9674
7728
9629
7891
11731
14861
12130
6996
6881
14765
3327
3097
2842
13106
9722
14018
3667
2835
4561
10112
10088
9554
9567
5289
15713
9372
2718
2593
21151
22490
16482
15393
6037
4820
4887
4125
11477
13350
16095
20914
14342
12805
9711
7495
7633
9466
4493
13994
34869
30385
9661
5843
6752
12459
14872
8781
9180
6316
4528
4346
4814
6469
10191
12547
6216
5599
8117
12359
17328
18199
17720
3890
3661
4588
14434
14852
15197
10876
8115
9751
11587
12130
10761
6975
6501
12842
14051
13878
15707
13341
10289
10477
6349
12989
10201
10845
8516
13044
11211
12442
7708
5381
13806
14170
18139
5600
8146
10012
4950
25119
24454
17723
19508
21306
18600
17250
7211
7024
12166
25608
31316
27923
22101
14188
14212
12392
12730
6234
5722
9215
6892
23499
28044
10032
11571
9779
9573
7704
13915
21418
5769
3089
3147
3189
21852
14827
12948
21153
5743
3395
31366
34035
27685
2829
2685
9689
10081
16820
6350
6529
6085
8710
7554
7710
2856
3346
3357
9690
10527
11411
15892
17377
26512
26376
10442
11013
12213
12157
11154
12425
11385
10992
5114
5379
7763
3774
3837
2220
13377
11053
