20059
14094
13565
8134
9377
10233
9953
10459
18363
18015
17920
11268
11758
11971
12521
11749
11406
4261
13370
11752
5188
5053
2737
10300
8841
6634
6786
5834
7276
8372
7444
9805
8338
10046
7967
12688
12538
2732
2679
2791
10250
9924
7997
3978
7159
6465
3113
3237
3865
9400
2557
2564
5521
5288
5550
5322
14951
13419
10209
8334
5919
5477
8462
12050
12113
13969
18787
17435
22151
26647
7188
10961
9727
14100
14496
26721
28237
21490
11741
20652
13289
6115
6307
5210
10421
4531
4666
4862
4600
4930
7998
10487
9555
23610
26514
27274
4850
4353
6318
21774
22731
22395
11348
13926
12346
6423
5095
4991
5390
10293
10156
9978
12307
12310
11494
6413
8316
3709
4609
5672
4914
7889
7824
6301
7309
6878
9276
11664
9554
5580
5651
12316
2763
2554
2427
10305
8431
11361
3068
2354
3503
8633
8398
7795
7901
4393
12487
7438
2199
2052
15265
17569
12883
12043
5075
3954
3910
3403
9709
10742
12886
17495
11458
10424
8454
6505
6587
7567
3752
11010
25993
22308
7784
3899
5044
9324
11716
7582
6839
5147
3432
3211
3839
5420
8189
10254
4983
4693
6787
9768
13889
14520
14130
3119
3141
3811
11289
11779
12381
8647
6706
7062
9872
9642
8434
6069
5494
10191
11418
11029
12616
10422
8191
8454
5114
10568
8049
8534
6987
9822
8862
9800
6370
4530
10959
11506
14133
4835
7120
7613
4087
19882
18600
14676
14971
16135
14757
13764
5904
5821
9653
19221
22993
21234
17358
11507
12897
10050
10383
5041
4472
7070
5648
18163
21360
7956
9269
8058
7851
6353
11081
15747
4510
2459
2518
2604
15330
11995
10328
15501
4518
2755
24024
24653
21267
2198
2076
8263
7902
13800
5139
5242
5506
8022
6931
7464
2680
2845
2738
7780
8484
9202
13065
13901
19062
19906
8053
8448
9847
9603
8988
9912
8880
9127
4348
4539
6155
2896
3023
1740
10524
8690
