168300
170680
156225
72621
86253
98476
97071
123495
221518
196103
196653
129324
137802
138762
148400
138182
136460
39577
160185
140410
44820
47888
27065
126359
80032
60354
58877
46651
67511
60076
59239
96998
71863
94667
65862
150260
150975
24622
24545
25074
120813
89235
67663
36733
67374
62394
31558
31336
33904
92621
22604
24979
52494
42631
49004
48796
165507
158892
102667
73573
53967
50137
85507
145013
141843
169248
225019
190622
249687
292222
63729
132443
99293
163055
160166
292114
310000
271745
148273
252332
163986
59445
58656
45839
135223
41960
44354
40836
37641
43028
70107
90632
91355
269662
295309
289827
42890
40390
54445
255025
270310
264531
140671
162727
154760
54669
41326
43654
47982
99581
95385
96905
151595
153492
138217
59157
66222
34410
42470
51111
44851
72828
70875
58775
66804
54826
81914
144708
89382
51349
49766
143884
23257
21569
20114
122371
64927
135818
29004
27684
29892
72361
70377
64053
67472
41414
148688
65967
18908
18138
185979
190455
150724
150866
41743
31823
35414
28496
87989
134813
154799
178346
141727
125530
67644
52487
55995
63714
29216
140048
285155
258045
63008
32019
45178
83406
141833
66160
67804
45022
30211
29121
32430
45297
72707
90045
43278
41258
61937
91535
162912
168077
163429
27711
27990
33533
134229
141452
140998
80655
55886
63518
82817
87004
76809
49327
47110
129332
131949
130129
156871
123009
71560
77373
47912
135649
75321
78993
59217
92244
87017
95714
59472
42287
130036
142776
162962
41947
54991
70577
34924
231290
204172
162945
173465
179388
169514
163565
52558
48482
87554
230574
254878
240053
182057
145510
133975
96969
89228
44957
42651
59511
51198
191851
241034
67314
82691
69293
62279
56341
138446
174871
22491
22757
22733
23902
172714
139326
120605
175852
42566
24140
256082
273897
237956
20134
28475
67964
68705
151889
45421
45892
42508
59018
52049
54933
20897
22887
23145
63810
73665
88030
141665
159092
194201
221709
69209
74903
93737
85664
80877
87940
82427
81547
35952
37459
53388
25856
26649
15263
127923
84074
