154098
153644
142554
74291
91101
86125
81556
122311
185477
182593
181531
125876
126474
136122
141262
125134
124347
40915
147746
126530
53067
48920
26705
126321
83259
66097
57642
48821
63490
63810
69037
91940
71924
90069
66986
146730
136041
26330
25877
26507
118623
92313
73066
37956
67677
59141
29484
29243
31257
87492
24783
26645
50602
45664
59378
46108
156755
143633
93964
75711
54002
46780
75972
142102
141352
153325
185023
166995
210372
242704
68421
120516
93821
146441
167012
272768
259691
224937
133878
214879
143456
59047
62951
48696
111744
46526
44318
44154
41506
44519
76972
95225
88256
225505
254561
244384
46331
40801
58512
224829
221628
217530
129397
145381
146679
58308
45811
44498
47752
90211
92530
89921
140538
132310
118350
56856
73247
35948
42198
51964
43464
71395
73245
58838
71923
59383
84371
122795
91014
54511
53339
131797
26311
23961
21591
111183
68951
139744
27719
21912
30713
73093
71262
66132
66162
37971
149974
66545
20681
19418
159834
168683
130562
142174
44542
33598
35452
30785
85338
117332
150597
161057
122163
112010
76449
57124
57167
67863
32048
120326
258203
219324
68513
34244
49226
86902
137548
68642
69589
47820
33794
32368
35660
48715
73633
94739
48813
44446
67426
90178
145207
150656
155146
30230
31674
33047
136991
135670
127199
76500
60648
76537
81755
83469
80044
53220
48153
111667
128147
122422
140109
118882
77938
77499
48147
136315
101206
93807
66734
92560
81733
91445
61967
41489
122602
116867
148939
46265
63819
73734
37667
205701
186385
140476
167982
149563
164382
149919
57180
59096
92823
195009
231514
204345
162200
141313
130127
82117
94943
46078
42684
63268
51359
175745
205102
70919
82598
71344
70150
67348
115781
161281
24098
23190
23857
33115
161209
125884
124437
162148
43721
28196
232225
233513
241759
22021
20777
70796
73822
150420
47483
49371
48891
84424
73142
60209
24020
28211
25225
73240
74469
77933
126446
146120
175236
190611
68900
71879
81374
82668
81752
88103
79460
76280
35899
38897
56648
28382
27643
16026
118055
84715
