133862
162280
147946
68798
84660
92176
80889
106365
183109
157869
155151
114164
117046
125648
117091
138472
128251
43101
138996
125165
45937
47198
25047
114872
73900
55899
57556
48030
63788
65839
60868
81464
75548
83541
65642
136412
137210
27167
25177
25140
113233
92745
67765
34349
60790
55984
29245
28393
30718
83732
23066
24775
46083
42754
45042
44292
151274
150123
93622
69100
50464
47599
76290
128164
131063
154359
183043
165725
222580
248679
65760
127106
92450
163359
153686
251000
263323
217323
135089
201129
142876
55374
56408
47887
119479
38675
40418
42883
38529
40515
71622
92265
86761
221501
264310
261591
46021
37828
56958
230959
236572
233963
128127
140210
132609
51606
41326
41439
46109
86422
89989
82440
114899
110472
106107
66709
66450
32328
39453
49673
45127
66925
68229
54044
63155
54471
75422
116373
79540
49424
49270
121896
24154
21999
20146
96670
64869
130681
28333
20881
29667
64833
69854
63518
61052
35357
130283
61568
19182
18923
152399
178684
113075
126204
41762
31783
36610
32072
76872
100702
116049
141873
125339
103553
72073
58756
59117
67752
31845
109931
250902
227079
65275
32039
44167
77890
125123
66200
67026
44707
30113
29599
32751
45755
71139
85311
43613
39614
56899
86465
150012
150934
154063
29543
25818
30565
121220
127697
134219
77143
55130
61773
76544
80996
71854
47794
43730
110367
119596
117045
151812
115204
74795
70840
45313
115502
69276
76989
62655
86378
80089
88061
59096
40636
116882
121529
155498
37875
58711
66191
34297
197245
183321
149265
162955
169179
154716
143897
52292
48017
87760
182066
218716
200244
166486
125378
134915
82888
84374
46855
39765
64221
52284
178475
203007
67619
79207
64317
62677
56000
116841
163565
23157
21437
22229
23005
167710
127540
114245
161493
40985
26998
218897
226613
201698
20345
19944
67207
66186
139126
46075
48582
43848
59382
51479
54086
20281
23485
23681
64392
70055
78952
130444
150093
178293
187878
69000
74635
86103
86829
80108
88235
77686
71969
40357
37872
53808
26910
27219
15664
116054
72871
