29596
23789
20531
10733
13558
15396
14338
15366
28071
26812
27133
15664
18038
18195
19242
17858
17851
5886
20694
20113
7171
7474
4498
15467
13234
10197
9678
8668
10822
10835
10880
13632
11533
14919
10901
19223
19551
4281
4145
4080
14318
13917
12112
6008
11177
10155
5098
5051
5456
13415
3948
4143
8024
6931
7222
6928
21273
20408
14885
12091
8318
8357
12574
18852
18724
23726
30532
25780
34797
48468
10100
15494
14608
21526
21773
49978
52471
35241
19651
32242
20463
8756
9643
7187
14677
6141
6514
6371
5950
6851
11292
14136
13815
39802
50109
47720
6795
5925
9167
35369
35683
35655
17924
20375
20454
9278
6904
6846
7349
13735
14202
13993
19362
18789
17951
9229
11175
5307
6528
8214
6650
11289
10870
9174
10946
9641
14545
18195
13460
8261
8076
18396
3948
3752
3203
14668
11178
15955
4256
3171
4863
10989
11444
10589
10845
5727
19034
11028
2984
2867
23754
25658
19569
18412
6672
5230
5345
4742
12881
15783
19538
23399
17748
15438
10889
9047
9611
11049
4922
17512
47300
34974
11131
5009
6913
14089
18219
10387
10277
7314
5117
4966
5493
7399
11672
14396
7028
6346
9934
13837
21421
23199
22071
4658
4450
5210
15915
18152
18333
12633
9945
10550
13078
13578
12334
8260
7749
14595
15978
15815
21375
14964
12016
12068
6905
14529
11767
12826
10298
13711
13065
14386
9545
5898
15383
16111
20970
6050
9520
11014
5305
29667
27538
20963
22784
23570
22665
20950
8420
8248
13677
29003
35897
34578
25879
18747
15916
14628
15323
7350
6595
10999
9072
27453
31943
10885
13596
11503
11015
9238
16227
24160
6208
3735
3759
3808
22960
18077
14858
23632
6214
4043
36553
38286
33874
3070
2937
10978
12117
19870
7172
7704
7125
10745
9521
9037
3204
4231
4276
11333
11786
13937
18798
21377
27742
29100
11644
12792
14305
14676
13099
14747
13264
12974
5646
6445
10110
4382
4634
2533
15143
13177
