158132
154010
139383
66553
80167
86689
80776
112641
181913
174583
174889
118746
133850
128211
139929
135405
127716
39151
147038
127952
46823
45621
25844
124032
79903
60337
55330
49629
61123
61661
64034
89481
80852
92183
73266
134357
134926
27854
25916
25993
110102
89056
72126
36323
62465
57794
30667
30405
32984
80621
23380
23809
45835
43244
46098
44422
163356
144368
87154
74756
48972
47590
72404
130972
135117
150318
183340
171722
217339
239739
64228
118974
83384
147647
150809
248201
258447
205187
126888
207587
145979
55557
59070
44974
114147
45473
43155
42481
39154
42844
71689
94922
87879
221309
237654
234880
45876
40266
56170
216391
220834
222880
123987
142273
148322
56826
44226
43214
46583
92146
89276
95089
134168
146692
131011
53982
66955
34188
41037
50143
43009
73416
71535
59860
65878
55787
80828
135070
82202
49430
48489
133920
26606
24292
20717
108342
72335
120022
28021
20267
30886
70937
67595
66257
62289
35781
136330
64602
20242
19263
161951
171542
128066
125723
42990
33838
36031
29331
77030
113109
132512
158342
121430
111918
67868
52278
52530
68302
30564
120217
238941
205238
68309
33145
46473
84550
122603
64163
62920
48650
32016
31820
35403
48023
74229
88161
43825
40859
58241
82509
158105
161599
155698
27792
27357
32276
126210
140310
138371
99643
63535
71070
82480
83543
75497
48635
43734
104561
108092
101113
114195
97494
76718
80291
48569
113423
72370
79686
64485
84662
80831
85138
55725
39503
116965
131278
150372
42612
61488
75085
36402
188401
200371
147956
171637
163679
159828
140249
57015
55292
92283
198583
203740
202869
163417
117573
118155
90651
91511
46271
39868
65676
51567
184155
206901
74309
86714
71578
64729
54181
111069
162328
24361
23957
22450
23350
167587
131864
119643
160310
42369
25511
218540
219319
193869
20452
20368
72069
74350
140551
43817
47819
41413
60447
51711
55410
20177
23367
23723
70760
70590
76125
135925
143179
172831
186829
71518
71510
81315
86213
75500
81929
74852
74641
35858
37814
53704
26866
29462
16805
97786
75168
