149942
160719
144376
71604
90830
90968
88686
111452
176721
188625
190121
129960
129462
124750
143321
123707
125717
45951
142059
120111
50488
46149
30106
120364
91431
65795
61535
52552
72558
75268
66426
106513
77336
106819
73103
154824
140633
29261
28841
28801
108357
121949
81738
49282
68371
64828
34019
31560
34892
92637
25578
25838
49611
47185
50201
47325
150460
143100
93331
80397
60566
49837
79147
133051
116430
136922
179494
175463
221209
269773
65471
118736
97010
153179
152309
259875
255285
219975
137824
215749
147060
58673
59686
50497
116731
43019
44204
46623
41694
46466
80467
111062
99263
231797
249524
251030
50157
40165
58156
218681
227360
232680
122596
153489
136445
57858
44383
44706
46792
92426
94210
94640
131216
139413
120492
53369
65343
34527
44043
50288
42258
67522
70611
60486
73765
63377
81701
128832
79791
51959
51595
125216
25676
22122
21384
120796
73872
146126
37264
24597
35679
77971
82097
73663
74625
43164
153803
80664
22364
29941
158899
165665
133505
133755
44650
31341
35564
28740
75901
113975
132886
166619
123056
112039
72860
56356
58288
63003
30757
121087
236617
210872
68228
32048
43378
84935
129043
71180
60842
45025
30252
29361
35035
47234
68528
97568
46055
41723
57905
82662
156056
159631
151225
29409
29593
31129
136872
129153
132674
72391
55368
67842
86902
90811
73572
47502
43780
110811
118218
118534
144680
114400
68153
70877
48258
118153
74852
78952
69155
94390
83371
93534
61900
41946
116977
118101
149113
45381
65100
76010
38499
198754
186665
123002
162551
161103
153244
141955
54267
51784
89246
193546
213413
195996
169546
121872
123238
90928
91963
47136
42067
64531
53265
176525
201072
70116
84035
68587
69518
55895
117570
172729
23553
21559
23054
23510
168037
141132
117719
165481
43663
27563
228966
232533
214356
20845
21074
72132
70849
152280
48640
49958
46427
67125
58382
55551
20306
26642
24434
69276
76405
85239
133140
153083
181527
185985
76148
80863
90945
88949
79233
83052
81554
73168
42010
38194
57358
27658
30127
17618
129098
80786
