31771
29397
24301
14435
17813
18921
18054
19105
42931
39532
39884
20490
22091
22618
23660
22145
22124
7496
26653
22454
9021
8884
4867
19727
16354
14249
11155
9869
13830
13792
13591
17783
14946
18146
14275
24526
24062
5063
4970
5218
19515
18841
15044
7176
13812
11449
6367
6302
6599
17061
4638
4732
9154
8639
8922
8597
26911
25599
18563
15388
9881
9153
19552
23324
23464
33349
42885
37570
50358
63375
13400
20321
22494
26697
27333
64160
67634
51092
22108
48421
25755
16977
27476
9351
20357
7996
8224
8219
7671
8419
14880
18780
17309
55118
63414
64267
8459
7747
10944
52138
53400
52978
21366
25839
23827
10647
8617
8522
8818
17923
18403
18708
23829
22511
21121
10743
14363
6803
8219
9640
8455
14726
14349
10901
14013
11128
16764
22638
22690
9926
10069
23402
4564
4279
3945
18892
13889
20262
5084
4030
6304
14566
14676
13544
13581
7400
23790
13907
3744
3584
36007
38251
23124
22321
8395
6590
6782
6180
16516
19841
24024
34301
20978
19259
14087
10516
11082
13909
7407
20902
62483
52002
13776
6589
8754
16993
22093
13686
13150
8919
6418
6336
6989
9195
15375
18605
8926
8144
11538
18390
26429
27941
26581
5821
5094
6478
20546
21926
21676
15646
11337
13462
16703
17525
15801
9645
9540
19798
20777
21014
24362
19877
15302
15222
8817
19372
14771
15659
13288
17520
16244
21632
11095
8104
21302
42648
28308
8176
11185
14516
6842
42765
40293
26687
37287
38651
34169
25635
9894
9668
17890
41966
51257
47664
38509
20935
20820
17913
18820
8741
7945
13133
10341
40402
47791
14444
16905
15077
13873
10522
20511
35811
6218
5023
4694
4471
36347
22054
19547
36288
8094
4905
54312
54904
47385
3920
3761
14356
16264
25366
9150
9307
8400
13054
10364
10786
4129
4769
4797
14286
14980
16407
21987
25838
40963
43097
16946
15398
17627
17633
16070
17715
16993
15615
7245
7503
10498
5012
5300
3172
19383
15440
