157950
152359
138599
72743
87268
91519
91278
126601
188999
175503
178988
123100
137632
133251
139114
137970
134588
41320
162759
126771
49142
46826
27197
121124
83078
63289
58019
54921
70857
65611
65180
90319
80285
96690
73871
154910
151222
27705
27340
27548
122524
99347
81178
40014
71430
66201
33107
32849
35587
91690
25032
26149
52276
46597
49940
51222
156056
161834
92846
76718
55032
49071
77488
141747
136656
164271
189091
173693
221289
257897
66847
120943
94074
157013
153435
254955
280537
214291
133351
208887
154211
59397
61210
48344
122212
41446
42772
42096
40266
46940
74281
95585
93129
225128
257566
251095
47888
44444
58329
218854
226848
224986
136653
155910
148587
56076
45295
44134
46776
86456
91386
94095
142017
133165
128385
60758
73544
35351
42747
51285
45752
75089
75541
59789
70439
60088
82740
130220
87702
54823
54753
145286
26563
24233
21752
119618
72105
143321
27859
21675
32696
76742
78383
66842
69221
38634
141003
65613
20316
19088
169806
172055
139542
147338
45814
34996
36674
31071
82167
121654
136052
162156
125586
128794
70988
59717
57576
70074
31970
125042
255317
216859
73089
34484
47159
89741
133266
71882
67235
49403
33623
32265
36886
50111
75247
92680
47987
44881
65325
89926
157351
165402
146766
29103
28171
32946
129419
136462
140269
79807
60437
68850
86268
92211
81927
53073
48429
119072
125774
127219
140278
117004
77223
77746
48559
112171
75739
85427
65417
88716
83318
92861
59634
40112
120007
129751
153526
42429
62810
72739
36839
192709
188892
157451
159040
168971
162872
156920
57545
52300
89072
188033
218124
199366
177453
132334
136580
103319
103643
46866
41328
65386
52912
181750
205810
74331
88895
71967
70224
58846
129815
176654
24221
23191
23618
24301
172566
144784
117188
193713
58695
29460
216438
226670
205089
22538
20057
72550
75282
146794
46756
47450
44269
65150
57250
61140
23419
24969
25088
72780
75590
82399
137355
147464
188792
192098
74715
83229
87528
89416
80942
88317
80502
80578
37797
39518
59460
29062
29111
16830
120167
85567
