151823
151691
138156
70240
84510
90119
81192
112666
182334
179908
172894
131587
135632
127984
138893
137110
138456
39104
149056
121736
45921
46688
24692
124887
80237
56426
56271
49600
60356
63327
59846
86575
73670
82566
65723
134940
145976
27977
26353
26809
113766
91565
67266
34264
61962
55904
28949
28731
30726
77823
23144
24386
45797
42939
46420
43383
157364
151059
89888
69378
50556
45629
69868
142723
130636
150297
184476
166552
205894
241915
61524
116208
82244
147852
160536
255562
260856
211450
127634
206086
142040
52428
54864
46989
113990
40137
40318
39416
38166
41235
68201
88350
86886
222789
252316
237895
43068
40245
58844
205501
219773
210863
131114
143847
132616
56513
41520
41130
47089
88426
83622
82301
129196
134830
118909
53366
72321
33946
39376
47561
40169
65418
63313
56185
66283
54430
74995
125287
77617
51482
50529
125847
24798
22642
21359
119858
65425
119166
29654
21306
30655
72286
73785
61091
61154
37105
128953
61029
19977
17953
160108
168995
132474
139439
42530
34270
35380
30954
76087
100038
140359
155310
105436
95528
64971
59188
59557
70333
32762
132337
238886
211964
64652
31629
43912
82229
126362
61958
63735
45901
31812
31791
35287
46107
69376
90280
48259
40614
59171
87074
146568
148492
145340
27727
28236
31367
121952
127555
124034
73351
56659
62564
80863
87331
73414
48304
43487
110132
133413
116729
132720
112239
69283
74632
48424
123824
67978
72553
61862
85125
79101
80811
54673
38692
128922
121393
148844
39990
57727
70983
34706
186874
177386
148514
167165
157855
153739
141596
54553
51252
80514
182869
204701
194298
163544
120781
123649
89921
89586
42823
37859
59601
49095
153330
193980
68372
81637
70030
62975
53597
106188
142957
25382
24762
24184
24826
155088
128781
125815
141490
44726
26406
218601
225888
195511
19858
19113
65340
66560
142831
44117
44628
41201
58854
54385
58225
21724
23523
23544
64439
69562
80362
129101
145493
175640
190489
67028
74247
80392
84105
80699
86428
73875
77695
38442
40681
58859
26826
27102
15867
114964
79349
