153771
154200
152678
73205
89195
96778
89588
123012
196933
186349
180358
125737
133970
129896
138751
129795
130150
37423
149209
129907
48384
45916
25153
115924
80714
61202
55266
50990
60306
64878
60925
81462
71013
84095
66154
141226
143903
28805
26081
25756
119765
87014
68516
37582
64680
61884
31580
30954
32224
79555
23277
24887
50450
48104
50731
43790
147808
141964
84526
69768
51848
49366
78649
143515
132527
153028
184205
169472
206477
251282
64789
118390
83212
149992
149920
248250
260555
216817
129296
197165
150096
59096
55187
45394
115700
42332
40331
41041
37962
40858
73147
85649
85561
215260
246853
234595
45532
40483
54338
204320
217459
212332
125659
142907
138473
56950
41951
44194
47764
90447
91754
91210
136982
132006
121641
61557
72985
33012
40071
47672
42556
66313
65619
57439
64114
58680
76302
122929
87111
53166
47693
126555
25231
22191
21574
110641
71527
121930
27584
20110
28966
68012
73873
60960
67070
40718
132421
62321
19324
18321
159850
170933
132030
130060
42347
31693
34772
29321
82512
114586
143849
159330
123564
117259
78575
55837
53189
67786
32491
120942
237802
216784
71226
32818
44464
80378
132627
61880
63857
44639
30604
29980
33358
47687
75214
94507
44276
40125
58795
82315
145314
153294
154092
26793
25845
31976
121061
128281
128948
73136
62402
65190
85846
91013
78146
52619
48804
110487
123853
118019
137153
114084
76338
72378
45997
118661
72292
76747
64143
87488
75350
82399
57789
38433
122569
127108
152498
40447
56966
67560
34796
184644
187474
150280
163781
160123
161513
142142
53387
50823
89084
184563
207479
200555
161947
124882
136793
86688
84999
45086
41733
66123
49066
177034
206865
75021
84464
65579
62788
58467
117626
162283
24299
22901
22087
22507
159562
126965
114043
159595
43802
27512
229737
222544
204207
21747
20778
73197
79311
141900
49358
48847
45675
65896
55633
57762
21581
24407
24722
72278
75076
85495
129357
150293
195939
193662
74194
76911
93586
91881
84398
93871
81237
81208
37987
39177
57022
26335
27698
15928
111049
79983
