183282
179109
166342
96120
116451
112777
110409
124278
217321
211102
210138
126143
130202
132791
151165
140804
133282
40853
161511
128874
52289
42670
24216
123196
82129
56790
56231
48852
61656
65044
59312
94486
83160
101312
79846
146932
152454
29256
24039
24313
123869
100656
78061
38826
60525
56511
28669
28208
36426
94220
25162
23309
44677
42830
48553
45458
176890
161737
118618
85545
51933
50066
83439
151660
140292
168009
231821
204443
258564
291331
60601
134262
90355
166571
167578
305925
315706
264519
148544
245114
168567
58679
58212
43526
135984
43059
40419
43493
40142
44365
80698
100280
98654
277214
307559
290016
45274
42577
61813
270432
277053
273611
143793
165212
153586
51269
41515
42405
47671
94282
91556
91852
154730
147236
139662
58134
78092
35647
39896
47393
40575
74864
74682
53559
67746
55668
81462
142888
95331
51899
51889
146528
24600
21803
20492
124757
76370
151801
27007
21515
28661
76570
71150
60377
61120
37463
166801
67453
20000
18664
185664
209593
156508
146528
45297
36230
35043
27684
79731
139326
163989
180539
143549
148513
71267
55418
57604
70633
28840
139423
297898
260664
66941
33865
46327
83137
145972
61361
66377
48484
32769
32075
37101
49709
81695
92514
47138
43973
64116
98006
168241
177081
180260
27874
28296
32871
140023
154081
164707
89327
63811
64304
95564
102633
92205
49665
46702
128220
145104
146299
160030
190525
133737
109595
47715
127395
93056
86593
71395
97192
87326
96489
67803
43424
166810
160743
168336
49939
70358
85374
50029
265744
226941
169920
181239
184052
173336
160906
55178
51033
90029
225544
258961
224405
209483
137311
141121
92444
100820
48574
44002
68594
48270
216231
250785
90731
85003
76015
76671
61525
134510
179688
22874
22015
21746
23184
182254
149256
125502
184933
42781
26017
269680
279939
249758
19800
19446
77054
82295
164211
44217
47556
40845
59271
53291
58789
20718
27553
23832
78064
80834
90551
144587
170475
237294
242727
75363
83596
91300
97322
90136
101363
89185
87239
36159
41261
62590
27326
27773
16638
130789
86620
