158872
159795
143210
75058
87755
90293
85044
114510
190026
182877
185751
129869
135402
131378
145759
134035
126321
37837
151702
130014
61514
43808
24880
122295
75045
56450
57675
52124
60717
61027
63720
81871
76474
92979
70681
159675
148305
27081
27324
26769
116502
85250
73084
35007
61509
58090
31834
28610
31753
79917
23168
25474
46690
45527
49715
44996
159928
151505
97719
72168
50378
46578
70729
136556
132467
160022
192224
182814
222075
286242
64192
123468
85626
163860
162095
282292
301444
238776
131409
224338
158959
53150
57341
45432
108339
37925
40141
41576
37280
41648
68673
90995
80909
236847
282164
261596
46130
38517
54589
227283
237703
223400
118432
151067
140938
57435
44852
42573
46483
81592
84455
84157
138953
141355
126799
60198
65952
32010
39835
47552
41486
69566
70847
58467
68895
59573
82602
134358
78734
51250
50796
144371
23596
22645
20602
118673
64405
133847
27260
21914
31734
70754
68071
65905
64825
38011
140073
62926
18906
18935
167983
178404
142988
132360
45548
32661
36249
30701
83750
116293
139648
164376
126710
116495
65771
56316
53456
67021
29615
128272
270821
229142
69603
32067
46829
79696
137295
67294
64990
46571
32192
29753
33461
46821
68800
86693
45375
39358
58087
82269
165038
157804
134942
29480
28575
32761
130690
134219
150578
74367
61290
66540
85310
88722
78570
48851
44300
119306
127387
125946
145066
120856
68842
80322
48436
121094
70551
72903
63215
88291
74659
89049
61083
41118
133844
134677
160941
40586
61840
72458
33736
204456
198254
163035
171407
173928
167500
151080
54805
48258
84484
202023
233163
219136
179886
131357
134195
90584
93671
47722
40378
66867
53792
199238
229405
68964
81477
69560
70692
54269
133499
178249
22462
21722
22314
23664
168285
137750
124477
180039
39341
25173
261063
270745
216402
20016
20000
64447
67641
162964
47235
44369
43794
63719
55541
58410
21757
23209
24171
64920
74267
83389
143293
153237
191035
207130
69051
73249
85382
80886
75999
89416
79788
74165
37509
38930
56791
27078
27551
15897
124279
79379
