51579
51513
42013
23606
29501
30808
29520
31963
80995
80027
77381
33566
37549
36660
39646
36853
36383
11070
45392
35864
15211
12702
6854
33555
27334
16652
15924
13804
17934
17983
17630
29645
25395
30983
23873
41049
41795
6737
6752
6671
31838
30755
24504
10456
18481
17860
8312
8040
8712
28539
6448
6559
13227
12332
12831
12738
47483
44552
31398
24522
14134
13170
25007
38917
38835
47936
84666
73046
96866
119250
18102
34298
30394
46066
47578
121298
128014
98452
37198
91853
44354
14968
15442
12672
32248
11050
11734
11488
10997
11510
24016
30725
28886
105410
116854
118074
11945
11182
15642
100141
102939
100579
36295
43616
39257
14811
11766
11760
12575
28892
32551
31413
39537
37538
34445
15441
24541
9964
11463
13620
12247
24236
23294
15584
21491
15975
27256
36745
29499
13618
13240
37031
6284
6032
5690
32161
22795
35489
6947
5480
7825
23145
25149
18000
17869
10413
38799
17665
5232
5022
52806
74495
39392
38269
11803
8469
11654
7848
28086
33606
40295
51541
36217
32207
18856
15162
15422
18700
8178
35407
123912
102415
18565
9703
12703
29403
37138
18253
17520
12879
8264
8109
9923
12882
25499
33869
13216
12017
16790
29096
45498
47284
46174
7238
6954
8075
35273
38272
39156
25502
15979
18534
27112
28404
25177
13356
12393
31102
34652
33977
40786
31882
24848
25626
12504
31389
24129
25741
17255
28480
26577
29777
15833
11497
34903
35087
47363
11040
16060
23196
10035
85682
80737
49141
51974
52914
49310
45645
13826
13708
30193
80778
101152
91889
74061
37211
36433
29383
30391
13270
12200
18091
15129
80066
92568
27784
28891
24059
19451
15627
33983
55483
6503
6846
6209
6161
53690
37945
31753
54360
11599
6662
102203
106155
96345
5816
5597
23631
25147
43630
12138
12506
11605
17220
14600
15209
5671
6228
6198
23077
24616
27714
38779
48140
83034
86703
25109
26386
30369
30481
29572
30327
26503
25559
10346
11211
15840
7237
7580
4659
32078
25272
