168156
171697
162319
77898
96086
102154
96822
133318
213485
202095
201772
136362
155387
154508
155882
146754
156077
41305
180071
142527
54226
49152
26862
135249
86692
64890
63144
54193
68620
71381
80541
96150
81702
99725
78883
171980
162561
28434
27363
27456
125195
97654
77730
39413
70161
65947
32107
31145
35713
92595
25485
25971
51408
45652
49060
47390
173212
168330
102009
82475
56875
51129
82562
149756
167637
170107
207742
188133
240065
305282
72938
126764
94388
169911
168799
322736
332414
253520
143512
257055
181856
64928
64736
48997
122823
43126
54737
44744
40417
43713
77775
97001
94458
262936
320073
308899
46757
41050
61526
258650
265322
258853
159887
166396
163020
60431
47142
46350
48150
94163
102373
98839
154981
156718
148392
61075
78328
36150
43153
53864
45144
81624
78900
61879
75039
64486
89039
152725
89982
54154
53830
157517
27603
24232
23484
115757
76804
138271
28012
21816
31343
76770
85142
71094
70415
40103
155205
69179
20382
19516
191086
203144
159583
160326
46206
34772
36518
30913
88038
128530
157968
183411
147256
134171
74062
61778
58566
71284
32553
146728
304594
250343
71938
35429
48218
92415
147516
70873
68609
48566
33603
31947
35388
50194
81986
100346
46670
43490
67208
95307
183106
175839
169419
30769
30577
33060
141676
161813
152946
84897
64289
72844
93994
99000
85969
56239
48425
124411
141463
147011
152611
119601
80976
83820
50126
118403
79949
82858
68304
94106
88385
93511
62063
41364
126455
127042
178635
41461
62984
72987
36835
219746
210123
166086
182726
198493
176356
167757
56036
57652
102532
220466
245546
235378
197640
153522
145771
98399
105072
49334
42688
85481
54401
210644
242898
77252
91730
76003
74332
62768
128790
197215
24392
23298
24331
24982
219599
167376
138493
195193
42471
32397
260608
283435
244595
21671
22402
89700
84078
191415
65276
52583
58627
74852
79861
64994
21735
31290
29045
94478
87154
102246
181420
193309
222737
220210
77324
86625
97859
106041
117517
99294
115023
96325
43564
43924
71255
34186
34425
17389
140695
111451
