158983
161991
159782
68612
92002
98140
87211
117808
193272
189838
194817
122707
136976
133588
139325
130398
129882
38958
154442
145226
47282
47079
25565
123429
75117
57556
54955
49907
60112
59786
60026
87666
70275
91670
67438
143740
147063
25988
27196
24991
118835
97349
73949
34075
62648
59665
29590
28743
31059
79051
23887
24509
47730
46548
44782
43396
171271
151453
90592
79519
54599
49431
79627
124821
135253
156864
203535
184648
259323
285501
64386
132943
89716
163827
162390
294233
300208
256298
149624
235273
156118
57055
60493
45234
122051
38744
44583
40921
39315
43770
74590
98596
87792
268348
282295
280262
42643
37223
56957
246402
264600
250199
131204
153280
146162
51911
46782
43196
44630
91747
97743
96894
145022
133376
125581
58826
71457
32127
39916
46600
43582
72381
69600
59077
69583
60208
84432
129032
93613
53761
50580
136561
23917
22783
21865
124128
64939
131894
25180
20903
29539
66076
69183
62349
62746
36869
141947
65274
19369
17744
170516
182392
146737
134605
46848
32593
35235
28645
83451
121211
161942
177900
129153
118655
69046
54796
57161
64522
29618
151661
298376
246761
62866
32084
47351
91595
132973
61610
59021
48150
32858
29482
33958
45070
69287
98936
44403
42800
63435
94898
154132
163212
161123
27870
25963
31546
128576
136435
133406
75389
56399
65259
84376
94620
78282
52558
47569
115864
127733
139909
146351
143526
69839
76056
44885
115098
77443
78115
61232
89782
73826
92557
60941
41357
122339
129145
154074
36864
60925
70323
33399
218725
195577
160954
182053
169510
163420
153040
52787
50422
92335
199121
247421
235369
181753
130222
134967
94010
97671
47836
40393
64040
52680
190246
242916
69594
86587
72236
69613
55329
121396
179230
23020
22333
21948
22753
172304
146130
114471
149501
47380
28174
264829
266558
216793
20254
19620
65910
69862
150891
43400
44914
41043
61429
51721
53528
20254
23391
23710
64762
70464
76570
136719
156749
199390
197090
72752
76833
93990
88315
76576
93903
79688
78456
35003
36921
57289
28235
27344
15596
119088
73344
