179105
173988
157103
67980
85874
96159
95907
128174
200968
195912
192280
131184
145278
144063
156687
145779
148842
39372
161950
159317
48985
44485
30106
133412
83035
61740
53935
56659
62070
62142
60702
89170
75036
91193
70952
168458
157911
24912
25572
24816
127042
91354
71280
35871
61092
55302
28628
27952
30332
86000
23358
24589
46060
44656
48792
46942
166044
160503
99990
76542
49366
45263
73496
159715
145162
167026
200321
181724
249891
295687
68990
134832
94288
180448
175839
296701
301369
267942
142008
238484
160076
53778
56719
45496
138174
38422
40215
39770
37734
43850
74725
99469
92915
258592
289070
285016
44078
42626
56539
249055
271523
260860
134778
159227
149936
55429
42747
42458
44147
90181
90605
87573
145961
137821
139250
53260
66295
31890
42025
49683
41471
69368
69444
55522
63380
55511
85371
137084
83622
48387
48364
144940
23280
21838
20095
120120
65788
131913
26562
22494
28947
70556
65889
65989
64122
34669
155195
66585
19240
18962
172940
184968
148208
142598
44566
32260
32992
28509
82132
126131
152058
171609
138857
120300
63405
56218
53474
66196
30294
133725
286599
255751
62868
31042
43926
87137
139788
67440
60325
46527
29754
30452
31667
45179
73268
97877
43461
39927
56920
91757
160560
164883
159825
26211
26376
30524
136991
146997
140590
80733
58025
62020
81931
86600
74807
48162
46825
118905
131979
120489
142014
125755
74790
76025
44586
130611
75230
78725
60085
84916
73487
86914
55418
38230
134680
127492
162662
40913
62599
65842
33221
205697
204571
157013
168965
171018
169758
153586
51849
50993
93733
197921
245546
233425
181115
133232
132220
101051
100646
47144
42829
63487
52699
199183
244580
74391
95215
70521
70780
61045
129082
178080
23756
22236
23582
23925
182358
139270
118788
175548
41912
25699
315051
377016
239344
23398
19490
70484
73671
149385
45897
46559
44751
65981
54771
56915
21700
22720
23466
73545
76468
89826
133490
158791
191271
202221
73542
70708
88220
86254
74495
87453
74647
73588
35174
37987
57708
26684
27331
15519
135606
80713
