144353
142751
140981
70041
80352
91193
85388
103777
176052
182200
183169
117572
127281
132708
141652
132249
137849
38315
159039
134986
47816
48231
25883
124190
83109
63271
56865
50072
61131
62218
60031
86060
74688
95639
68214
142538
144808
25011
24409
24239
126164
89434
68001
33876
63153
57323
29273
28560
30562
79978
23425
24224
49731
43699
47338
43541
160372
159962
96465
76365
50360
50897
74851
134221
134879
158158
192400
178669
246758
284044
67563
126416
96227
155418
174578
282114
296454
241921
151389
226829
151109
52548
56053
44863
122953
37351
42380
43165
39878
43954
70285
96185
88840
259963
298417
285624
45731
41443
56786
250070
302702
251460
128736
158540
139159
56874
44378
41410
46818
88307
89624
85112
150444
133841
129810
60309
72813
32968
42925
47127
40606
65914
64746
56132
65026
56704
79176
128038
86793
53905
47477
146325
25886
24513
22898
129892
70635
141977
25965
20743
29260
65631
68680
61314
63803
35048
141200
66062
18862
18827
184646
176700
144977
151034
47199
33407
35114
28631
79001
153667
141942
170474
158277
123117
65030
55942
52944
67652
30282
136623
275438
243767
63231
31367
44530
84334
130753
62330
63042
45375
29919
29442
31991
46001
68810
90593
43702
40096
59288
87392
162216
163104
157876
28175
28764
29760
128712
141432
132084
80125
56523
62063
76516
82010
75081
49728
45042
116870
123742
120697
121590
121410
68489
70439
47214
118248
76014
74230
59589
81142
80081
83322
58502
38376
130968
128856
158574
38925
61625
66231
34669
211699
193380
160581
167973
178942
182437
154813
52191
49143
88052
193360
252702
217830
177290
128610
132859
90450
98827
47902
42206
62720
52472
194097
222555
69584
83839
70138
66940
54239
136146
177697
23805
21640
22589
22998
166287
139125
126465
176337
42208
25273
261287
258030
218427
21795
18558
69078
68119
147459
43471
47871
41944
62312
55427
57869
20428
23595
23598
71358
75899
83035
136936
156350
192657
199521
68169
78419
87579
88676
80608
81744
74604
73753
35475
39198
58249
26346
28054
16569
126532
73011
