160784
169539
165126
79349
98306
102943
99689
134055
195748
200820
188349
145331
134900
158296
168691
123940
139642
44052
167868
143198
53124
50872
28485
122249
87635
70445
61830
56332
71066
70800
68408
98783
79505
100257
76412
145843
158591
32162
31765
27603
122617
106790
76422
39368
73149
68053
34707
31919
35487
95427
26614
27733
54277
47806
50101
47735
164295
169255
96865
80320
57068
51983
83973
150052
159502
163185
204870
203094
236321
284404
68502
137031
111177
188645
184304
316988
328163
253203
134313
223103
154327
72123
65807
52604
122536
45810
45498
45828
41919
46019
78500
100098
92136
263781
284740
276683
47185
43856
61055
240840
253641
246074
143796
159699
141571
63883
49462
47303
50322
96992
112515
99336
140162
137547
134658
61825
78318
35715
45994
55841
45178
75329
76384
64800
71761
59902
89726
133775
95472
54136
52466
135726
25801
23511
21116
130143
75790
133026
27693
21927
33114
75200
75756
73712
71528
41075
172674
71565
26057
20202
196259
170839
146552
141405
48001
35721
37608
31036
89079
125524
161952
175444
137115
130020
73708
62526
60854
74525
37496
142875
267483
251392
73935
35170
49552
95955
135232
70829
68028
49145
33545
34977
39152
54140
78523
100940
50073
44875
67596
97336
162865
170190
162859
31300
29050
33429
133378
145288
139391
85330
64799
70715
87197
96915
91433
54528
53112
126523
140414
128120
146502
133555
82956
78765
49402
127028
80303
82672
67830
96224
85344
94618
61308
42698
137733
130979
165552
43108
62611
72213
37165
215642
200719
164410
178988
189596
176176
166907
59090
54833
100287
201286
237885
233446
184238
140928
142606
98862
98190
47872
42844
67859
56132
194509
235074
77846
88037
74578
70494
59413
131756
186619
25325
23816
23996
25899
185766
139270
127216
177096
43034
27520
253721
259478
233007
23252
20914
77915
77813
165186
48825
48953
47218
70810
59865
59934
22001
25196
25113
72902
79235
84334
143182
167442
197933
204431
76393
79306
106848
93029
83689
93583
87849
81810
38907
41339
58733
29014
30991
17161
123615
83430
