161441
164239
153563
73049
89810
100764
90305
138827
202358
240723
190266
128376
143340
141956
147926
146212
134536
43384
171393
130205
52077
49236
27142
122854
84747
62994
60409
53137
67436
67017
69447
91683
78527
99210
80131
149887
144077
27829
27477
27448
119272
95381
76750
39175
73945
63206
31991
33571
34497
93289
25239
26740
55637
48060
50536
47828
158301
154797
96174
78295
57012
51088
82782
142677
146171
165263
208072
181884
227592
275922
69937
149929
101810
155525
167640
277901
285985
238969
136411
214040
151356
59163
62641
50355
124706
41831
46428
44659
41129
43912
76798
97002
93915
253218
262484
288736
46685
41439
59486
231952
242583
242856
141056
156717
141966
57115
46498
45883
47691
91911
96771
94764
140738
145507
130363
64922
74486
36106
45767
52701
47531
76140
73029
62465
75140
70744
91027
142294
90325
53788
51618
141523
25757
24159
22281
130601
71053
142718
28291
22284
32056
73176
77289
69141
69107
39148
140024
67395
21400
19520
173602
180235
147070
150691
47289
34831
36803
31303
88237
117884
143741
178720
129037
117374
71918
60193
59379
73706
33192
133570
272100
231767
70979
36080
50572
93798
140286
68658
69605
49555
32973
33494
37053
50340
77589
97868
48771
45676
73018
94604
170076
171520
162642
29671
30133
34052
138804
150945
152542
84520
65151
70969
87539
90503
80767
54752
48309
131215
140589
131716
157997
123898
79999
80869
49962
131466
77780
82042
67552
92831
84615
94221
60436
41091
137296
131169
162056
43960
65013
71849
47649
204921
196825
161538
170260
179638
177017
157199
54490
54492
93500
198602
239365
229252
192456
151963
151325
95862
98002
47802
44337
71593
57344
210709
229355
83068
93995
77630
73698
60372
138577
180947
24617
23547
24074
24777
172896
139368
141127
190597
45616
33813
351216
255134
218193
21656
20712
73782
77908
163110
51926
51521
47843
70894
61669
63453
21888
25778
26260
76809
81612
87582
153024
174837
192792
209709
82395
90015
94798
95112
86563
94689
85864
94630
46180
42956
66489
29163
30721
17180
125786
83844
