145069
194835
132701
80067
98126
106352
97207
150555
239536
198558
236916
155459
123567
146793
169947
162402
162376
40581
148166
158925
50961
52340
26686
147314
87594
64208
59535
52520
65683
66339
65692
98409
84166
98896
80758
169075
139212
27784
26281
25868
136890
97622
108331
40603
69219
67517
31937
31604
38546
93326
24625
26825
50293
45738
53603
48132
194332
170734
97540
105526
51841
49770
82202
179492
135972
175191
249649
213413
254442
310676
95194
132232
102084
166028
165792
316790
290707
272763
164526
226382
162502
73427
63701
53070
140622
68215
52443
48463
47562
40567
78348
103893
92660
289621
276923
314516
46723
43156
57290
269977
347207
300443
142101
172627
151302
68023
44201
43003
44259
93154
100360
99226
163302
144244
133465
85946
79621
39204
41611
50425
44318
75028
65370
56678
66914
55165
87941
145300
92905
55436
48857
142510
30982
21844
20078
120070
71180
140504
29270
19951
28968
75013
78606
64755
65743
49150
154075
67636
19058
29440
147070
176454
145753
150938
49838
31520
34034
28640
84457
128751
146223
148837
102342
138586
68456
52155
54535
80747
28953
135846
323757
298846
72070
34704
46717
106270
143178
83808
64356
56353
39444
41911
41764
65419
110182
133373
52998
65726
67524
97046
157767
140503
163311
27956
26773
32204
143612
142697
137046
83458
56695
67252
90628
94508
93418
50521
45747
134592
149200
142889
150206
128435
80074
84160
46424
119824
77521
84436
66820
93342
85212
100170
56290
39908
126091
127834
161866
42889
60180
77733
35006
227695
220030
168135
172449
176249
199004
152948
53795
53561
92870
239113
250664
247632
191569
148236
127407
94299
95177
45946
43186
67245
55409
216267
242836
79502
93637
78027
64219
57773
120035
172253
23974
22612
23863
24916
174357
137236
115301
173703
40293
25179
263971
282580
257272
22034
21397
72830
87078
160594
46918
48318
43282
89301
64066
58332
22043
23540
24116
67238
82805
92282
144825
151646
214548
238145
74289
78275
96007
95697
78261
92743
82318
79419
38021
43076
69092
28686
30043
17138
159112
104820
