155473
161472
138512
66515
80709
92059
87906
122727
183065
183185
185617
127903
125002
128805
137576
132458
129924
38762
148717
125143
49202
46062
26599
113912
81970
61611
58796
52142
61112
60894
62699
87610
71071
86215
66487
135772
140135
26126
24678
25683
111786
87134
71655
37553
63044
56561
29321
29976
34185
86625
25614
26633
50983
48169
50878
48869
149470
157273
84830
73625
52884
50641
76356
137062
132003
153408
188813
167423
209417
233361
69749
129414
83875
155939
148092
250299
247208
204781
126892
197483
146796
58042
59947
49293
121687
38594
44440
40254
38056
41709
72517
91461
87292
221791
246421
232186
43085
39313
56467
210564
225465
215838
123159
144116
136386
52486
43475
42857
47222
88920
92550
90884
135466
127538
119298
69626
69231
33055
39758
50625
45807
70853
70232
58911
70687
55673
84298
122477
89673
55023
53110
138482
25612
23500
20512
112015
64446
124206
33681
20935
32098
67016
70926
61243
61992
37236
131786
67308
20354
18929
159071
170243
134804
132565
41999
33333
35428
29839
82130
123448
142360
159531
121188
109572
69247
53606
53951
64142
29963
121542
224128
204319
69614
35499
44748
84529
124611
71809
60047
49230
31432
31802
35221
45788
73502
90398
46354
40910
61644
81261
147224
151143
151595
28699
29473
33463
129968
128754
128521
71781
58087
64397
82168
87677
72094
48472
45189
114120
121004
122604
135344
115264
75548
74601
47165
113004
75653
73073
65990
79687
79962
83346
56022
39456
123405
120200
148319
40326
57550
68810
36266
200488
180631
156294
166812
159071
150966
142601
54982
48651
87551
177435
217739
202545
168229
126407
121808
90236
88118
44973
40594
64379
49225
169056
201424
68587
77749
69026
63419
57159
117172
165174
25591
25462
25443
24302
158583
130181
113454
166896
41433
25990
232335
220193
203576
21900
21152
67225
72469
155309
50720
53245
44398
63679
55295
58619
22000
25739
25649
68618
71318
79331
142448
150168
174629
187566
70398
71922
87452
88957
83152
89698
86333
82583
37386
39143
54175
26816
28128
15853
121570
74885
