51285
46521
41342
23937
29644
30118
28928
31806
80467
77189
78910
33234
36031
35909
39911
38006
35784
10790
44723
34989
12657
12439
6728
31755
26578
16525
15669
13461
17626
17467
17666
29028
24645
29674
23603
40285
41366
6799
6656
6666
30912
30995
24658
10469
18632
15965
7992
7790
8421
27717
6261
6472
12800
12005
12425
12239
45945
45356
30097
26368
14657
13621
24606
39085
38598
47613
82817
56906
97184
115341
17958
33058
29755
46296
45871
126156
124727
97408
36523
89685
43216
14993
15574
12789
32770
12379
11053
11385
10830
11650
23797
29722
28115
102695
118715
117395
11961
11039
15342
96805
100623
100771
36027
42819
39612
14708
11825
11638
12396
28667
30393
30278
38921
37986
34688
15525
23648
10095
11472
13813
11555
23429
19055
15369
18458
15672
28979
35224
28015
13860
13414
39562
6398
6112
5593
31085
19000
34459
6916
5765
7800
23179
23090
17584
18168
10346
39973
18032
5474
5009
54994
57475
39022
37196
11848
8361
9989
7659
26764
31813
39946
52154
38031
31754
18647
15086
15006
18072
8010
35625
111091
97660
19012
8351
14019
28190
37579
18639
17625
12791
8296
8118
9987
12925
24364
30578
12268
11418
17182
29906
44774
46445
46660
7339
6999
8408
35911
37162
37639
25445
15616
19438
26747
28497
27024
13654
12588
30247
35212
33674
39590
31679
24379
24503
12534
31181
24748
25402
16738
28817
25440
29024
15543
10843
33029
34623
46374
10940
15799
23674
9939
87084
82885
45699
50609
51650
48382
44192
14101
15220
29195
82062
97937
90105
56236
35745
34928
28779
30467
12380
11227
17544
13705
77949
91184
23913
27421
23403
18331
16492
32795
53802
6512
5978
5992
6330
53846
36767
30787
52449
11315
6730
101716
103335
89873
5457
5220
18794
23680
42527
12275
12565
11720
17055
14411
15216
5449
6255
6258
19233
25199
27052
38088
44976
77538
83413
23688
24704
29057
28891
26720
29222
26248
27011
10507
10934
15560
7151
7323
4491
32643
24568
