152050
150914
137031
66503
80681
90780
89756
120837
181068
177415
171333
129521
132494
128376
136466
126863
125937
38137
148058
120936
45007
51375
24962
117628
75487
57233
54743
50579
61282
65009
64295
90698
74724
89223
71685
144897
136368
25480
24589
25892
114569
92388
69495
35160
61939
60860
31774
31596
31703
85349
23463
24663
49259
46853
49486
47222
157222
144037
84409
72146
52051
47644
76368
131031
130451
150671
182697
167525
202534
228993
62053
117112
90671
147127
156077
252166
262063
208889
137736
192239
142342
57376
54091
44821
112848
42103
39969
43730
38773
40656
68950
91145
82378
218974
242107
228479
42093
39516
57018
217055
219674
210359
124525
144095
135716
51704
59964
41665
43993
86709
89906
84061
138041
136305
123294
53486
72605
34586
41848
51395
41426
67081
64870
57656
69945
55022
75306
125172
85989
50672
50025
134150
24665
21834
20305
112506
64658
128159
28704
19934
33308
69898
68327
65166
61927
36297
133546
65788
19101
19252
165654
170057
129831
136618
46315
34049
34346
28628
76777
114896
134025
156661
126122
111421
72296
57900
52957
63323
31390
126067
237693
205431
62682
33133
43722
79740
130733
70596
60331
44787
30638
29814
34542
45207
69037
92793
46261
43251
64176
90733
142118
146460
145328
31426
28102
32538
128229
125599
126272
73965
59886
67802
78278
80513
74885
49340
46174
109710
119395
125060
135363
111815
68809
77824
46863
110347
74391
72594
60763
87718
73662
81370
54504
48903
116400
123564
152655
43507
63860
66667
37230
193078
192310
149394
159426
160629
151998
141443
56747
48598
88273
192079
228590
201274
173292
128931
126164
90284
87534
43020
42312
63714
51154
176322
206863
74265
87809
74383
69319
59512
112859
170115
26388
24023
23421
24158
168705
135347
116940
165765
42835
27492
218030
227421
199896
21270
19945
68995
73362
140058
44482
48557
45958
61081
51671
57433
20470
24338
24843
65364
74952
85596
128314
144753
172982
176043
67314
71809
83045
89304
80044
82108
74319
73993
36847
39799
54311
26571
27562
16263
112036
75361
