22439 34141 56580
14063 18428 32491
24897 38814 63711
27447 38447 65894
25672 36660 62332
21665 32102 53767
16004 23102 39106
11639 15490 27129
18713 24743 43456
33558 49897 83455
11721 15530 27251
33567 46081 79648
35788 54630 90418
20984 31474 52458
12146 15702 27848
19195 24574 43769
39889 57518 97407
13658 19788 33446
25354 38657 64011
36400 52183 88583
40271 71896 112167
21603 31722 53325
14280 23233 37513
12087 18636 30723
18661 30431 49092
24960 38611 63571
8226 10297 18523
7649 9538 17187
7856 10284 18140
28068 39973 68041
34286 44902 79188
18584 26380 44964
32580 48775 81355
23555 35778 59333
21064 34910 55974
20139 29442 49581
29831 40736 70567
13799 18196 31995
27839 47264 75103
23730 36942 60672
6608 8004 14612
21086 34970 56056
19259 27788 47047
20092 29424 49516
9417 560 9977
10406 15691 26097
43357 57450 100807
10177 14325 24502
21738 33777 55515
24390 34352 58742
10456 15219 25675
42622 62256 104878
11077 14538 25615
11612 15118 26730
18977 26572 45549
9370 11470 20840
55001 81359 136360
49958 76067 126025
36038 58547 94585
30927 48643 79570
8038 12877 20915
32167 43243 75410
8954 10302 19256
17079 20913 37992
14953 22027 36980
4604 8133 12737
8694 12614 21308
68786 97300 166086
11680 15128 26808
7245 9451 16696
9285 11573 20858
4408 6661 11069
34250 46421 80671
72546 103463 176009
18961 29682 48643
16952 24908 41860
21708 33728 55436
35246 51547 86793
27298 40984 68282
27630 42459 70089
7915 12751 20666
29667 46531 76198
43782 68217 111999
37465 54326 91791
37916 60164 98080
39897 56999 96896
18310 26043 44353
8980 12964 21944
23413 36525 59938
27939 40004 67943
41135 64945 106080
19676 30539 50215
16493 19850 36343
23445 38443 61888
6489 8147 14636
13143 17499 30642
16392 24970 41362
25291 37454 62745
15596 19327 34923
60564 86821 147385
21964 33693 55657
18337 28460 46797
29649 42718 72367
19171 32716 51887
6710 7854 14564
21341 33418 54759
19649 33089 52738
10010 13423 23433
22828 38568 61396
45472 66271 111743
17454 24579 42033
16885 22089 38974
34352 56557 90909
33009 46512 79521
4474 5882 10356
44842 69124 113966
29163 45365 74528
7008 8933 15941
3446 4942 8388
17775 25060 42835
6375 7275 13650
11937 17769 29706
16473 25585 42058
16547 23627 40174
30563 46180 76743
4418 6427 10845
11846 19587 31433
14388 20143 34531
64646 99840 164486
27422 39045 66467
21238 38152 59390
23619 36320 59939
36424 59340 95764
30406 51257 81663
20768 33748 54516
14170 20633 34803
21225 32441 53666
7814 11513 19327
16510 26198 42708
14748 19213 33961
6863 10096 16959
5138 8002 13140
9053 11532 20585
23389 38130 61519
28952 40325 69277
9739 13770 23509
17028 24063 41091
25489 37824 63313
17047 22216 39263
22339 35006 57345
39774 54487 94261
6350 6969 13319
11230 19636 30866
32979 50762 83741
10629 13909 24538
41517 77770 119287
37026 50753 87779
12894 19369 32263
18038 28077 46115
51616 87579 139195
23359 36720 60079
36072 52597 88669
18237 26563 44800
17656 32883 50539
17988 24477 42465
6486 9950 16436
14241 23204 37445
31780 47794 79574
22588 31336 53924
30408 40831 71239
12230 18849 31079
21529 39010 60539
8193 9290 17483
10928 16129 27057
14294 14230 28524
6446 8301 14747
11954 18294 30248
35914 50180 86094
23783 38703 62486
16342 22874 39216
8486 11392 19878
28489 40908 69397
8391 10004 18395
15514 23414 38928
19019 28506 47525
13305 19118 32423
11100 15216 26316
8584 15998 24582
9812 16349 26161
19159 28367 47526
11719 21920 33639
23256 35235 58491
10318 14557 24875
18233 27549 45782
24400 38579 62979
40908 57146 98054
17573 26149 43722
36991 50603 87594
13161 16575 29736
44834 68398 113232
34715 45949 80664
20661 35803 56464
13468 17069 30537
29589 40859 70448
15855 23399 39254
21642 32498 54140
7616 9290 16906
17463 27870 45333
18144 29580 47724
14486 20125 34611
35069 48814 83883
52839 82663 135502
14253 22534 36787
34768 49165 83933
18513 26913 45426
7578 9737 17315
15605 24701 40306
35493 48594 84087
24842 38862 63704
18289 21769 40058
18574 26187 44761
40520 57870 98390
29826 43454 73280
15985 22583 38568
21265 30754 52019
32432 46593 79025
27674 41356 69030
47419 90476 137895
13940 20085 34025
10474 14287 24761
4960 7171 12131
14492 14248 28740
18232 26681 44913
20530 27006 47536
30472 43631 74103
22156 32485 54641
10097 15751 25848
31053 46572 77625
19161 24247 43408
5205 6925 12130
24922 36546 61468
64599 99312 163911
22450 31499 53949
8218 13597 21815
34218 41753 75971
24952 42924 67876
9052 11485 20537
29811 41601 71412
15384 19630 35014
20717 32915 53632
62998 95257 158255
11846 19194 31040
31772 49032 80804
11382 16215 27597
7043 7925 14968
28540 38275 66815
29506 42083 71589
36327 47179 83506
41530 57186 98716
28170 39775 67945
42509 64206 106715
21838 32476 54314
37592 63688 101280
12605 18504 31109
10169 16140 26309
22610 36168 58778
57685 92981 150666
48391 77983 126374
23003 32984 55987
16016 26907 42923
11459 18997 30456
16241 21658 37899
46838 67503 114341
35369 54207 89576
17080 26719 43799
24125 38815 62940
32459 47612 80071
22301 31253 53554
23820 41601 65421
18472 32566 51038
14685 19711 34396
33141 44592 77733
22696 35556 58252
33153 51498 84651
7073 9587 16660
23210 42223 65433
15330 20331 35661
21984 36503 58487
8298 12055 20353
36330 58331 94661
20611 31719 52330
7048 9742 16790
63235 94565 157800
50390 77458 127848
30103 45598 75701
23751 41555 65306
17278 24519 41797
19286 27047 46333
19812 29148 48960
28714 40366 69080
36576 56497 93073
30591 40469 71060
54489 80726 135215
18321 25678 43999
48146 76033 124179
18508 18182 36690
19879 31966 51845
7064 10106 17170
19655 29869 49524
43072 75020 118092
13377 18901 32278
6036 8145 14181
