31955 24393 56348
15082 15523 30605
29849 31036 60885
32485 35233 67718
29369 30129 59498
25449 27808 53257
15261 22490 37751
12905 12456 25361
20790 20652 41442
37161 41566 78727
11756 12092 23848
32488 34394 66882
39277 45721 84998
25030 26928 51958
12765 10951 23716
20297 19584 39881
42875 48419 91294
14575 15370 29945
30062 30868 60930
43932 43879 87811
47332 63643 110975
52238 24316 76554
15956 16277 32233
14269 14740 29009
20609 24151 44760
30233 35497 65730
10046 8809 18855
7690 6788 14478
8775 7840 16615
30375 32312 62687
40357 40101 80458
19143 19512 38655
38009 44271 82280
26220 28389 54609
30675 29010 59685
22618 25576 48194
34417 35472 69889
13988 13606 27594
32030 39241 71271
28173 31257 59430
11190 5582 16772
25843 31212 57055
23222 22856 46078
21826 23614 45440
9318 352 9670
13205 14193 27398
39975 45352 85327
9818 10419 20237
23552 29146 52698
23994 29599 53593
11242 11616 22858
46664 49749 96413
12017 11615 23632
13421 12148 25569
20860 21326 42186
9093 8233 17326
64582 73555 138137
54769 62156 116925
43004 52093 95097
31114 36175 67289
8794 10372 19166
33912 34855 68767
8849 7350 16199
20007 19252 39259
14757 16621 31378
5455 5514 10969
9218 9936 19154
75336 82137 157473
12516 11454 23970
7513 7341 14854
8219 8261 16480
5378 6030 11408
36064 37939 74003
73213 80275 153488
19563 21433 40996
19389 21026 40415
25563 27137 52700
34446 40940 75386
31507 33806 65313
30916 36448 67364
9500 10537 20037
30043 35448 65491
54100 61126 115226
39663 42090 81753
44176 53377 97553
41114 42256 83370
20113 21993 42106
11343 10267 21610
26366 27961 54327
32284 35469 67753
46249 52836 99085
26018 23900 49918
19343 17344 36687
24639 33231 57870
7407 6839 14246
14376 14098 28474
16479 18738 35217
29953 30882 60835
16899 15524 32423
69341 70725 140066
22915 26894 49809
20723 24160 44883
32226 35008 67234
20556 26758 47314
7489 6285 13774
22909 26809 49718
21044 24202 45246
12280 11958 24238
23936 28204 52140
44517 52715 97232
16800 18307 35107
19977 20059 40036
35833 46846 82679
35143 36603 71746
4741 4588 9329
47506 55030 102536
30742 31488 62230
7336 5918 13254
4085 4257 8342
18863 19792 38655
7208 5122 12330
13554 14261 27815
19570 22712 42282
17713 19826 37539
32040 36084 68124
5353 5642 10995
12599 13986 26585
17248 18772 36020
69721 81590 151311
32397 35516 67913
23842 31414 55256
29968 31707 61675
40249 46075 86324
33254 42925 76179
24413 26888 51301
16964 18617 35581
24551 28351 52902
8231 9321 17552
19410 22797 42207
15153 17519 32672
6687 7140 13827
5120 6169 11289
13353 9039 22392
25683 30224 55907
29974 29498 59472
11400 11924 23324
20225 20406 40631
31378 32823 64201
17095 15884 32979
27047 31094 58141
41297 42746 84043
7140 5525 12665
14350 14092 28442
37050 40418 77468
12143 11614 23757
45282 61858 107140
40817 40270 81087
14707 14742 29449
20648 24213 44861
64580 75693 140273
25050 28514 53564
41582 44079 85661
19851 20957 40808
20625 29073 49698
20638 21765 42403
7084 8490 15574
16894 19684 36578
35256 37166 72422
28917 26608 55525
32820 32488 65308
14302 15091 29393
22690 30106 52796
8547 7989 16536
12293 12552 24845
12006 10774 22780
7045 6591 13636
13159 14453 27612
39321 40618 79939
27218 31464 58682
18077 18603 36680
8754 8812 17566
31032 32915 63947
10149 8113 18262
17342 19464 36806
22071 22567 44638
14968 15242 30210
12016 11047 23063
9626 12574 22200
10040 11877 21917
19961 22379 42340
12890 16843 29733
29641 32345 61986
10369 10444 20813
19834 22234 42068
29891 30127 60018
33240 34073 67313
19660 20447 40107
38812 41568 80380
14827 13380 28207
52893 61154 114047
38286 36986 75272
22324 27106 49430
15565 15035 30600
33524 32903 66427
17046 18054 35100
25076 28831 53907
8460 8166 16626
18147 20830 38977
21918 29023 50941
16667 16043 32710
36634 40794 77428
61268 66815 128083
14890 17925 32815
36376 38537 74913
20381 22563 42944
7550 7207 14757
17296 20477 37773
40137 42422 82559
29533 31946 61479
19984 19429 39413
20132 21133 41265
44432 45847 90279
31458 34166 65624
17102 18482 35584
19062 22564 41626
34787 39412 74199
30427 33424 63851
66445 65269 131714
15593 16208 31801
13503 12420 25923
5266 4871 10137
15748 12430 28178
18274 19191 37465
18148 21719 39867
34241 40737 74978
20185 23586 43771
11514 10792 22306
38289 37779 76068
21167 19544 40711
5827 5187 11014
30038 34011 64049
66367 75023 141390
26789 27371 54160
10106 12547 22653
31639 33561 65200
30168 32097 62265
8229 7493 15722
34969 38367 73336
16428 15963 32391
21548 24137 45685
63128 70733 133861
12541 15161 27702
34994 39683 74677
11511 11621 23132
7397 5965 13362
32659 31048 63707
31770 33726 65496
35450 43382 78832
44232 46719 90951
32656 35318 67974
43484 46992 90476
22976 25220 48196
37786 48198 85984
13264 13362 26626
10747 12997 23744
26518 29025 55543
63054 77294 140348
59281 63753 123034
24530 26218 50748
18937 23877 42814
13628 16718 30346
16978 18078 35056
52040 59070 111110
34853 40764 75617
20465 23776 44241
25820 39266 65086
31103 35865 66968
20697 23268 43965
28373 30712 59085
18822 22790 41612
13768 13319 27087
34257 33564 67821
25309 28700 54009
40400 44339 84739
7639 7668 15307
26384 33794 60178
18423 17274 35697
23485 28737 52222
9807 9918 19725
38431 45412 83843
20926 22828 43754
7396 6676 14072
73006 79680 152686
65326 70411 135737
31071 34845 65916
24596 30752 55348
18227 19677 37904
20072 24360 44432
21420 22520 43940
34192 35943 70135
41584 49338 90922
36277 33438 69715
59320 61404 120724
20485 20990 41475
57478 68148 125626
13973 14388 28361
21289 23430 44719
7591 7801 15392
20609 22246 42855
46662 59687 106349
15040 15776 30816
6468 6258 12726
