33732 3396 37128
18273 1409 19682
37431 3606 41037
43774 4931 48705
37220 4110 41330
35683 3562 39245
21143 2374 23517
15526 1505 17031
26934 2570 29504
49367 5937 55304
15789 1795 17584
44074 3832 47906
49625 5390 55015
32053 3223 35276
16299 1277 17576
25240 2232 27472
53440 7508 60948
17965 1918 19883
35155 4179 39334
57808 6699 64507
71558 9337 80895
30541 3286 33827
22185 2371 24556
17052 1929 18981
29405 3511 32916
36874 4449 41323
12633 1059 13692
9555 1016 10571
10182 998 11180
38008 3522 41530
49647 4812 54459
26460 2282 28742
48227 7430 55657
34000 3255 37255
33697 5894 39591
30055 3019 33074
42090 4324 46414
19901 2055 21956
43946 5554 49500
38920 4191 43111
8155 941 9096
37595 4110 41705
28199 2672 30871
31084 3447 34531
8682 7 8689
16993 2271 19264
49840 6029 55869
13742 1555 15297
36203 5032 41235
33119 3950 37069
15767 1653 17420
64056 6548 70604
15347 1368 16715
17133 2610 19743
26300 2802 29102
12009 1131 13140
85379 11057 96436
88274 8821 97095
60285 6815 67100
41919 5349 47268
11802 1457 13259
41883 3796 45679
11994 1015 13009
24121 2209 26330
20742 2503 23245
8034 932 8966
11868 1151 13019
94531 11476 106007
16657 1501 18158
8914 1083 9997
17647 1077 18724
7125 869 7994
46596 4970 51566
104145 12256 116401
28585 2850 31435
26775 2596 29371
35285 3951 39236
49973 5866 55839
41551 4681 46232
40820 5081 45901
14106 1401 15507
40903 5119 46022
82073 8799 90872
52306 6035 58341
61681 7106 68787
54500 6058 60558
25364 2631 27995
14825 1397 16222
37177 3714 40891
41902 5064 46966
66165 7390 73555
31122 3064 34186
23454 2435 25889
35934 4383 40317
9353 772 10125
18808 2059 20867
22914 2424 25338
37991 3920 41911
23073 2295 25368
92376 10494 102870
31959 3484 35443
29484 2824 32308
40739 4768 45507
29733 3871 33604
9381 945 10326
32107 3938 36045
30686 3446 34132
16797 1776 18573
35872 4713 40585
66319 6699 73018
25411 3163 28574
26418 2836 29254
46219 6925 53144
44753 4948 49701
8251 566 8817
66344 8009 74353
37750 4436 42186
8929 971 9900
4926 569 5495
25681 3083 28764
7948 873 8821
19525 2286 21811
25433 4045 29478
23735 3154 26889
40688 4762 45450
6819 666 7485
17734 2330 20064
25090 2981 28071
88741 11886 100627
39179 4843 44022
35328 4957 40285
43312 4385 47697
55994 7825 63819
43998 6410 50408
35640 4085 39725
22555 2944 25499
34077 3693 37770
10044 1225 11269
27173 3424 30597
19568 2263 21831
9456 1293 10749
7816 1240 9056
11186 1072 12258
33591 3707 37298
40557 4693 45250
16103 1796 17899
30345 2565 32910
40659 4024 44683
23707 2822 26529
37954 5250 43204
53919 5027 58946
9551 823 10374
19223 1586 20809
48542 6651 55193
14636 1566 16202
67045 8660 75705
51139 5906 57045
18795 1911 20706
27213 3191 30404
83592 10222 93814
35825 4278 40103
53582 6105 59687
26456 2608 29064
32812 5425 38237
26218 2672 28890
10419 1598 12017
20931 2621 23552
48002 5389 53391
33224 3291 36515
44598 4090 48688
19056 1663 20719
34374 5236 39610
10706 931 11637
14824 1290 16114
16991 1456 18447
8196 736 8932
18980 2259 21239
47011 5024 52035
37525 4935 42460
22646 2284 24930
11149 1062 12211
40209 4623 44832
12704 879 13583
22773 2840 25613
30190 2807 32997
19342 1968 21310
15827 1626 17453
14103 1902 16005
15392 1649 17041
27778 3178 30956
18601 2547 21148
41068 4200 45268
14898 1244 16142
25687 2893 28580
38950 4096 43046
42992 4171 47163
27992 2767 30759
50175 5885 56060
18151 1464 19615
71353 9692 81045
49804 4594 54398
33802 4120 37922
18910 2220 21130
40379 4329 44708
21806 2585 24391
36164 3872 40036
10993 1035 12028
26816 3066 29882
31610 3629 35239
21245 2121 23366
51055 5867 56922
84207 9025 93232
19854 2634 22488
47781 5965 53746
27555 3148 30703
11563 1816 13379
24613 2842 27455
53115 6412 59527
40211 4120 44331
27947 2520 30467
24460 2264 26724
65580 6498 72078
39993 4221 44214
23126 2392 25518
29967 3535 33502
43482 5288 48770
43317 5796 49113
93325 9722 103047
21003 2650 23653
17340 1756 19096
8877 744 9621
18667 1577 20244
29020 3023 32043
32715 3839 36554
44508 5575 50083
34745 3664 38409
15058 1457 16515
47174 6383 53557
28186 3311 31497
7869 700 8569
58095 4191 62286
87802 12546 100348
33525 2912 36437
14461 2114 16575
42458 4195 46653
40667 5127 45794
10965 758 11723
45394 5023 50417
21731 2275 24006
29774 3303 33077
78169 11446 89615
17407 1855 19262
41835 5379 47214
15591 1741 17332
9064 805 9869
40560 3656 44216
40461 4777 45238
45820 5734 51554
55457 5623 61080
40654 4105 44759
85231 7907 93138
38232 3799 42031
52033 6062 58095
17826 1510 19336
15273 2237 17510
37613 4580 42193
87331 12847 100178
79074 9058 88132
33848 3365 37213
25049 3490 28539
18831 2447 21278
22096 2231 24327
73809 8620 82429
49606 6321 55927
27097 3306 30403
34838 3810 38648
38488 4243 42731
28939 3025 31964
42825 5232 48057
25848 3525 29373
17264 1439 18703
43441 4013 47454
37097 4429 41526
63186 6842 70028
10004 857 10861
34282 4315 38597
22676 2259 24935
35619 4086 39705
12711 1062 13773
51464 6379 57843
31094 3521 34615
9391 894 10285
99394 10525 109919
89763 9776 99539
42731 5200 47931
34402 3554 37956
26606 2997 29603
26933 3586 30519
30472 3167 33639
44314 4953 49267
56938 6790 63728
46736 4573 51309
81092 9653 90745
25790 2907 28697
75517 9740 85257
21443 2164 23607
28958 3693 32651
9207 757 9964
29978 3688 33666
61945 8685 70630
20908 2112 23020
8586 965 9551
