8214 73654 81868
4366 37785 42151
9510 79922 89432
9976 73558 83534
8949 68329 77278
7693 64637 72330
4796 44987 49783
3690 33562 37252
6482 56281 62763
12851 106597 119448
3768 33629 37397
10323 85562 95885
11200 116214 127414
8745 73866 82611
4443 39540 43983
6576 59414 65990
12671 111284 123955
4462 42382 46844
10277 81952 92229
14200 124308 138508
16529 157610 174139
7275 68932 76207
5634 47590 53224
4427 39123 43550
6750 62739 69489
10102 83942 94044
3058 26853 29911
2463 19645 22108
2567 23567 26134
8636 74894 83530
12986 101935 114921
7626 57646 65272
13471 106336 119807
8584 74832 83416
8500 76769 85269
7146 66112 73258
11130 91459 102589
4420 35449 39869
10164 87408 97572
9525 80740 90265
2209 18784 20993
9019 76893 85912
6178 55800 61978
7298 62494 69792
6889 4794 11683
4291 37043 41334
12897 114685 127582
3080 27653 30733
8647 77209 85856
8409 66977 75386
3782 33128 36910
15494 133651 149145
4229 33517 37746
4794 38963 43757
5890 48135 54025
2947 27579 30526
20740 173087 193827
18386 162833 181219
14693 130823 145516
12298 101420 113718
3453 31283 34736
11723 76912 88635
2864 26078 28942
5857 47426 53283
5276 46896 52172
2085 17691 19776
3113 28635 31748
23155 197375 220530
4307 37388 41695
2118 21751 23869
2671 24323 26994
1593 15558 17151
12135 103865 116000
26399 202289 228688
9007 79360 88367
7942 57670 65612
8887 75374 84261
13068 105055 118123
10462 96626 107088
10449 94756 105205
2969 26954 29923
10523 107773 118296
18471 156233 174704
13127 114311 127438
13796 122805 136601
12869 104166 117035
6402 56453 62855
3565 32221 35786
9562 82479 92041
10388 92758 103146
18168 147009 165177
8081 76548 84629
5980 49225 55205
8636 80026 88662
2495 29231 31726
5276 43644 48920
5862 51057 56919
9825 79204 89029
6394 49543 55937
25662 174162 199824
7542 72695 80237
6617 66587 73204
10705 83363 94068
7649 72900 80549
2592 18124 20716
8348 71941 80289
7197 71743 78940
4019 32588 36607
10099 81376 91475
16063 143387 159450
5989 49538 55527
6328 57520 63848
14244 121276 135520
11520 100214 111734
1680 15934 17614
14954 130275 145229
8331 72823 81154
2482 20205 22687
1257 13050 14307
6169 52679 58848
2040 16077 18117
4386 38221 42607
5069 53966 59035
5403 54721 60124
9832 78026 87858
1737 16302 18039
3743 38778 42521
5871 45157 51028
20182 178799 198981
10542 86226 96768
7554 67324 74878
9837 88951 98788
13463 132644 146107
10185 99683 109868
8909 79374 88283
5928 51589 57517
8730 75884 84614
2830 24791 27621
6558 62687 69245
5093 42809 47902
1986 19006 20992
1770 16559 18329
2790 24179 26969
9168 84068 93236
9219 73943 83162
3912 34598 38510
5885 54210 60095
11170 86336 97506
5279 46629 51908
8687 70017 78704
22496 118134 140630
2343 17067 19410
4599 40108 44707
11859 96517 108376
4793 35512 40305
15991 163171 179162
13702 119781 133483
4595 36598 41193
7885 67303 75188
20396 182750 203146
9107 78624 87731
13224 112362 125586
7453 60471 67924
8395 71273 79668
5969 56574 62543
2505 21046 23551
6466 51152 57618
10847 91042 101889
9763 77560 87323
10815 91745 102560
4876 39678 44554
8052 80865 88917
2586 25080 27666
4123 37556 41679
4389 34901 39290
2336 17737 20073
4252 37065 41317
13870 119810 133680
9840 85320 95160
9614 55526 65140
2654 26476 29130
10677 88626 99303
3473 28186 31659
6410 53027 59437
7131 68326 75457
4693 45925 50618
4334 35809 40143
3165 28756 31921
3592 34997 38589
13742 53424 67166
4179 46090 50269
9357 82269 91626
3905 32532 36437
6411 52618 59029
9577 82342 91919
9837 82252 92089
6405 55024 61429
12491 106560 119051
4406 39007 43413
18481 152386 170867
12801 108760 121561
7736 76477 84213
5179 43870 49049
10371 85709 96080
5913 50171 56084
7881 71835 79716
2584 25508 28092
6680 62663 69343
7587 69971 77558
4510 39737 44247
12463 111057 123520
17456 149989 167445
5019 46996 52015
12226 102563 114789
5697 50785 56482
2460 20614 23074
5917 54793 60710
13087 111294 124381
8364 77870 86234
6442 55717 62159
6268 57987 64255
15901 135447 151348
9758 87779 97537
5507 42133 47640
6938 64923 71861
11374 97551 108925
11303 85753 97056
20203 169270 189473
4418 39241 43659
4357 37011 41368
1711 17234 18945
4049 37272 41321
5518 47825 53343
7713 60675 68388
10084 106585 116669
6427 56144 62571
3902 33740 37642
10817 87497 98314
6049 53405 59454
1883 17710 19593
8796 77067 85863
21592 181675 203267
9093 77740 86833
3106 35322 38428
10672 88351 99023
10891 84518 95409
2475 27600 30075
11666 132401 144067
5691 47149 52840
7888 64666 72554
20618 168783 189401
4215 40780 44995
11449 97151 108600
3782 35673 39455
2465 19274 21739
10518 87641 98159
11650 89426 101076
12455 125538 137993
17359 143119 160478
10993 98588 109581
17250 137557 154807
7708 68049 75757
12728 140169 152897
4632 39411 44043
3401 30121 33522
8824 77497 86321
21939 172536 194475
20987 164642 185629
9088 75290 84378
5990 59799 65789
4285 39352 43637
5829 46279 52108
19441 145889 165330
13062 108674 121736
7235 63887 71122
8965 77457 86422
9684 86256 95940
6541 61080 67621
8960 75090 84050
6578 61201 67779
4046 34805 38851
13040 82036 95076
7981 68199 76180
13144 112174 125318
2197 19429 21626
9559 72747 82306
6195 48361 54556
7612 74347 81959
2900 28429 31329
12678 114886 127564
6882 59731 66613
2335 20587 22922
21931 179971 201902
18766 157349 176115
9373 78668 88041
9987 94741 104728
5864 48719 54583
6719 55197 61916
6762 57439 64201
10046 94477 104523
12644 117138 129782
11006 83620 94626
17767 145911 163678
5744 53516 59260
18191 143326 161517
4761 39477 44238
7145 64904 72049
2413 20309 22722
8074 69006 77080
19919 184222 204141
5803 56979 62782
2467 21283 23750
