28953 12487 41440
16524 6615 23139
34892 16555 51447
37770 20194 57964
33725 16437 50162
29299 13728 43027
18799 9753 28552
14410 6222 20632
23196 9983 33179
43723 22825 66548
14337 6486 20823
40668 17843 58511
43462 24030 67492
29854 13201 43055
14696 5490 20186
22023 9590 31613
46889 23977 70866
16331 7758 24089
31872 15640 47512
47688 23484 71172
64071 33572 97643
27566 13761 41327
18323 8280 26603
14499 7304 21803
24043 13490 37533
33000 17762 50762
11139 4661 15800
8369 3651 12020
8697 3820 12517
33440 18581 52021
42638 19558 62196
22418 10253 32671
42040 23357 65397
29487 13878 43365
29343 17204 46547
25838 12854 38692
37858 17754 55612
17815 8111 25926
34753 20526 55279
35088 17790 52878
7174 3070 10244
31889 16003 47892
23676 11745 35421
24176 12315 36491
8756 118 8874
15559 7741 23300
43733 23221 66954
11683 5506 17189
29832 16348 46180
27724 15337 43061
12940 5903 18843
54266 25742 80008
14308 6081 20389
15637 6535 22172
23778 11427 35205
10832 4445 15277
76330 40855 117185
66893 31845 98738
49502 27342 76844
37046 20474 57520
10704 5724 16428
39064 17487 56551
10537 3752 14289
22661 10234 32895
17840 8458 26298
7265 3135 10400
10968 5131 16099
85051 45501 130552
14356 5704 20060
8092 3993 12085
9742 4404 14146
6325 3108 9433
40509 19645 60154
86801 45293 132094
23685 11878 35563
27879 10509 38388
33058 22316 55374
41883 21987 63870
36524 19032 55556
36778 20789 57567
11139 5455 16594
40442 21087 61529
64429 32039 96468
45981 26398 72379
54202 28563 82765
48002 22890 70892
22618 11075 33693
11921 5247 17168
36556 16783 53339
38044 18878 56922
59120 29166 88286
29112 14209 43321
20700 8493 29193
32193 17146 49339
8605 3334 11939
16816 8029 24845
20675 10260 30935
33057 15515 48572
21154 7819 28973
79160 39579 118739
28126 13609 41735
26950 13219 40169
35744 18146 53890
25642 14525 40167
8444 3610 12054
29109 15354 44463
24443 13522 37965
14931 6422 21353
30693 15892 46585
49757 26727 76484
18745 10120 28865
22212 10539 32751
46590 27463 74053
40938 19970 60908
6060 2277 8337
58735 29675 88410
32199 16297 48496
7634 3168 10802
4562 2279 6841
21027 11071 32098
7722 2845 10567
15003 7168 22171
22395 13221 35616
20999 10445 31444
36181 19467 55648
6713 3066 9779
15957 8399 24356
19113 9761 28874
83191 45138 128329
37810 19529 57339
29474 16737 46211
35755 17108 52863
47609 26468 74077
38833 24460 63293
32884 16138 49022
18792 9772 28564
32390 15925 48315
9790 5147 14937
21441 11975 33416
17802 7917 25719
7954 4193 12147
6563 3435 9998
11574 4823 16397
32403 16856 49259
36386 17049 53435
13413 6173 19586
23757 10983 34740
34360 16499 50859
20496 9533 30029
34006 17690 51696
49713 21691 71404
8612 3075 11687
16466 7397 23863
44453 23872 68325
13995 6030 20025
53816 35474 89290
48614 24216 72830
17258 7567 24825
46138 12967 59105
70766 38952 109718
31052 14693 45745
50616 24682 75298
22952 10917 33869
25221 16496 41717
24760 13391 38151
8556 4750 13306
20145 11449 31594
41749 22357 64106
33547 13416 46963
38712 17287 55999
16491 8044 24535
30240 24150 54390
10592 4177 14769
16508 6640 23148
15289 6141 21430
8161 3422 11583
17004 8468 25472
45372 22114 67486
32965 17604 50569
21680 10541 32221
10850 4888 15738
37803 18222 56025
11529 4366 15895
19836 10675 30511
28791 12718 41509
16590 8080 24670
15217 6288 21505
11215 6898 18113
13415 6805 20220
24008 12306 36314
15934 9243 25177
33452 17096 50548
13057 5410 18467
21900 11756 33656
34780 16491 51271
39632 19780 59412
24579 11595 36174
45954 23044 68998
19952 6316 26268
66149 35773 101922
48545 21049 69594
27352 14878 42230
17869 8394 26263
37923 18292 56215
19449 10074 29523
32121 15737 47858
9875 4311 14186
23050 11991 35041
24616 13711 38327
18496 8562 27058
46542 24845 71387
72668 36088 108756
17854 9780 27634
43358 23265 66623
23193 12975 36168
9402 4195 13597
18786 11133 29919
47768 22677 70445
34180 17449 51629
23164 10378 33542
23425 11300 34725
55244 26517 81761
36956 18571 55527
19418 9082 28500
23401 12925 36326
39470 21682 61152
36494 19772 56266
65829 35365 101194
16630 7998 24628
14451 5825 20276
6805 2687 9492
15196 5903 21099
21120 10714 31834
21734 11910 33644
41676 20915 62591
23286 12800 36086
18231 6278 24509
43002 19248 62250
21727 10096 31823
6824 2826 9650
33573 16127 49700
76584 42989 119573
32264 13990 46254
11928 6878 18806
36337 18484 54821
34548 16774 51322
9829 3775 13604
39347 19449 58796
18672 8734 27406
23249 11698 34947
67943 39010 106953
15179 8341 23520
39129 24034 63163
13965 6316 20281
7814 2749 10563
36327 16350 52677
34519 18048 52567
41516 22944 64460
48584 24999 73583
36519 18956 55475
50866 26548 77414
28845 13916 42761
43462 26506 69968
15713 7062 22775
12938 7037 19975
35451 17651 53102
73442 43947 117389
68265 36651 104916
29665 13729 43394
21064 12881 33945
15390 9027 24417
18290 9211 27501
66137 32447 98584
41362 23435 64797
22483 12125 34608
31518 15158 46676
34267 17883 52150
30115 11729 41844
32539 17879 50418
22063 12548 34611
16035 6530 22565
40160 18869 59029
29473 14623 44096
44591 27201 71792
8460 3531 11991
31131 17538 48669
20391 8872 29263
28550 15156 43706
10647 4751 15398
44195 25347 69542
26484 13407 39891
8045 3428 11473
82623 42941 125564
76088 39520 115608
38459 19739 58198
33405 18153 51558
21824 10849 32673
23311 13621 36932
25433 12308 37741
39031 20347 59378
49350 27449 76799
41708 19050 60758
71229 34761 105990
22627 11313 33940
82511 36016 118527
16674 8024 24698
24450 13340 37790
7879 3594 11473
24075 11624 35699
59289 34414 93703
17005 9170 26175
7549 3397 10946
