6878 71981 78859
3342 37338 40680
12861 72635 85496
7948 90198 98146
6729 79940 86669
7169 78657 85826
5700 62145 67845
3277 35897 39174
5016 53370 58386
9118 102592 111710
2712 30589 33301
10724 93692 104416
10638 119137 129775
6863 76612 83475
3094 33884 36978
5537 58364 63901
11158 106551 117709
3806 43737 47543
6792 70978 77770
12242 126908 139150
12449 142693 155142
5313 69253 74566
4484 44273 48757
3098 35813 38911
5564 62189 67753
7824 89146 96970
2822 28734 31556
2249 23425 25674
2391 25472 27863
8477 86943 95420
10306 108443 118749
5919 60499 66418
9766 97957 107723
7205 78778 85983
6347 76028 82375
5403 62044 67447
7964 94050 102014
5065 43865 48930
7658 85168 92826
7456 77730 85186
2012 17712 19724
6405 72706 79111
4977 63780 68757
6095 65777 71872
6498 6273 12771
3493 38894 42387
10204 119257 129461
2821 31772 34593
7183 82130 89313
5993 72379 78372
3065 34241 37306
12455 124094 136549
3021 35052 38073
3860 39698 43558
5515 59132 64647
2594 25226 27820
16743 183435 200178
15185 165386 180571
12276 118700 130976
7964 88975 96939
2371 27638 30009
9194 91480 100674
2929 27188 30117
6667 50944 57611
4154 48284 52438
1533 18380 19913
2865 29818 32683
22536 211455 233991
3097 34737 37834
1819 22275 24094
2149 24631 26780
1476 17094 18570
8936 98335 107271
21512 217830 239342
5600 57603 63203
6171 53683 59854
7621 81551 89172
10406 110076 120482
8751 101391 110142
8066 92649 100715
2388 28086 30474
8479 97314 105793
14419 140613 155032
10194 106979 117173
11438 129700 141138
11689 124208 135897
4843 51042 55885
2544 30562 33106
7671 85751 93422
7745 88194 95939
12459 134527 146986
6640 73504 80144
4446 51376 55822
6348 74925 81273
1845 24005 25850
3818 45042 48860
4015 47166 51181
7719 80092 87811
4227 43082 47309
19073 192091 211164
5465 67095 72560
8081 68795 76876
8799 96509 105308
5681 73206 78887
2047 20410 22457
6790 74179 80969
5085 71071 76156
3444 36429 39873
7304 85717 93021
10986 126805 137791
4197 45718 49915
5047 51354 56401
9127 98315 107442
9432 105407 114839
1759 16439 18198
14345 153304 167649
7579 83919 91498
1680 17513 19193
1170 12727 13897
4805 56083 60888
2147 17848 19995
4146 47028 51174
5156 63662 68818
4455 53648 58103
8289 82568 90857
2081 15256 17337
3712 62695 66407
4278 44152 48430
16374 194100 210474
8503 91117 99620
6834 81592 88426
7949 84840 92789
10703 115485 126188
8034 101027 109061
6534 72817 79351
4357 52256 56613
6314 72447 78761
2105 22648 24753
5668 63726 69394
3919 43761 47680
1730 19465 21195
1480 18219 19699
2606 24890 27496
7113 82190 89303
7420 80157 87577
3206 36284 39490
5076 56025 61101
7444 78542 85986
4829 53167 57996
6530 71741 78271
10751 107464 118215
2094 20771 22865
3436 38400 41836
9783 103259 113042
3478 36194 39672
12225 152962 165187
10638 108686 119324
3399 37841 41240
5845 66548 72393
14471 166097 180568
6177 71836 78013
11519 115642 127161
5307 54456 59763
5256 63697 68953
5589 59680 65269
1963 21009 22972
3928 46644 50572
8687 91394 100081
6551 71011 77562
9591 100316 109907
3332 36062 39394
6889 81116 88005
2207 24837 27044
2794 35988 38782
3264 33571 36835
1606 21929 23535
3959 41914 45873
10333 111671 122004
7604 85321 92925
4549 48072 52621
2164 24274 26438
8010 82303 90313
2779 26650 29429
4735 55094 59829
7463 69772 77235
3762 43348 47110
3143 37115 40258
2737 35512 38249
2795 38266 41061
5596 62242 67838
3854 45208 49062
7539 74209 81748
3091 34026 37117
5303 57278 62581
8003 81690 89693
8002 86134 94136
5978 66085 72063
9724 104461 114185
3821 40952 44773
15935 160915 176850
9824 104427 114251
5331 68180 73511
4029 45299 49328
7895 82369 90264
4865 56444 61309
6446 71473 77919
2379 30676 33055
5927 63995 69922
5446 81625 87071
3936 41403 45339
10890 120114 131004
14803 154887 169690
5143 49464 54607
10774 108410 119184
4826 52416 57242
2045 24242 26287
4208 47259 51467
10882 114627 125509
8176 81844 90020
5914 59573 65487
4891 52874 57765
11444 121696 133140
8398 96142 104540
4135 43828 47963
5701 67144 72845
8444 84920 93364
7902 85758 93660
16020 169972 185992
3625 43600 47225
2985 39093 42078
1436 18409 19845
3835 40222 44057
5405 56645 62050
6040 61594 67634
9122 102060 111182
5963 67262 73225
2791 30576 33367
9836 133420 143256
5734 60584 66318
1534 19547 21081
7835 90141 97976
20326 186425 206751
7323 80574 87897
2780 35102 37882
8437 94033 102470
8866 90131 98997
2132 24776 26908
8672 89154 97826
4718 52849 57567
5354 63926 69280
16976 171036 188012
3047 38140 41187
9068 105459 114527
3371 36451 39822
2028 20855 22883
7771 74999 82770
8230 90869 99099
8144 100799 108943
11884 124971 136855
8680 93886 102566
11668 126300 137968
6503 69424 75927
9601 126053 135654
3572 34992 38564
2649 31714 34363
6705 74730 81435
17338 161392 178730
14208 153124 167332
6173 65344 71517
5671 60847 66518
3837 43722 47559
4446 40890 45336
15838 159776 175614
10219 118120 128339
4975 58264 63239
7588 88508 96096
8420 93757 102177
5750 60437 66187
7588 83303 90891
5079 54722 59801
3382 34561 37943
9296 96952 106248
6217 75745 81962
9928 103346 113274
1914 23183 25097
6837 77535 84372
4423 45871 50294
6256 77758 84014
2880 31435 34315
10970 119931 130901
5616 62482 68098
1727 19442 21169
18031 185169 203200
16401 181652 198053
8047 84319 92366
6353 71913 78266
4294 48395 52689
5395 60475 65870
5286 59084 64370
7824 85704 93528
11366 118527 129893
10035 99746 109781
15462 150006 165468
5264 52093 57357
14926 148081 163007
3505 36161 39666
6026 66908 72934
1756 22179 23935
5918 68390 74308
13627 154535 168162
3645 42054 45699
2200 21668 23868
