11778 51768 63546
6856 36230 43086
14771 73145 87916
15005 65507 80512
12328 59495 71823
13011 55647 68658
7239 38875 46114
6149 29458 35607
9079 41203 50282
16792 85352 102144
5154 24191 29345
16982 79979 96961
16690 86548 103238
11151 55038 66189
6435 28176 34611
10710 47982 58692
20406 103154 123560
6878 36319 43197
13519 71329 84848
21804 94173 115977
24876 121682 146558
13592 55993 69585
7185 38408 45593
6302 33655 39957
10879 52914 63793
14032 76111 90143
5777 19800 25577
3806 18012 21818
3542 18363 21905
14466 71403 85869
17793 76996 94789
10808 49275 60083
17464 82263 99727
11235 56821 68056
12711 59824 72535
11652 55886 67538
14949 70472 85421
7341 34410 41751
14917 77329 92246
12758 62599 75357
3215 15694 18909
11865 58371 70236
9528 46403 55931
10211 46693 56904
10414 2511 12925
6187 31226 37413
16657 91663 108320
5792 21777 27569
12908 65939 78847
12883 62768 75651
5467 24006 29473
24723 112643 137366
5449 24110 29559
7023 32278 39301
9765 46706 56471
4635 25262 29897
28792 143596 172388
28017 134728 162745
23075 98357 121432
14446 72649 87095
4342 24223 28565
17313 77445 94758
8588 23424 32012
16924 44924 61848
7361 40555 47916
2648 16270 18918
5191 29173 34364
39090 183512 222602
6988 26484 33472
3202 16160 19362
3678 18666 22344
2442 12119 14561
17655 84378 102033
36674 157373 194047
10006 46081 56087
9619 43754 53373
17218 58106 75324
17935 87522 105457
14291 71191 85482
15460 83411 98871
4675 21964 26639
13801 78075 91876
24853 120445 145298
20158 95898 116056
21197 102485 123682
20809 101344 122153
9342 42455 51797
5076 24792 29868
14225 60077 74302
17249 78181 95430
23718 108849 132567
13081 59646 72727
8358 36527 44885
11491 61137 72628
3568 18945 22513
6359 33763 40122
12808 40311 53119
12946 59949 72895
7809 35932 43741
30505 148946 179451
12274 61696 73970
10262 49540 59802
15431 76898 92329
11076 53738 64814
3426 16071 19497
13259 61865 75124
10251 54308 64559
5596 25481 31077
12459 67905 80364
21993 104063 126056
8418 39878 48296
9655 41029 50684
16342 83473 99815
16141 78303 94444
2397 11318 13715
24081 111582 135663
13133 65284 78417
3030 14760 17790
2045 11513 13558
8555 40249 48804
3269 14987 18256
5848 28543 34391
9444 51032 60476
7603 39598 47201
14848 69125 83973
2560 13569 16129
5850 31628 37478
7955 36074 44029
32952 172785 205737
14785 76409 91194
11578 62427 74005
13500 65880 79380
18993 99106 118099
16323 88866 105189
12549 62079 74628
7825 38716 46541
13039 64162 77201
3927 20096 24023
10382 55236 65618
6523 33140 39663
2988 16278 19266
2451 13444 15895
4657 22012 26669
11818 64636 76454
14759 73290 88049
5842 29016 34858
10128 48779 58907
13539 67191 80730
8055 37598 45653
12606 60663 73269
21264 93726 114990
3827 15817 19644
6033 32659 38692
18999 88952 107951
5564 25895 31459
21500 118000 139500
21754 98317 120071
7060 36827 43887
11255 53634 64889
29034 160521 189555
13666 63757 77423
21106 94587 115693
10694 45998 56692
10506 54039 64545
10221 48670 58891
3473 17608 21081
7601 44325 51926
16281 76029 92310
13144 57933 71077
15856 73111 88967
6548 33832 40380
12979 68023 81002
4019 18760 22779
5741 30021 35762
6155 26906 33061
2959 17273 20232
6821 33685 40506
17934 83569 101503
13254 67877 81131
8957 43914 52871
3922 19272 23194
15901 77157 93058
5385 22623 28008
8137 42713 50850
12107 52445 64552
5951 31941 37892
7210 31127 38337
4417 24233 28650
5794 29083 34877
9738 50096 59834
6446 38310 44756
15554 81283 96837
6664 30076 36740
9263 43966 53229
13362 70046 83408
17237 85635 102872
10942 51485 62427
19892 90916 110808
6950 32497 39447
28728 136284 165012
19466 91216 110682
12884 79208 92092
6773 32965 39738
14603 69603 84206
10633 43832 54465
11320 62423 73743
4570 21729 26299
9362 48334 57696
22090 57356 79446
9193 37749 46942
19856 96330 116186
33793 148259 182052
7440 40148 47588
18693 89704 108397
9230 47909 57139
3554 18000 21554
8052 40405 48457
19754 93179 112933
19584 68747 88331
9324 40313 49637
9095 45572 54667
24141 113542 137683
15260 80219 95479
8626 42027 50653
10739 55365 66104
17923 73955 91878
16501 82141 98642
24521 129231 153752
7400 38380 45780
6327 31273 37600
2431 13108 15539
6657 33096 39753
8832 42242 51074
10855 51304 62159
14704 78551 93255
11355 53348 64703
5364 25714 31078
16503 82154 98657
10301 48530 58831
2869 14600 17469
14211 72902 87113
32554 173460 206014
12092 61748 73840
4697 24705 29402
15467 74888 90355
13379 63983 77362
4523 21412 25935
17192 83616 100808
7604 35820 43424
11407 56392 67799
26600 129858 156458
6292 35514 41806
16960 87483 104443
5541 26398 31939
3766 16500 20266
15379 70161 85540
13971 73657 87628
17545 89285 106830
21124 105291 126415
15163 79282 94445
24099 112426 136525
12566 57684 70250
19488 121834 141322
5886 36172 42058
5154 25860 31014
12709 62366 75075
28508 139996 168504
27457 143764 171221
13332 60673 74005
10014 49743 59757
5881 33040 38921
8121 38998 47119
26496 121147 147643
18282 94570 112852
9762 48787 58549
14125 69025 83150
13651 74756 88407
11022 52804 63826
13414 62914 76328
9573 46074 55647
7100 32294 39394
16449 78022 94471
12415 61792 74207
19728 90538 110266
3278 17817 21095
13095 89460 102555
12619 40454 53073
12566 62002 74568
4708 22862 27570
18265 88560 106825
11330 52112 63442
3488 17830 21318
35900 178312 214212
26471 135179 161650
13657 73012 86669
13662 71546 85208
8218 40207 48425
9614 48107 57721
12429 47849 60278
15391 72745 88136
20507 100720 121227
18510 83503 102013
29438 141855 171293
10026 45694 55720
28014 130869 158883
7266 33917 41183
11199 49507 60706
3182 18163 21345
10897 49856 60753
24993 128719 153712
7607 41519 49126
3377 16471 19848
