5547 73662 79209
2729 38458 41187
6337 87732 94069
5993 82631 88624
5262 74508 79770
5567 71368 76935
3146 46943 50089
3117 35673 38790
4507 60483 64990
7786 121070 128856
2397 31907 34304
6329 88669 94998
7343 107062 114405
6544 67798 74342
2369 34121 36490
3881 53480 57361
8313 121857 130170
2559 42869 45428
6153 83903 90056
9175 128528 137703
9614 144484 154098
4908 68082 72990
3627 51432 55059
2480 37042 39522
4065 61685 65750
6001 94876 100877
1801 25801 27602
1691 20535 22226
1582 22573 24155
5522 79040 84562
7345 97415 104760
4813 62423 67236
7377 100275 107652
5951 78669 84620
5142 68046 73188
4857 66261 71118
6375 89344 95719
2896 41625 44521
5743 84742 90485
6005 77552 83557
1289 18491 19780
5696 88495 94191
5590 60863 66453
4593 61500 66093
6058 8386 14444
2724 34891 37615
7487 114379 121866
2092 29637 31729
5870 72170 78040
5369 70353 75722
2565 36228 38793
10092 128511 138603
2861 36084 38945
2716 36728 39444
4018 54614 58632
1861 26864 28725
12670 178188 190858
13523 163575 177098
10531 142521 153052
6659 92243 98902
1907 29575 31482
6610 86239 92849
1904 24709 26613
4654 60681 65335
3316 50644 53960
2074 16548 18622
2080 30495 32575
14174 186359 200533
2368 33244 35612
1376 20642 22018
1766 28275 30041
1266 15725 16991
7665 107449 115114
16595 229367 245962
4384 58058 62442
4958 60666 65624
5784 83919 89703
6982 103146 110128
6284 93507 99791
6568 90846 97414
1999 28445 30444
5896 90706 96602
12277 140483 152760
9314 113418 122732
9911 128079 137990
9523 127249 136772
3801 53336 57137
2214 30040 32254
6077 83746 89823
6204 90907 97111
10582 136140 146722
5762 74790 80552
3508 48994 52502
5836 84534 90370
1343 21929 23272
3229 46437 49666
3285 49171 52456
6224 75403 81627
3399 44724 48123
13541 178989 192530
5384 77725 83109
4556 63862 68418
6117 84744 90861
5470 71198 76668
1535 21498 23033
5256 73053 78309
4982 75585 80567
2493 34674 37167
6289 83724 90013
10011 130654 140665
3425 53879 57304
4274 60322 64596
8258 114294 122552
6529 95133 101662
1052 14902 15954
14333 151024 165357
5379 80760 86139
1280 19461 20741
1075 14399 15474
4167 56979 61146
1318 17187 18505
2843 40408 43251
3514 57612 61126
3391 53923 57314
6769 95615 102384
1348 16775 18123
3426 42983 46409
3679 49598 53277
13379 204409 217788
6985 97290 104275
5386 71157 76543
6604 89563 96167
8468 119778 128246
6190 93962 100152
5208 71720 76928
3332 52781 56113
5305 71305 76610
1516 23268 24784
4789 57367 62156
2727 40103 42830
1311 19608 20919
1190 18067 19257
2098 29766 31864
5852 85192 91044
6228 89094 95322
2722 43260 45982
4717 69364 74081
6633 94760 101393
3583 55944 59527
5591 76700 82291
9644 122105 131749
1993 21581 23574
2679 36779 39458
8740 114378 123118
2325 32299 34624
10806 166394 177200
9485 133526 143011
2761 38526 41287
5575 59818 65393
11788 203710 215498
5428 74505 79933
9376 143835 153211
5131 69029 74160
4835 73288 78123
4558 62160 66718
2368 25802 28170
4437 56246 60683
7920 109150 117070
5600 84188 89788
7384 104293 111677
3042 44326 47368
4915 79867 84782
1840 26229 28069
2392 33505 35897
2476 37706 40182
1262 20452 21714
2744 39650 42394
7599 104251 111850
6189 86444 92633
3534 51727 55261
1707 28837 30544
6863 97002 103865
2469 30620 33089
3459 51717 55176
5693 68381 74074
2903 45644 48547
2714 32702 35416
2160 34870 37030
2253 32376 34629
3892 57348 61240
2893 47769 50662
6889 89322 96211
3432 36640 40072
4264 56277 60541
5486 75001 80487
7313 99908 107221
4413 58936 63349
7714 106664 114378
2542 36864 39406
13119 157575 170694
7782 110092 117874
4767 71802 76569
3083 42653 45736
6265 81012 87277
3736 56028 59764
5486 69521 75007
1774 27360 29134
4596 65475 70071
4637 66541 71178
3081 42865 45946
7689 106500 114189
12972 175932 188904
2669 42825 45494
7375 97432 104807
4014 57004 61018
1542 25582 27124
3848 58266 62114
8301 114857 123158
12978 85052 98030
3856 58128 61984
3813 55306 59119
9959 130444 140403
6046 89012 95058
3217 46105 49322
4293 72855 77148
7548 101032 108580
6566 88582 95148
11681 160000 171681
3074 50757 53831
2647 39672 42319
1969 15813 17782
2504 38330 40834
4445 61867 66312
4917 64900 69817
6438 93532 99970
4899 68551 73450
2335 30991 33326
7004 92873 99877
4577 60041 64618
1123 19514 20637
5530 80821 86351
13181 228650 241831
5099 71563 76662
2375 33941 36316
7443 105335 112778
6462 83210 89672
1808 28116 29924
7252 94901 102153
3472 51860 55332
4334 64574 68908
13527 179950 193477
2360 38449 40809
6659 97418 104077
2408 33533 35941
1501 19127 20628
6203 78844 85047
5717 86811 92528
6788 114770 121558
9450 129892 139342
6112 89191 95303
11350 145063 156413
8418 64071 72489
9236 130242 139478
2724 39792 42516
2209 32092 34301
6221 85581 91802
13083 163462 176545
13339 181009 194348
6273 75366 81639
4484 64046 68530
2762 40543 43305
3320 42985 46305
10876 144032 154908
7621 105596 113217
5131 66683 71814
6096 75726 81822
6917 97498 104415
4276 59055 63331
5381 75991 81372
4144 60634 64778
2586 36353 38939
6891 88916 95807
5939 80040 85979
7908 103562 111470
1402 20374 21776
5849 86415 92264
3331 50646 53977
4768 72718 77486
2044 29977 32021
7169 107802 114971
5315 72061 77376
1344 19775 21119
15165 216787 231952
13631 181028 194659
7055 96908 103963
5461 73777 79238
4511 53790 58301
4267 66834 71101
4399 59579 63978
6207 86416 92623
9742 180964 190706
8126 105050 113176
11973 154030 166003
4293 58937 63230
12751 155212 167963
2652 36381 39033
4967 62443 67410
1380 22033 23413
4464 60184 64648
10289 140516 150805
2924 49802 52726
1290 18387 19677
