17245 46401 63646
8865 26765 35630
17529 51894 69423
21898 55129 77027
17258 45735 62993
17823 50711 68534
10425 29969 40394
9293 23205 32498
15565 38457 54022
28406 79400 107806
6903 20124 27027
23686 64485 88171
31096 78708 109804
18612 50135 68747
8938 22386 31324
14519 37206 51725
32375 94336 126711
10546 28821 39367
20919 55739 76658
31571 84076 115647
37785 114199 151984
16733 46745 63478
12160 34538 46698
9093 25119 34212
14409 43920 58329
20687 63311 83998
8314 17275 25589
5541 14060 19601
6181 17078 23259
20159 60365 80524
25311 65162 90473
13845 39045 52890
23732 71351 95083
18854 46708 65562
15756 47190 62946
14189 44103 58292
20331 54833 75164
9142 23700 32842
22615 57538 80153
20593 63282 83875
5299 14329 19628
19413 54431 73844
17275 40945 58220
14270 40510 54780
9532 1555 11087
9133 27722 36855
24268 70574 94842
7906 21417 29323
16083 51020 67103
16685 50903 67588
6980 18072 25052
33697 91673 125370
7921 18947 26868
10204 24744 34948
15024 37997 53021
9082 17778 26860
42412 124145 166557
38626 106915 145541
30520 89553 120073
22364 64924 87288
7278 19914 27192
21052 54229 75281
6112 14572 20684
15296 35344 50640
10726 31266 41992
4150 11152 15302
6612 18395 25007
46899 138439 185338
8805 22401 31206
5170 13579 18749
5871 16789 22660
3733 10613 14346
22289 60067 82356
49820 145075 194895
14195 41194 55389
14136 39896 54032
18055 51667 69722
23412 64772 88184
21365 62620 83985
21488 66542 88030
6816 19689 26505
21278 64763 86041
50616 94675 145291
27690 70550 98240
28783 87788 116571
29355 71793 101148
13553 33365 46918
6621 18378 24999
18861 53299 72160
19736 55126 74862
33418 97975 131393
18828 45948 64776
12652 29189 41841
17925 54181 72106
5360 14381 19741
10480 28889 39369
11764 35200 46964
20322 53594 73916
11144 27716 38860
46278 129639 175917
16972 48608 65580
15606 44149 59755
19756 53984 73740
14908 48589 63497
5777 13478 19255
17604 50837 68441
16252 47271 63523
7934 19537 27471
17419 55009 72428
30872 92503 123375
11757 34619 46376
14584 33914 48498
24787 79202 103989
23064 67362 90426
3640 10066 13706
30605 87786 118391
19189 55871 75060
4548 11226 15774
2844 8644 11488
15561 35441 51002
4770 10839 15609
9086 25070 34156
12893 36142 49035
10620 30837 41457
22192 71067 93259
4124 11287 15411
9367 28972 38339
13110 34140 47250
46025 134158 180183
20463 56054 76517
16625 54530 71155
20759 56611 77370
30634 84998 115632
20040 64091 84131
16226 46111 62337
12057 33856 45913
18509 50516 69025
5879 16448 22327
12447 38327 50774
10489 28063 38552
4751 13618 18369
3933 11207 15140
6391 16516 22907
18340 53185 71525
21235 56797 78032
7090 20016 27106
13706 38239 51945
21740 52747 74487
12561 32350 44911
18595 55195 73790
28344 69092 97436
4755 10927 15682
9807 25791 35598
26061 72734 98795
8108 18793 26901
31312 103715 135027
30634 79425 110059
10099 27129 37228
15264 44717 59981
40702 129743 170445
18526 51533 70059
29932 83039 112971
15357 39343 54700
14733 48258 62991
15564 43020 58584
5791 17581 23372
10489 30316 40805
23828 68730 92558
19014 49539 68553
21339 56821 78160
8621 26461 35082
16932 54299 71231
6834 18059 24893
8698 24164 32862
8128 23328 31456
4929 12624 17553
11272 28070 39342
27645 74258 101903
20408 48761 69169
12920 38242 51162
6739 17547 24286
21232 60002 81234
7444 17851 25295
10705 31802 42507
15670 45688 61358
8946 25420 34366
8855 22605 31460
6632 24454 31086
6948 20437 27385
14938 41294 56232
9378 31808 41186
19016 54228 73244
7309 20887 28196
13805 41464 55269
21183 59155 80338
23694 58022 81716
13248 36716 49964
27154 74519 101673
9905 22255 32160
40850 105858 146708
26729 67363 94092
14838 48358 63196
10368 24771 35139
21854 51432 73286
11072 30721 41793
17844 50782 68626
5710 13955 19665
13519 40685 54204
13715 42207 55922
11385 29956 41341
26627 77395 104022
37671 109989 147660
9066 27967 37033
22914 61834 84748
13232 34800 48032
5389 14587 19976
10601 31663 42264
29005 75426 104431
17448 48291 65739
13451 31641 45092
14781 39248 54029
29223 80393 109616
23492 56701 80193
12468 32477 44945
14488 44489 58977
21325 59332 80657
20490 60063 80553
35782 108032 143814
12312 26648 38960
8258 21181 29439
3509 9713 13222
8618 22582 31200
13463 36712 50175
12720 36281 49001
20846 66806 87652
14889 43578 58467
6866 19247 26113
20173 59612 79785
15119 36629 51748
3664 11066 14730
20727 57450 78177
45319 139612 184931
17053 46493 63546
7215 22057 29272
19588 58930 78518
21337 56599 77936
5718 15037 20755
21827 62400 84227
11923 32747 44670
15005 47952 62957
41687 107148 148835
8376 26593 34969
23160 70351 93511
8890 23172 32062
5165 11605 16770
22472 49823 72295
21066 61116 82182
23291 75574 98865
32871 83565 116436
21804 63085 84889
29716 82161 111877
16187 43866 60053
27463 92102 119565
9279 26036 35315
6943 20443 27386
18665 57448 76113
41914 124010 165924
40079 117717 157796
16775 46042 62817
12801 38012 50813
9344 29107 38451
13048 31250 44298
36588 99842 136430
25104 76827 101931
13777 41462 55239
17514 50352 67866
19261 57343 76604
13426 40754 54180
18142 52558 70700
12721 36472 49193
8950 24553 33503
22193 59987 82180
16700 46669 63369
27327 71125 98452
5018 14120 19138
18578 58419 76997
11803 35062 46865
14970 45802 60772
6034 16961 22995
26419 79868 106287
15385 52784 68169
4673 13288 17961
49240 143965 193205
40916 116144 157060
22282 64959 87241
16413 54652 71065
12883 48789 61672
14590 45026 59616
19889 38665 58554
30613 59084 89697
26544 78541 105085
23056 60815 83871
37450 101566 139016
14049 35065 49114
40729 106113 146842
8708 23997 32705
14298 40347 54645
4739 12936 17675
13339 38894 52233
30787 98781 129568
9636 26772 36408
4348 10910 15258
