22289 37395 59684
11003 19938 30941
22723 44980 67703
24657 48403 73060
21307 40404 61711
18687 36552 55239
14418 27146 41564
9224 16172 25396
16973 26852 43825
30341 57627 87968
9629 17556 27185
26953 46697 73650
52481 57990 110471
18691 35560 54251
10115 16516 26631
15422 26219 41641
33917 62675 96592
12412 22836 35248
21097 41113 62210
36106 67730 103836
37154 90967 128121
17361 34093 51454
13228 23414 36642
10818 21981 32799
15292 31629 46921
21906 44767 66673
7400 11877 19277
6782 11059 17841
7358 11754 19112
23925 41822 65747
31090 52994 84084
16011 29051 45062
32143 60096 92239
20341 38638 58979
20317 44457 64774
17284 34181 51465
27400 50979 78379
11709 19414 31123
23035 47905 70940
22635 45624 68259
4812 9632 14444
21106 43981 65087
15642 30694 46336
17165 31768 48933
9180 783 9963
9331 19096 28427
31647 59735 91382
7636 14509 22145
19915 42094 62009
19156 41387 60543
9028 15442 24470
37436 68675 106111
9733 17102 26835
11839 20227 32066
15789 31514 47303
7743 12407 20150
54593 99120 153713
42158 82013 124171
33530 69687 103217
26094 53477 79571
7477 15497 22974
26224 46376 72600
8018 12485 20503
15948 26713 42661
12670 25368 38038
4774 9246 14020
7947 13240 21187
56505 106108 162613
9646 16798 26444
5754 10621 16375
6952 12930 19882
4044 9862 13906
29293 49046 78339
63659 119831 183490
25585 30854 56439
16069 32091 48160
19727 44900 64627
30007 55042 85049
24732 48147 72879
25466 54155 79621
7633 14821 22454
23858 48604 72462
42335 81199 123534
31937 58208 90145
35228 70178 105406
36203 65482 101685
15742 28164 43906
8011 17194 25205
21596 44181 65777
24313 45993 70306
39796 76229 116025
18961 35289 54250
16123 25253 41376
19301 41208 60509
6563 11085 17648
12924 21054 33978
13708 27199 40907
21027 41957 62984
14005 22477 36482
55307 105961 161268
18096 36360 54456
18378 36232 54610
25333 45718 71051
18470 40519 58989
6160 9431 15591
19667 40629 60296
15818 35471 51289
9343 15937 25280
20673 44294 64967
34312 71268 105580
13795 25486 39281
16714 29418 46132
28793 59081 87874
30068 53620 83688
3921 7185 11106
39639 80452 120091
21315 41950 63265
5606 8765 14371
3089 6716 9805
15213 27190 42403
5160 7822 12982
9849 18938 28787
15731 30349 46080
16117 25445 41562
25368 50281 75649
4078 7814 11892
9665 20515 30180
13644 25087 38731
52433 105589 158022
24720 49365 74085
20514 44589 65103
40363 41809 82172
33228 68308 101536
25774 58775 84549
19605 39625 59230
14183 26955 41138
20774 39330 60104
6864 13149 20013
15071 30901 45972
11372 20580 31952
5305 10063 15368
4058 8233 12291
7228 12302 19530
20010 40086 60096
24540 44953 69493
8885 16590 25475
15869 29583 45452
22757 43866 66623
15321 25666 40987
20903 41377 62280
34175 59139 93314
5954 8680 14634
10484 20432 30916
29782 58583 88365
10156 17327 27483
35203 83887 119090
36636 63428 100064
10547 19797 30344
15993 32783 48776
48232 96834 145066
19780 38806 58586
35232 67301 102533
15769 28893 44662
15957 37269 53226
16939 28554 45493
5920 13193 19113
13290 26013 39303
28571 53073 81644
22513 40053 62566
27261 47367 74628
11011 21488 32499
18551 41391 59942
7351 11158 18509
9735 19006 28741
10186 17656 27842
5100 9012 14112
10342 20119 30461
31678 58382 90060
19727 42141 61868
14481 26884 41365
7390 12344 19734
24424 43945 68369
8426 13305 21731
13104 25405 38509
16991 32799 49790
11492 19704 31196
9398 17050 26448
7112 15982 23094
8447 17867 26314
15583 33928 49511
10548 25382 35930
21255 41347 62602
9044 17563 26607
14989 30414 45403
20957 40179 61136
25498 48116 73614
15945 29634 45579
32211 60297 92508
10554 17897 28451
41464 82297 123761
33977 58342 92319
18499 42239 60738
11476 19925 31401
25233 43356 68589
13404 25647 39051
19634 40926 60560
7640 11336 18976
14806 30045 44851
18168 38408 56576
12019 21426 33445
32934 63244 96178
46189 91162 137351
11239 23124 34363
30864 52916 83780
17038 31444 48482
6375 10818 17193
28231 26545 54776
34079 60533 94612
21216 43854 65070
16865 28206 45071
16370 28423 44793
36508 71490 107998
30342 47117 77459
13334 23970 37304
16619 36006 52625
27603 54628 82231
23483 49331 72814
44459 94835 139294
11218 21879 33097
10581 19065 29646
4460 8133 12593
10284 19031 29315
14648 26979 41627
17803 36322 54125
27811 61710 89521
15041 30632 45673
8232 16682 24914
24528 47907 72435
17208 28931 46139
4255 9632 13887
22870 47433 70303
63414 103971 167385
21476 41457 62933
7644 17586 25230
24820 48003 72823
27398 43831 71229
6905 11298 18203
26438 48292 74730
13157 22415 35572
15428 32020 47448
44407 88925 133332
8966 19362 28328
27233 50959 78192
9160 16807 25967
6323 9439 15762
22503 39625 62128
24554 49097 73651
26769 54091 80860
33824 63494 97318
25676 46434 72110
33742 67538 101280
19197 37827 57024
30743 69220 99963
9968 19020 28988
7978 17073 25051
20859 41113 61972
45831 94705 140536
47416 98139 145555
18223 35120 53343
14403 30607 45010
9824 21647 31471
14131 25711 39842
42953 85552 128505
29160 58217 87377
16661 35084 51745
20208 41329 61537
31472 46780 78252
15542 30634 46176
26274 47611 73885
14279 30028 44307
11352 20910 32262
29430 54311 83741
20506 42310 62816
29615 59941 89556
5881 10023 15904
18971 42139 61110
13927 23955 37882
19828 38145 57973
7329 13704 21033
31653 65464 97117
18146 37045 55191
5650 8989 14639
55316 103175 158491
44171 91146 135317
23063 45338 68401
22769 46721 69490
14535 26472 41007
15203 32217 47420
16503 30537 47040
28520 51951 80471
31467 66202 97669
28154 48454 76608
44812 86182 130994
16511 30713 47224
53134 100062 153196
12682 22882 35564
18262 37239 55501
5880 11744 17624
17574 34805 52379
35371 84940 120311
12732 25493 38225
5516 10430 15946
