15215 51265 66480
8664 29786 38450
18193 53407 71600
16914 63397 80311
16098 51871 67969
15812 54814 70626
9972 36708 46680
7809 25090 32899
12538 37714 50252
22474 85654 108128
7236 23737 30973
19068 61329 80397
26340 85403 111743
15229 52984 68213
7493 23155 30648
12779 40885 53664
25575 82245 107820
8963 31272 40235
16992 58965 75957
24682 82131 106813
27973 120426 148399
15102 52581 67683
10326 36156 46482
8177 28983 37160
12650 46305 58955
17069 66062 83131
6787 21334 28121
5170 16574 21744
5527 17707 23234
17036 58839 75875
23450 77124 100574
13143 44461 57604
23110 81770 104880
16553 58828 75381
15422 55225 70647
12648 43985 56633
19538 62331 81869
9414 29943 39357
18648 71033 89681
18735 66936 85671
3871 12647 16518
15389 59082 74471
14709 46626 61335
14289 47862 62151
9687 2035 11722
9373 26464 35837
25330 85124 110454
6313 22307 28620
17489 64372 81861
14420 53608 68028
7428 23578 31006
30341 103766 134107
7540 25284 32824
9725 30163 39888
12830 43202 56032
6983 22679 29662
41456 132661 174117
46707 121934 168641
29120 89684 118804
20807 74615 95422
6739 22622 29361
21104 71072 92176
5672 17817 23489
13132 40986 54118
9739 35477 45216
3440 12439 15879
6515 21857 28372
49878 138014 187892
8135 25892 34027
4674 15684 20358
5287 18612 23899
3372 11966 15338
24603 74350 98953
56845 156858 213703
13400 46546 59946
11633 40880 52513
14949 51137 66086
22838 80062 102900
23188 71341 94529
18424 66526 84950
5534 19077 24611
17518 64018 81536
37347 114472 151819
23264 77334 100598
26294 94401 120695
27333 92010 119343
12101 36710 48811
5796 20082 25878
15528 53122 68650
18178 61952 80130
27684 96704 124388
14339 49170 63509
11970 33590 45560
16178 58092 74270
4512 16237 20749
9623 33141 42764
10915 39910 50825
17477 59060 76537
10629 35350 45979
48325 145947 194272
18296 53690 71986
13587 48198 61785
17808 59895 77703
14127 53887 68014
4956 14971 19927
14881 54097 68978
13017 51713 64730
7142 22100 29242
16027 55723 71750
26006 91203 117209
9306 34201 43507
16588 36714 53302
22632 81030 103662
18917 69273 88190
2930 10074 13004
29480 108443 137923
17095 61161 78256
3919 12503 16422
2333 9772 12105
10768 35187 45955
4217 12355 16572
7315 25934 33249
11378 40565 51943
10688 37650 48338
19344 68759 88103
3453 11980 15433
8053 29973 38026
10466 35045 45511
37926 138698 176624
19199 68688 87887
16283 62466 78749
17860 55312 73172
28680 82411 111091
19369 77672 97041
15974 56536 72510
9270 37212 46482
17174 50289 67463
4762 16508 21270
10908 41035 51943
9095 31291 40386
4557 16491 21048
3322 12205 15527
5482 17475 22957
14627 52853 67480
18187 59988 78175
6805 22509 29314
13381 44620 58001
18201 65688 83889
10757 35890 46647
16141 55973 72114
25433 79009 104442
4598 12797 17395
7856 28924 36780
22395 73842 96237
8745 29428 38173
32362 114553 146915
28241 92666 120907
10154 37227 47381
14638 51680 66318
37261 136230 173491
16207 58228 74435
26661 87574 114235
12921 41684 54605
13179 51708 64887
12428 42583 55011
4645 16671 21316
10329 38281 48610
22221 78744 100965
16456 52456 68912
21701 74896 96597
8249 28767 37016
15241 61544 76785
5974 19978 25952
6771 24883 31654
7571 23535 31106
3921 14710 18631
9163 32634 41797
25097 86477 111574
17103 82305 99408
11795 56341 68136
5177 17034 22211
20961 66321 87282
6089 18326 24415
9667 35271 44938
13011 44416 57427
9581 32154 41735
7994 26123 34117
5848 24046 29894
7249 26703 33952
12031 44804 56835
9168 35037 44205
17263 62474 79737
6193 22102 28295
12681 45445 58126
16272 53884 70156
18557 65551 84108
11829 40151 51980
22616 71893 94509
9100 29096 38196
32242 111866 144108
23457 81516 104973
14218 55996 70214
9425 31580 41005
18208 56346 74554
9352 33543 42895
16212 56487 72699
5506 17888 23394
10839 40213 51052
12711 50906 63617
9872 32734 42606
26027 91194 117221
36399 129693 166092
8972 38302 47274
23751 80376 104127
11916 42278 54194
4928 16520 21448
10696 38920 49616
24941 77173 102114
19331 59951 79282
13048 40077 53125
11748 43245 54993
29486 98720 128206
19146 72161 91307
10904 37419 48323
13628 48847 62475
21273 72075 93348
20046 75684 95730
38546 129962 168508
9287 34548 43835
8104 27231 35335
3182 11287 14469
7605 23781 31386
11875 43197 55072
12358 40856 53214
19041 71532 90573
13476 46779 60255
6270 21593 27863
20438 72218 92656
13139 40133 53272
3655 12023 15678
17711 63568 81279
43332 159705 203037
20727 58942 79669
6687 25086 31773
19363 67350 86713
20002 63810 83812
5264 16890 22154
20814 65523 86337
10509 37092 47601
12329 43206 55535
38568 129194 167762
6718 29311 36029
21689 78155 99844
6757 23092 29849
4625 13474 18099
17056 53895 70951
16993 60955 77948
19085 71937 91022
27342 90355 117697
21483 59953 81436
27128 88568 115696
14625 51048 65673
24417 97034 121451
7697 28267 35964
7145 26595 33740
18064 62786 80850
42436 140546 182982
33811 123624 157435
16950 54394 71344
12068 39465 51533
8645 32634 41279
10692 33942 44634
31571 101201 132772
20400 73529 93929
12908 43281 56189
17208 60785 77993
16774 60162 76936
11523 39801 51324
15644 55307 70951
11591 38344 49935
8213 27860 36073
20577 71766 92343
14968 50196 65164
23772 86193 109965
4143 18715 22858
14491 55160 69651
9823 33079 42902
13771 54023 67794
6193 20716 26909
21415 80947 102362
13254 47917 61171
3909 12590 16499
39913 135805 175718
34459 127800 162259
19370 65090 84460
16720 63887 80607
12264 42552 54816
12765 48110 60875
11963 41313 53276
18731 62724 81455
24127 85522 109649
20414 66381 86795
35649 124188 159837
12563 40947 53510
37520 119607 157127
8665 29091 37756
13402 46920 60322
4278 14912 19190
12960 41775 54735
29608 115402 145010
8571 31976 40547
3764 11927 15691
