3899 67799 71698
2409 43747 46156
4515 80308 84823
4931 81992 86923
4365 77082 81447
4551 80038 84589
2369 48053 50422
2087 37975 40062
3369 61369 64738
5955 124885 130840
1769 32139 33908
5195 96790 101985
6141 122780 128921
4198 75733 79931
1950 35480 37430
3387 55480 58867
6813 125922 132735
2320 45218 47538
4710 79749 84459
7188 129699 136887
7360 146674 154034
3487 67667 71154
2477 47400 49877
2003 37910 39913
3431 67337 70768
5263 82547 87810
1461 26735 28196
1252 27102 28354
1169 23518 24687
4825 81876 86701
5621 99940 105561
3668 63051 66719
5916 103363 109279
4543 80008 84551
3972 69906 73878
3782 73846 77628
5635 127887 133522
2460 40441 42901
5867 99112 104979
4618 108924 113542
1603 18607 20210
4147 89991 94138
3574 68607 72181
3421 62676 66097
5136 10331 15467
2073 36473 38546
6054 124088 130142
2334 30826 33160
4056 86705 90761
4418 80828 85246
1806 33317 35123
8490 148075 156565
2099 38652 40751
2372 44932 47304
2957 58191 61148
1507 37471 38978
12411 195026 207437
9568 151355 160923
17863 142042 159905
5763 93808 99571
1719 37036 38755
7296 105347 112643
1312 30390 31702
3614 60380 63994
2615 61488 64103
1843 17833 19676
2105 32599 34704
13964 209728 223692
2350 39589 41939
1339 24308 25647
1480 28508 29988
1010 19640 20650
5088 94830 99918
12443 203214 215657
3736 66455 70191
3332 56656 59988
4282 74245 78527
5666 109163 114829
4749 88597 93346
5056 91323 96379
1955 32606 34561
5484 105098 110582
9010 146855 155865
6302 116442 122744
8482 148917 157399
6302 114457 120759
3234 61711 64945
2082 33408 35490
4988 85289 90277
5474 89164 94638
8033 141395 149428
3891 68049 71940
2898 51387 54285
4083 75744 79827
1065 22392 23457
2675 47732 50407
2766 56015 58781
5318 85040 90358
2925 53512 56437
12747 203445 216192
3543 69335 72878
3405 64398 67803
4787 87721 92508
3603 69563 73166
1188 23363 24551
3977 67872 71849
3683 76181 79864
2086 36267 38353
4183 75217 79400
7364 138260 145624
2537 49012 51549
2983 54679 57662
5601 104810 110411
5680 109582 115262
843 15287 16130
8758 155790 164548
4453 80927 85380
1159 19633 20792
615 16407 17022
2876 55251 58127
1466 19400 20866
2316 43256 45572
2899 68889 71788
3531 54157 57688
6414 90969 97383
1630 16360 17990
2076 38782 40858
3020 52792 55812
14703 235350 250053
4973 92904 97877
4818 88598 93416
5136 84518 89654
6796 125803 132599
5552 111312 116864
4084 73975 78059
3008 53867 56875
4811 109678 114489
2300 35007 37307
3134 66937 70071
2312 47226 49538
1269 23884 25153
1579 16389 17968
1880 32862 34742
4753 88279 93032
5211 84280 89491
1849 36952 38801
3150 66888 70038
5107 84560 89667
2792 57144 59936
4856 82163 87019
7095 143822 150917
1587 27129 28716
2505 46207 48712
5771 101241 107012
2189 37717 39906
6868 144601 151469
7485 131159 138644
2608 45477 48085
3500 64310 67810
9272 175938 185210
4131 77555 81686
7056 131446 138502
3214 58426 61640
3377 76346 79723
3017 57516 60533
1234 25417 26651
2497 49846 52343
5914 122735 128649
4489 84654 89143
5823 103991 109814
2236 38571 40807
4128 87431 91559
1295 30050 31345
1974 36869 38843
1994 37377 39371
1129 21569 22698
2534 49487 52021
6802 126441 133243
4388 77316 81704
2898 59869 62767
1478 29338 30816
5329 97393 102722
1737 30166 31903
2437 51057 53494
3442 73340 76782
2677 45322 47999
2000 36240 38240
1354 32556 33910
2018 38863 40881
4244 67705 71949
2086 45059 47145
5278 89383 94661
1897 33494 35391
3271 59732 63003
4631 80736 85367
5740 129997 135737
3547 71259 74806
5928 117107 123035
2665 45095 47760
9499 166887 176386
6675 124661 131336
5966 81375 87341
2460 47646 50106
5673 96375 102048
2933 72313 75246
4640 82697 87337
1257 28639 29896
3656 70253 73909
4197 76199 80396
2750 49708 52458
6825 131724 138549
10100 161857 171957
2547 50122 52669
6263 113825 120088
2905 63402 66307
1206 22793 23999
2404 50370 52774
7138 124018 131156
4380 77058 81438
3503 65329 68832
2854 56958 59812
8311 148506 156817
4656 93998 98654
2818 54162 56980
3329 74091 77420
5954 95706 101660
5576 91701 97277
11261 181992 193253
2594 49405 51999
2252 41561 43813
922 17011 17933
2165 41410 43575
2945 52885 55830
3969 67268 71237
6101 110437 116538
3327 62255 65582
1908 35508 37416
6727 92671 99398
4426 72206 76632
1091 20691 21782
5235 95072 100307
12860 218027 230887
5561 99060 104621
1966 35962 37928
4946 100920 105866
5769 92857 98626
1720 29599 31319
5976 111856 117832
2681 52715 55396
3485 69394 72879
11462 185840 197302
2652 49683 52335
5395 111964 117359
2240 39906 42146
1131 19960 21091
5843 137386 143229
6269 94639 100908
6337 100542 106879
7178 131074 138252
5510 98360 103870
8443 145619 154062
3900 73262 77162
6819 151373 158192
2157 37206 39363
1883 40394 42277
4893 89036 93929
10411 173598 184009
10696 181375 192071
4792 83840 88632
4136 72601 76737
2344 48073 50417
2677 51835 54512
10537 169028 179565
5657 115476 121133
3323 58043 61366
5227 89509 94736
5496 103111 108607
3328 67927 71255
4734 90373 95107
3161 69473 72634
3652 48231 51883
7095 105398 112493
4225 86437 90662
6648 126125 132773
1739 22652 24391
4703 87867 92570
2572 49422 51994
3731 75704 79435
1532 32789 34321
6490 120936 127426
3565 66499 70064
1280 21535 22815
12920 223455 236375
11666 192317 203983
6026 100888 106914
4399 85368 89767
2674 57797 60471
3243 57976 61219
3222 62402 65624
5713 89658 95371
7097 129676 136773
5426 107708 113134
10811 178064 188875
2804 52398 55202
12145 173892 186037
2195 40265 42460
4391 66026 70417
1205 24395 25600
3945 68490 72435
8366 145317 153683
2297 44801 47098
1186 21329 22515
