31962 14266 46228
17044 3971 21015
35037 9652 44689
37130 11115 48245
34857 10396 45253
31213 8384 39597
20638 6499 27137
14850 5450 20300
23576 6512 30088
47737 15456 63193
14260 4045 18305
42957 11502 54459
47771 14886 62657
31962 9188 41150
16033 3789 19822
23940 6370 30310
51543 17053 68596
17664 5308 22972
37823 10503 48326
51210 16579 67789
64956 23655 88611
30567 9500 40067
20344 5843 26187
17588 5039 22627
25142 9469 34611
36196 12513 48709
11510 2916 14426
9224 2472 11696
10033 2630 12663
36115 9658 45773
46856 13365 60221
25554 6883 32437
46443 17527 63970
32105 9114 41219
32504 11747 44251
28868 8090 36958
46929 12277 59206
17942 5212 23154
38861 13667 52528
36167 11447 47614
7813 2106 9919
33426 10495 43921
24826 6886 31712
28175 7963 36138
8996 48 9044
15593 5509 21102
47101 15797 62898
13079 3841 16920
32726 11763 44489
31238 11121 42359
13509 3687 17196
62101 18281 80382
14846 3804 18650
16847 4620 21467
23811 7381 31192
11997 3037 15034
80987 25809 106796
71027 21227 92254
53091 17588 70679
40059 14017 54076
11876 3979 15855
44550 11326 55876
10999 2592 13591
24153 5747 29900
19000 5914 24914
7591 2109 9700
11166 3224 14390
90623 29072 119695
15842 3890 19732
9120 2522 11642
10895 2950 13845
6647 2002 8649
44072 13230 57302
93276 31306 124582
26701 7956 34657
25244 7081 32325
32850 10376 43226
46972 14994 61966
40403 12621 53024
45663 15140 60803
12331 3658 15989
39728 13243 52971
66199 20775 86974
48787 15139 63926
57624 19389 77013
51325 14720 66045
24002 7336 31338
14025 3709 17734
37970 13847 51817
40430 12429 52859
63725 20224 83949
32287 10443 42730
21854 5442 27296
33439 10973 44412
9479 2201 11680
18397 5382 23779
21391 6629 28020
35774 10932 46706
21066 5239 26305
88504 26659 115163
30363 9558 39921
29918 8259 38177
39820 12524 52344
29662 9953 39615
9000 2216 11216
34735 10606 45341
29059 8847 37906
15039 3899 18938
33135 11349 44484
59919 19004 78923
21534 7155 28689
24376 6585 30961
49347 17346 66693
42438 12637 55075
6577 1562 8139
63728 19147 82875
35057 10335 45392
8261 2000 10261
4794 1494 6288
22783 6534 29317
7853 1752 9605
17046 5152 22198
22844 8785 31629
22229 6680 28909
40105 13030 53135
7802 1788 9590
16265 5497 21762
20717 6680 27397
94494 27590 122084
40776 12803 53579
31727 11239 42966
42072 12060 54132
51450 17378 68828
42339 16214 58553
32594 9874 42468
19884 6309 26193
30685 9334 40019
10539 3383 13922
22754 7776 30530
18966 5161 24127
7896 2629 10525
6518 2132 8650
11094 2896 13990
32199 9891 42090
35795 10681 46476
14474 3861 18335
24230 6223 30453
39406 10202 49608
22236 6178 28414
33612 10673 44285
54235 14531 68766
8468 1805 10273
16506 4426 20932
47153 16323 63476
14613 4466 19079
62017 23700 85717
51309 14472 65781
18227 4797 23024
28334 8841 37175
77690 24859 102549
34651 10132 44783
50953 15273 66226
24867 7280 32147
27768 10319 38087
25406 7179 32585
9169 3454 12623
19919 6664 26583
44727 13838 58565
33489 9011 42500
43197 11364 54561
16695 4732 21427
31515 12414 43929
11200 2565 13765
15551 9045 24596
15266 3762 19028
8889 2190 11079
17187 5209 22396
46842 12754 59596
33484 10893 44377
23366 6503 29869
10850 2677 13527
39805 11740 51545
11612 2494 14106
21387 6953 28340
33959 8860 42819
16134 6358 22492
15716 4144 19860
12168 4795 16963
14446 4918 19364
24535 7846 32381
20245 7634 27879
33297 10704 44001
14288 3437 17725
29461 8299 37760
36071 10866 46937
46402 12081 58483
27365 7709 35074
45259 13843 59102
16564 3851 20415
69280 24184 93464
49615 12890 62505
29040 10569 39609
18042 4730 22772
40081 12822 52903
19901 6327 26228
30862 10272 41134
10217 2607 12824
22435 7181 29616
31091 9499 40590
18775 4905 23680
50733 15939 66672
75793 23395 99188
18596 6482 25078
44326 14080 58406
25087 7863 32950
10168 2572 12740
21582 7020 28602
46888 13376 60264
35062 11446 46508
23317 5862 29179
24218 6893 31111
58311 17362 75673
38422 11878 50300
20683 5729 26412
24811 9367 34178
42865 14656 57521
38285 12344 50629
72068 23305 95373
18924 5571 24495
15608 4056 19664
6827 1585 8412
17009 4116 21125
22904 6852 29756
23541 7648 31189
40864 13339 54203
24864 8429 33293
14315 4112 18427
41793 12804 54597
23263 6212 29475
7163 1761 8924
35133 10551 45684
86004 30189 116193
32394 8287 40681
13204 4853 18057
37159 11164 48323
36512 11317 47829
10803 2411 13214
40608 12225 52833
20021 8242 28263
28698 8149 36847
73942 25963 99905
15582 4770 20352
42098 13999 56097
15505 4090 19595
8037 1813 9850
36875 9991 46866
38259 11833 50092
42569 15385 57954
51905 14867 66772
40161 11746 51907
57122 19930 77052
28632 8485 37117
57060 18440 75500
17234 4719 21953
13081 4393 17474
35503 11925 47428
81401 30245 111646
75987 23653 99640
29244 7767 37011
23984 9037 33021
16001 5470 21471
21148 5808 26956
65133 19871 85004
43737 14550 58287
24917 8644 33561
31866 10032 41898
35320 11185 46505
26225 7715 33940
34315 11268 45583
22531 8877 31408
16534 4270 20804
40086 10848 50934
31427 9215 40642
51201 18151 69352
8811 2079 10890
32641 10847 43488
22043 6142 28185
29924 9618 39542
11568 2869 14437
46416 14871 61287
30835 9194 40029
8251 2112 10363
87489 24558 112047
79490 25406 104896
37766 11935 49701
33672 10233 43905
21650 5960 27610
25677 9412 35089
25672 7419 33091
42120 13158 55278
50268 16230 66498
44200 11149 55349
74970 21992 96962
24970 7369 32339
72868 23398 96266
18164 5523 23687
27681 9293 36974
9359 2585 11944
25436 7574 33010
65984 23050 89034
19800 5845 25645
7647 2010 9657
