11277 62308 73585
5947 37462 43409
13266 77348 90614
14142 92527 106669
12581 65450 78031
12219 68445 80664
6161 39734 45895
6053 32488 38541
9281 51884 61165
15726 97204 112930
5201 27381 32582
16088 111285 127373
15512 99906 115418
10969 59009 69978
5701 31125 36826
8055 45912 53967
20622 134910 155532
6600 36936 43536
12042 68503 80545
20262 109828 130090
19548 130844 150392
9596 54372 63968
6455 37811 44266
5121 30723 35844
11619 58075 69694
11916 84843 96759
4349 23539 27888
3216 16892 20108
4276 23287 27563
12982 79993 92975
15941 86368 102309
9424 52472 61896
17393 103731 121124
11873 62711 74584
12520 79237 91757
9721 52887 62608
14157 83425 97582
5888 32268 38156
13618 85056 98674
12437 76602 89039
2792 17542 20334
12457 73405 85862
9969 59244 69213
10238 63737 73975
8606 3549 12155
6307 33175 39482
15824 96873 112697
4807 27454 32261
11136 67172 78308
11007 67042 78049
4875 26050 30925
21855 119581 141436
5779 29069 34848
6197 34085 40282
7740 47484 55224
4170 23696 27866
25006 152188 177194
24797 138614 163411
19703 113963 133666
13823 80836 94659
3985 26449 30434
13982 80527 94509
3374 19593 22967
8775 46529 55304
6518 42905 49423
2767 15564 18331
4124 23976 28100
31992 176474 208466
5718 31589 37307
3081 18523 21604
3729 22436 26165
2486 14633 17119
13963 80437 94400
31967 183578 215545
9692 54791 64483
9643 52016 61659
11622 61277 72899
16440 92095 108535
13456 83822 97278
13690 88267 101957
4387 26132 30519
11831 76680 88511
24588 137581 162169
18146 93706 111852
26469 110421 136890
19165 107629 126794
7646 44571 52217
4678 27874 32552
12927 70704 83631
12488 74806 87294
20770 115879 136649
10898 62221 73119
7608 40187 47795
11107 62414 73521
3020 19756 22776
5713 33808 39521
6637 39523 46160
11315 64451 75766
6654 37191 43845
26858 152687 179545
10836 64986 75822
10271 59177 69448
12246 72130 84376
10545 64513 75058
3065 16274 19339
11601 64346 75947
8612 56961 65573
5616 27200 32816
12009 70853 82862
20907 124050 144957
6856 39284 46140
8859 48623 57482
14276 85790 100066
13939 78933 92872
2156 12243 14399
22358 127524 149882
12099 67018 79117
2736 16047 18783
1726 10559 12285
7774 42497 50271
2712 16045 18757
5100 31032 36132
8182 52697 60879
6909 41213 48122
13834 80098 93932
2521 12932 15453
5616 35364 40980
6682 37298 43980
28199 160918 189117
12427 72835 85262
11484 69209 80693
12831 71774 84605
19162 101089 120251
14060 89673 103733
11472 67388 78860
7465 44984 52449
11893 65847 77740
3195 18454 21649
7998 47514 55512
5780 34490 40270
2672 18022 20694
2393 14614 17007
3570 20523 24093
12182 71341 83523
11923 72190 84113
4729 27319 32048
8814 49759 58573
11663 70015 81678
7058 38974 46032
12865 70198 83063
17164 91381 108545
2867 15231 18098
6267 35409 41676
17017 93024 110041
5250 26931 32181
20915 134691 155606
17352 90495 107847
6042 37496 43538
10458 59954 70412
28340 170431 198771
12630 70283 82913
20163 108406 128569
9365 51179 60544
9656 62363 72019
9334 51788 61122
3047 17737 20784
6314 38934 45248
15259 86985 102244
11496 60232 71728
14502 84806 99308
5356 31655 37011
11391 73372 84763
3945 22294 26239
5538 32293 37831
5711 31211 36922
2803 17780 20583
6089 36449 42538
16752 96724 113476
13664 72610 86274
7986 46503 54489
3909 23293 27202
13771 79308 93079
4385 21145 25530
6593 45269 51862
10138 57219 67357
5325 36477 41802
6184 31069 37253
4336 28081 32417
4861 27563 32424
9068 53882 62950
6163 43162 49325
12317 73310 85627
5423 30905 36328
8788 53040 61828
13790 92251 106041
20330 75346 95676
9325 63783 73108
15660 85699 101359
6009 33934 39943
27925 118342 146267
17824 104353 122177
10916 68372 79288
6137 34377 40514
13514 75802 89316
9424 44907 54331
10865 67702 78567
3788 21940 25728
9038 54788 63826
8918 54711 63629
6838 40327 47165
16958 99349 116307
27123 149028 176151
5465 38034 43499
15265 79301 94566
7829 53170 60999
2951 17450 20401
7157 44436 51593
15514 87810 103324
12920 72835 85755
8132 42975 51107
10474 58970 69444
23024 122011 145035
13873 84990 98863
7280 43067 50347
8639 63372 72011
14802 82805 97607
14141 90071 104212
27784 157192 184976
7122 40312 47434
6521 30741 37262
2506 15524 18030
6849 31712 38561
8571 51429 60000
9445 52996 62441
14731 88210 102941
9680 56219 65899
4856 26842 31698
12966 75522 88488
7977 43778 51755
2235 13963 16198
12558 78656 91214
29566 182980 212546
12182 68312 80494
4111 25607 29718
13947 78889 92836
15669 67422 83091
3805 22637 26442
15258 91330 106588
7254 40635 47889
9061 51908 60969
26285 151651 177936
5693 35274 40967
15216 91914 107130
5405 28348 33753
2854 15740 18594
13460 73310 86770
12211 70613 82824
13966 89955 103921
17575 95066 112641
12926 76345 89271
22318 120430 142748
10923 61018 71941
17997 121603 139600
5833 34918 40751
5134 29935 35069
13147 72104 85251
28254 162212 190466
28284 156083 184367
10687 58355 69042
8898 52024 60922
5381 34278 39659
6840 39355 46195
26380 135794 162174
15625 97596 113221
9483 54371 63854
11665 64523 76188
13153 81977 95130
9642 55601 65243
13278 66230 79508
9014 53029 62043
5615 34707 40322
15338 87594 102932
15083 83486 98569
18252 99452 117704
3347 20530 23877
12499 74707 87206
7211 43614 50825
11820 68994 80814
4510 26041 30551
16724 100373 117097
10969 52238 63207
3012 18639 21651
30054 172280 202334
28470 157650 186120
12306 70728 83034
13470 77441 90911
8674 55448 64122
9699 61322 71021
10285 59380 69665
14011 83126 97137
19583 114716 134299
14416 75576 89992
24495 138312 162807
8874 48954 57828
26399 146175 172574
6152 35206 41358
9879 53791 63670
3079 18484 21563
10282 55125 65407
20809 121731 142540
5867 35880 41747
2842 16743 19585
