10093 67487 77580
6203 34842 41045
11505 77433 88938
10845 75248 86093
9932 69024 78956
10621 74542 85163
6521 53660 60181
4799 34315 39114
8618 48861 57479
18071 124880 142951
4663 38321 42984
16208 119577 135785
13923 94864 108787
10077 70013 80090
4595 33090 37685
7520 53396 60916
16859 115743 132602
5355 40230 45585
12329 73726 86055
16102 115771 131873
17726 143744 161470
8506 67811 76317
6905 47644 54549
5073 33832 38905
8906 58334 67240
13353 82811 96164
3459 26446 29905
2965 21459 24424
2892 21037 23929
12116 88075 100191
15852 99352 115204
8669 56669 65338
17368 113403 130771
10188 74053 84241
10303 74103 84406
9619 67748 77367
12392 80420 92812
5639 34365 40004
12052 84812 96864
11276 78376 89652
2524 17587 20111
9282 68485 77767
7339 56308 63647
8241 55442 63683
9327 4670 13997
5000 35818 40818
14420 123411 137831
4292 30078 34370
9568 72569 82137
8990 64489 73479
4180 29933 34113
17977 118196 136173
4485 32190 36675
5346 34595 39941
6977 49283 56260
3498 23895 27393
31746 157579 189325
22642 156768 179410
16276 115733 132009
12727 90747 103474
3824 30074 33898
12416 77822 90238
3274 24793 28067
7908 52144 60052
5235 39667 44902
2181 18360 20541
3339 24784 28123
25117 170815 195932
5055 35166 40221
2650 20488 23138
2825 22641 25466
2506 16136 18642
13705 97430 111135
29016 193196 222212
8309 57441 65750
9976 77374 87350
11324 76993 88317
13534 91726 105260
11713 79651 91364
12256 82959 95215
3465 25915 29380
11641 94108 105749
22543 150692 173235
16177 117120 133297
17818 124318 142136
17987 126477 144464
6865 52137 59002
4414 31582 35996
11289 75384 86673
12320 85326 97646
20531 143714 164245
9644 74774 84418
7208 55006 62214
11781 75689 87470
3417 21137 24554
6332 43318 49650
6548 49428 55976
11753 98678 110431
6745 46320 53065
32839 180066 212905
9178 66637 75815
9732 66790 76522
11788 79976 91764
8729 68459 77188
3251 20756 24007
10122 69402 79524
8663 60499 69162
5074 34384 39458
10598 78855 89453
21032 139422 160454
6726 46299 53025
9306 57832 67138
14849 116386 131235
16669 101987 118656
2519 15708 18227
20667 148497 169164
11128 86376 97504
2868 18136 21004
1885 12403 14288
7443 50315 57758
2754 23855 26609
6258 38415 44673
6498 56675 63173
5793 50008 55801
13250 87926 101176
2202 16512 18714
5310 40452 45762
7271 45706 52977
24903 178925 203828
10906 76712 87618
10548 96710 107258
12467 82895 95362
16518 133341 149859
14103 107475 121578
10786 76731 87517
5817 51113 56930
11234 75040 86274
2745 24221 26966
7358 56897 64255
5598 41204 46802
2754 20402 23156
2231 17250 19481
3493 26625 30118
9912 71993 81905
11769 84759 96528
4872 34532 39404
8439 55411 63850
13636 89595 103231
5742 41782 47524
9923 66429 76352
15465 106537 122002
2449 16271 18720
4919 33771 38690
12988 88903 101891
4379 28467 32846
17884 147590 165474
20609 122027 142636
5046 35875 40921
7559 53672 61231
21241 158390 179631
10116 65280 75396
15847 120758 136605
7093 49091 56184
8406 65893 74299
7314 58740 66054
3046 22878 25924
5302 42288 47590
12845 85287 98132
10801 72719 83520
11577 79551 91128
4966 38842 43808
11786 80987 92773
3228 24267 27495
4080 30355 34435
5078 34304 39382
2533 20767 23300
5531 40711 46242
13763 101666 115429
11181 79485 90666
6798 50435 57233
3247 25117 28364
22336 89200 111536
5421 30999 36420
5527 48303 53830
9346 57355 66701
6996 42488 49484
4311 31321 35632
3332 30147 33479
4428 35354 39782
7438 59497 66935
5973 45311 51284
10891 84442 95333
3877 36152 40029
8291 58060 66351
10706 79650 90356
13767 98237 112004
8753 63104 71857
15067 104642 119709
4833 36025 40858
19644 129505 149149
15202 104866 120068
8614 63098 71712
5970 40821 46791
12047 81092 93139
5717 41714 47431
9972 72425 82397
2775 21464 24239
6991 50956 57947
7834 58147 65981
5184 36619 41803
12868 97827 110695
20711 144367 165078
5234 37957 43191
13720 97132 110852
6531 48350 54881
2614 20094 22708
6311 43716 50027
14875 106177 121052
11166 77446 88612
6859 45487 52346
6831 49341 56172
17283 111598 128881
12621 88338 100959
7177 53761 60938
7864 57013 64877
14361 117053 131414
12280 76307 88587
20508 139702 160210
5244 36993 42237
4311 30983 35294
2162 16391 18553
5471 38300 43771
7224 49047 56271
7569 54600 62169
11521 90650 102171
9929 62983 72912
4008 41301 45309
11302 84994 96296
6841 45899 52740
2558 14971 17529
10497 80228 90725
24520 173518 198038
10328 73483 83811
3907 30953 34860
12635 86120 98755
10695 74088 84783
3270 23072 26342
11825 81555 93380
6509 45160 51669
7363 55194 62557
22565 147425 169990
4849 37945 42794
12962 97113 110075
4333 32377 36710
2660 18441 21101
11697 73055 84752
11578 85448 97026
12517 95808 108325
15947 114020 129967
11363 77529 88892
16566 113520 130086
8348 59984 68332
14596 127172 141768
4804 33132 37936
4598 35654 40252
10908 78074 88982
24535 170151 194686
22641 166220 188861
10139 63403 73542
6630 48656 55286
5283 36673 41956
5386 37699 43085
21124 144947 166071
13637 101468 115105
8019 59020 67039
10739 78856 89595
11834 85824 97658
7153 52333 59486
10724 79168 89892
7498 56045 63543
5463 37780 43243
12487 87813 100300
10053 72180 82233
13066 102538 115604
2645 20227 22872
10194 79352 89546
5702 41813 47515
9303 71990 81293
3730 27476 31206
13265 107120 120385
8939 63231 72170
2527 20004 22531
29091 195036 224127
26881 156089 182970
16001 87319 103320
10141 77366 87507
6728 50334 57062
7738 57358 65096
7752 52651 60403
12015 75520 87535
16811 121690 138501
13840 80977 94817
22694 169817 192511
7862 54249 62111
24068 174245 198313
5286 37668 42954
8535 57347 65882
2626 23813 26439
9558 58871 68429
17462 126916 144378
6211 42357 48568
2972 18252 21224
