2714 75678 78392
1621 46991 48612
3509 90135 93644
3404 85940 89344
3610 86574 90184
2793 72592 75385
2063 57559 59622
1887 43694 45581
2703 67771 70474
4730 129175 133905
1291 40538 41829
4184 105352 109536
4659 128215 132874
2966 80019 82985
1482 41410 42892
2405 63727 66132
5067 132195 137262
1723 47628 49351
3427 89186 92613
5411 134479 139890
5942 167685 173627
2248 66606 68854
1942 48011 49953
2076 38503 40579
2437 67698 70135
3039 94371 97410
1311 36207 37518
1180 27641 28821
1067 26380 27447
3462 92219 95681
3937 101813 105750
2673 65769 68442
4798 110312 115110
2800 74155 76955
2636 71662 74298
2639 74996 77635
3995 106728 110723
1911 46153 48064
3358 92138 95496
3479 93588 97067
808 21981 22789
3279 85177 88456
2398 87961 90359
2886 71953 74839
4409 15371 19780
2174 35866 38040
4170 128625 132795
1207 34970 36177
2729 79480 82209
2733 71374 74107
1239 36309 37548
5833 151926 157759
1494 37788 39282
1490 38670 40160
2307 64006 66313
1136 31384 32520
7483 191486 198969
6872 186071 192943
6079 146286 152365
3909 106720 110629
1089 29549 30638
4051 104051 108102
997 29952 30949
2514 63186 65700
2537 51941 54478
659 20200 20859
1072 28897 29969
8748 234465 243213
1615 42096 43711
775 21380 22155
1083 33396 34479
692 18421 19113
4246 119216 123462
8381 248224 256605
2803 74371 77174
2800 70284 73084
4145 100179 104324
4198 115344 119542
3666 103512 107178
3665 105205 108870
1146 34466 35612
3713 106786 110499
6678 168908 175586
5052 128409 133461
5885 156929 162814
5486 127266 132752
2381 63288 65669
1579 33464 35043
3090 80605 83695
4087 107739 111826
5758 150670 156428
2894 76297 79191
2251 62727 64978
2828 79041 81869
894 22928 23822
1765 49720 51485
2061 58534 60595
3712 81888 85600
2023 55982 58005
8557 207078 215635
2445 71643 74088
2315 67237 69552
3355 98762 102117
2751 77976 80727
850 24516 25366
3121 77711 80832
2694 78534 81228
2089 33950 36039
2674 77844 80518
5442 154259 159701
1868 50399 52267
2403 62297 64700
4196 104447 108643
3921 113145 117066
559 16448 17007
6163 156649 162812
3416 93128 96544
758 21839 22597
482 15367 15849
1987 52581 54568
833 21073 21906
1660 37717 39377
2124 72831 74955
1770 56486 58256
3544 87470 91014
568 17398 17966
1365 39008 40373
2231 52889 55120
7475 225219 232694
3323 98474 101797
2628 76149 78777
3179 81663 84842
4726 119123 123849
3594 111692 115286
3097 85185 88282
1910 55439 57349
3125 82096 85221
1226 26809 28035
2445 69254 71699
1884 47010 48894
744 20946 21690
617 19011 19628
1087 30397 31484
3222 88404 91626
3504 97181 100685
1323 35538 36861
2580 69467 72047
3647 96470 100117
2268 58588 60856
3259 83481 86740
5150 127183 132333
829 20366 21195
2090 43898 45988
4373 108983 113356
1369 33410 34779
5746 158053 163799
4812 118825 123637
1587 52041 53628
2821 72980 75801
7055 197614 204669
3402 84161 87563
5718 144821 150539
2676 66151 68827
2533 76615 79148
5069 65990 71059
902 26459 27361
1930 54896 56826
4342 109260 113602
2881 75210 78091
4064 105768 109832
1513 39975 41488
2762 82989 85751
1196 28877 30073
1542 38956 40498
1498 38305 39803
679 20526 21205
1674 45924 47598
4691 120042 124733
3092 79247 82339
2297 61067 63364
1873 27242 29115
3617 100054 103671
1163 28558 29721
1810 57500 59310
2399 72642 75041
1464 40787 42251
1549 35197 36746
1064 36013 37077
1216 33048 34264
2209 67284 69493
1547 47900 49447
2901 81033 83934
1324 35783 37107
2780 66674 69454
2935 79299 82234
3944 104550 108494
2524 68893 71417
4660 122191 126851
1466 38751 40217
6995 165755 172750
4855 123573 128428
2394 76200 78594
1513 45306 46819
3133 92795 95928
2037 58443 60480
2762 78453 81215
1018 28867 29885
2258 63032 65290
2478 68129 70607
1748 50681 52429
4282 110552 114834
7091 184852 191943
1619 49995 51614
4358 114093 118451
2284 64212 66496
835 27488 28323
2025 58496 60521
4373 110355 114728
3343 89788 93131
2434 61475 63909
2385 65189 67574
6104 148647 154751
3597 103599 107196
1927 58111 60038
2531 71429 73960
4276 104615 108891
3711 94866 98577
7224 183657 190881
1583 45511 47094
1462 41536 42998
1143 17847 18990
1485 42721 44206
2396 61746 64142
2390 61723 64113
4063 109026 113089
2348 65277 67625
1276 36318 37594
3771 98607 102378
2415 61990 64405
654 19789 20443
3229 95710 98939
7815 202081 209896
3099 84680 87779
1230 34726 35956
3571 89202 92773
3832 93686 97518
912 29201 30113
4368 108644 113012
1884 52709 54593
2670 71753 74423
6794 166766 173560
1409 43292 44701
3891 113075 116966
1359 38350 39709
809 20340 21149
3865 90679 94544
3538 99586 103124
3691 100447 104138
5203 134225 139428
3836 99738 103574
5876 147299 153175
2685 70294 72979
4878 150181 155059
1581 42679 44260
1216 36420 37636
3004 81378 84382
7855 192040 199895
6774 167633 174407
3172 70969 74141
2199 61724 63923
1499 42503 44002
2084 50971 53055
6210 152667 158877
4503 120193 124696
2457 60717 63174
3313 89939 93252
3301 90985 94286
2423 63730 66153
3296 89929 93225
2194 60513 62707
1674 42621 44295
3683 97821 101504
3024 82631 85655
4359 113041 117400
834 24143 24977
3230 87907 91137
1924 54659 56583
2812 81692 84504
1195 30596 31791
3872 116674 120546
2507 67386 69893
738 23190 23928
7525 207438 214963
6797 167572 174369
3848 96536 100384
2768 78302 81070
1860 53103 54963
2395 59975 62370
2796 62351 65147
3953 106583 110536
4966 129205 134171
5093 108587 113680
6877 164841 171718
2098 54074 56172
7536 179562 187098
1660 44595 46255
3642 66558 70200
839 23340 24179
2551 69023 71574
5414 146072 151486
1578 48857 50435
744 19130 19874
