13974 56754 70728
7294 29643 36937
17308 71380 88688
18821 71764 90585
15638 63238 78876
14755 60764 75519
9243 39989 49232
8997 24973 33970
10320 40670 50990
19358 90125 109483
6997 27486 34483
19259 67131 86390
21985 94385 116370
13600 58023 71623
7086 28595 35681
12023 44652 56675
23031 95752 118783
7711 34651 42362
15661 69569 85230
22845 96429 119274
24118 114668 138786
11437 51317 62754
8394 35206 43600
6458 27339 33797
11813 49338 61151
15277 71020 86297
5576 20661 26237
4450 16875 21325
4648 18323 22971
17024 68567 85591
20035 75748 95783
11350 44679 56029
20537 84687 105224
12758 57671 70429
13071 55126 68197
12784 54289 67073
17762 74458 92220
7291 28435 35726
16443 74799 91242
16107 65931 82038
3595 14366 17961
12889 57099 69988
12629 49799 62428
13157 45214 58371
7865 2028 9893
6927 31014 37941
20083 88113 108196
5720 21120 26840
13499 56427 69926
14325 61979 76304
6077 29421 35498
26580 107225 133805
6965 24375 31340
7859 31153 39012
9733 42239 51972
5501 21067 26568
31935 135185 167120
28205 122258 150463
25540 104759 130299
19216 76865 96081
5555 24281 29836
17444 72542 89986
4852 20788 25640
14181 42737 56918
8713 38709 47422
3680 19693 23373
5666 20488 26154
39816 152210 192026
6265 28745 35010
3825 15828 19653
4597 21360 25957
2956 13189 16145
20356 79537 99893
42803 190949 233752
10956 42603 53559
12262 51289 63551
14425 62149 76574
20964 86603 107567
15590 71485 87075
17184 78678 95862
5409 20318 25727
16427 69762 86189
30127 116571 146698
26682 84804 111486
27299 103419 130718
23892 92186 116078
11037 42746 53783
6087 26974 33061
16019 70436 86455
17919 76302 94221
35239 114290 149529
13446 58525 71971
11057 41494 52551
14854 62262 77116
4441 18201 22642
8386 35592 43978
9646 43121 52767
15631 64528 80159
10329 44681 55010
37179 156690 193869
12515 55843 68358
12460 53782 66242
17371 75065 92436
11448 53052 64500
3867 14203 18070
13425 57520 70945
13163 56045 69208
6829 27561 34390
12469 55674 68143
25015 110064 135079
8675 36085 44760
11848 40134 51982
19883 91890 111773
17262 73246 90508
2522 11614 14136
27147 116639 143786
14474 59897 74371
3848 15085 18933
2430 10280 12710
10545 41492 52037
3266 12934 16200
6531 27783 34314
10870 48421 59291
9321 40856 50177
16865 67122 83987
2861 12928 15789
7016 31902 38918
10163 38031 48194
39052 172741 211793
15243 64564 79807
13420 62431 75851
16081 68180 84261
22904 97708 120612
15759 74179 89938
14249 61901 76150
8045 34848 42893
14068 59559 73627
4527 19581 24108
10094 42543 52637
8034 33857 41891
3813 16768 20581
2574 11987 14561
5153 20598 25751
14321 64077 78398
14738 60820 75558
5788 24393 30181
12576 48590 61166
17013 70935 87948
9056 35167 44223
15304 66400 81704
42423 80760 123183
4168 15220 19388
7437 31631 39068
19721 82491 102212
6530 24544 31074
26857 118220 145077
23493 88177 111670
7573 31424 38997
11976 48874 60850
32959 156733 189692
14320 62385 76705
25069 98885 123954
11175 42675 53850
12116 54190 66306
11376 43615 54991
8666 26223 34889
8182 36378 44560
19438 80496 99934
15537 60038 75575
17774 81473 99247
6580 28184 34764
12527 64865 77392
5279 19623 24902
6411 28595 35006
6959 27205 34164
3421 15713 19134
7734 32408 40142
21650 89558 111208
14473 65945 80418
9242 42221 51463
4705 18881 23586
18235 65682 83917
5737 20804 26541
9332 40963 50295
13032 52205 65237
7493 32993 40486
6474 24852 31326
5210 25463 30673
6229 27533 33762
10420 43458 53878
6438 35580 42018
15212 63098 78310
6324 29149 35473
11832 42586 54418
15311 64815 80126
17932 75618 93550
12371 49494 61865
21357 88017 109374
8092 30926 39018
29230 126396 155626
22188 79444 101632
12698 61786 74484
7954 35467 43421
17288 82966 100254
8885 39689 48574
14508 64299 78807
6475 21550 28025
11289 46305 57594
12688 52382 65070
8912 37955 46867
21696 92394 114090
33346 136407 169753
8388 39458 47846
20397 84414 104811
11666 47820 59486
4016 18196 22212
9341 44406 53747
22450 90976 113426
15202 65155 80357
11883 44884 56767
11538 46769 58307
29396 99866 129262
16562 70208 86770
9307 37424 46731
12915 61458 74373
20934 75034 95968
21045 78124 99169
32922 128552 161474
8827 37430 46257
8149 30223 38372
3171 14781 17952
6699 26243 32942
11714 46704 58418
11475 43873 55348
17343 83691 101034
11630 49660 61290
6850 26948 33798
18073 77759 95832
14350 46401 60751
3170 11786 14956
15201 68028 83229
35320 173269 208589
14465 60920 75385
6439 25190 31629
17152 70078 87230
15412 61726 77138
4293 19426 23719
16706 70169 86875
9346 37702 47048
12940 52318 65258
32804 137753 170557
6805 31982 38787
17292 74993 92285
6838 30120 36958
4149 14985 19134
16271 66631 82902
16627 71607 88234
17036 75399 92435
21896 85201 107097
17997 74054 92051
25028 97433 122461
13150 53161 66311
21884 110965 132849
7423 31271 38694
5388 25266 30654
15330 64460 79790
34068 144127 178195
31361 140090 171451
13352 55607 68959
11032 46936 57968
7746 33951 41697
8187 32499 40686
30704 121007 151711
20030 88229 108259
17368 44578 61946
12829 62951 75780
16731 74526 91257
11971 43924 55895
13987 61426 75413
11265 48107 59372
7748 31572 39320
17814 71592 89406
14282 61272 75554
20083 88880 108963
4466 17982 22448
12919 60517 73436
10544 39555 50099
13871 62059 75930
5362 21121 26483
21589 92993 114582
11966 49562 61528
3660 16555 20215
36239 153659 189898
32679 142988 175667
17568 75580 93148
14184 66037 80221
10371 44173 54544
11692 48632 60324
12155 45994 58149
17346 73510 90856
25426 108150 133576
19525 74511 94036
33814 140406 174220
10877 40553 51430
31411 127357 158768
7249 29746 36995
12276 50214 62490
3724 16537 20261
14443 61672 76115
26479 120622 147101
7694 33194 40888
3641 14812 18453
