25927 19177 45104
15349 9982 25331
30883 22356 53239
35619 26485 62104
30520 22625 53145
28976 20842 49818
18883 14461 33344
14204 9320 23524
21981 14136 36117
42834 34549 77383
11991 9100 21091
38216 26049 64265
40505 32394 72899
27702 19704 47406
13743 8250 21993
22380 14890 37270
44778 36922 81700
14848 10565 25413
31750 23307 55057
45462 34878 80340
48620 47215 95835
25364 19153 44517
16906 11893 28799
15487 11304 26791
21001 17796 38797
30200 25185 55385
9752 6003 15755
8661 5710 14371
9366 5255 14621
30545 21475 52020
40433 27540 67973
21175 14600 35775
39309 31444 70753
28657 20020 48677
26874 22137 49011
23426 17731 41157
34225 24409 58634
16621 11343 27964
32693 29071 61764
33070 25016 58086
7005 4417 11422
30107 23563 53670
22320 16029 38349
21980 17170 39150
8769 163 8932
13676 9609 23285
43201 34227 77428
10528 7705 18233
29529 22391 51920
24516 21592 46108
11637 8455 20092
49234 35961 85195
13539 8633 22172
14520 9241 23761
20777 14809 35586
10585 6872 17457
66533 52246 118779
65343 47553 112896
46282 37702 83984
34045 28868 62913
10653 8743 19396
35870 23770 59640
10263 5546 15809
20586 15659 36245
17156 13037 30193
6256 4398 10654
9316 7039 16355
78273 58487 136760
13495 8449 21944
7664 5579 13243
8932 6189 15121
5486 4172 9658
40166 28945 69111
80304 63368 143672
22639 18122 40761
21338 15466 36804
30088 21774 51862
39809 30184 69993
36649 28070 64719
34675 28785 63460
9861 7631 17492
33257 30175 63432
61995 48158 110153
43596 32482 76078
47733 38077 85810
44283 32185 76468
22198 18208 40406
13742 10349 24091
32694 21546 54240
35976 26669 62645
51532 41428 92960
25859 20427 46286
19017 11742 30759
28607 23789 52396
8591 5441 14032
16745 11789 28534
18932 15340 34272
32329 22024 54353
18349 11520 29869
75274 54012 129286
25792 21101 46893
23246 16996 40242
35567 26287 61854
23431 20568 43999
8576 5168 13744
26282 21804 48086
22070 19372 41442
13042 8294 21336
27495 22126 49621
45680 40450 86130
23905 15397 39302
21092 13984 35076
38031 36505 74536
36758 25928 62686
5735 3825 9560
50501 40802 91303
31218 22531 53749
7146 4430 11576
4005 3037 7042
19834 13925 33759
6675 3758 10433
13507 9900 23407
20801 16795 37596
17414 13351 30765
36439 28233 64672
5625 4051 9676
14349 11034 25383
17702 12914 30616
72404 59096 131500
34119 27021 61140
27846 22461 50307
33685 23678 57363
43643 37625 81268
34416 31006 65422
30446 22559 53005
18966 14696 33662
28237 20806 49043
8435 6581 15016
20482 17188 37670
15657 10242 25899
7741 6515 14256
6416 5008 11424
10399 6685 17084
30486 23630 54116
32602 22370 54972
13054 9380 22434
21215 14371 35586
33167 24041 57208
19421 12933 32354
31979 25116 57095
44345 30545 74890
8129 4529 12658
15390 10720 26110
41673 32859 74532
13955 9371 23326
51148 49260 100408
47310 33275 80585
16004 12070 28074
22488 18728 41216
70301 57613 127914
32781 22593 55374
46934 35214 82148
22068 15748 37816
21572 21359 42931
23470 16309 39779
8615 7366 15981
17972 14467 32439
39562 30736 70298
31215 20279 51494
35534 24688 60222
15532 11235 26767
24976 22790 47766
10174 5896 16070
12987 8705 21692
14360 8942 23302
7617 4977 12594
15506 12331 27837
46346 28967 75313
31285 24034 55319
19694 13844 33538
10206 6864 17070
35404 25210 60614
10095 5766 15861
19314 14616 33930
23222 19497 42719
16292 11169 27461
19196 9762 28958
9922 9114 19036
12272 10182 22454
22756 17753 40509
15529 13771 29300
31394 23635 55029
17486 7891 25377
21736 16957 38693
30979 21566 52545
36895 26935 63830
23036 16919 39955
40779 29287 70066
15827 9585 25412
58938 44742 103680
44580 29794 74374
26097 21811 47908
15677 9953 25630
35196 25112 60308
19350 13693 33043
28884 22447 51331
9835 6312 16147
21181 17066 38247
22940 20349 43289
16567 11197 27764
43396 34635 78031
63244 47762 111006
15350 13327 28677
48520 31380 79900
22429 16939 39368
8215 5485 13700
19144 15877 35021
44418 31729 76147
31298 23736 55034
22164 14265 36429
22311 15508 37819
51081 38013 89094
35896 25881 61777
19449 13952 33401
24285 19492 43777
37895 30227 68122
36154 27848 64002
60834 47962 108796
16278 11792 28070
14771 9499 24270
6162 3739 9901
15398 9329 24727
21478 16156 37634
20684 17317 38001
38059 32752 70811
22430 18561 40991
11301 8669 19970
36889 28771 65660
21161 14026 35187
6596 4015 10611
32655 24305 56960
73224 61121 134345
30823 20678 51501
10946 10123 21069
34723 25395 60118
32288 22736 55024
9834 5862 15696
36725 28416 65141
19121 13090 32211
23422 18673 42095
69754 54914 124668
14534 11244 25778
38078 30057 68135
14270 9920 24190
8046 4476 12522
34787 22628 57415
34217 25006 59223
36890 31250 68140
47611 35491 83102
36353 26351 62704
48708 39931 88639
25452 19469 44921
43679 38879 82558
14486 9960 24446
11913 10198 22111
31792 24471 56263
66767 57785 124552
68843 53652 122495
27611 20007 47618
21412 18604 40016
15499 12737 28236
16982 12476 29458
62434 50168 112602
39707 34003 73710
22317 18400 40717
31109 23336 54445
34742 26640 61382
22651 19894 42545
30771 23595 54366
20965 17766 38731
15734 10004 25738
37357 26241 63598
29507 21938 51445
40025 35179 75204
7699 5074 12773
29833 25810 55643
20179 12685 32864
26261 22166 48427
10609 7454 18063
42043 34621 76664
22795 18247 41042
8003 5003 13006
77021 58608 135629
67442 55761 123203
34271 27550 61821
29912 24623 54535
19746 14416 34162
20813 18369 39182
22985 17644 40629
39830 27124 66954
41961 36339 78300
37002 25126 62128
63903 48665 112568
21631 15773 37404
64379 48262 112641
15834 10756 26590
23123 18841 41964
7799 5213 13012
21416 16707 38123
52434 47128 99562
17149 12813 29962
6831 4610 11441
