18792 40734 59526
11031 28921 39952
20666 43953 64619
22973 46590 69563
22788 46167 68955
21686 39933 61619
16462 29697 46159
8932 20506 29438
16930 36694 53624
31293 69202 100495
8355 18416 26771
25192 53881 79073
31167 69808 100975
19934 45259 65193
10208 21905 32113
16662 30173 46835
35142 75561 110703
11366 25346 36712
21690 48472 70162
35451 76293 111744
37880 99566 137446
20669 56035 76704
12236 26306 38542
9087 24599 33686
15744 36133 51877
21767 50082 71849
8251 15229 23480
5789 10866 16655
6031 11396 17427
20528 44379 64907
31220 62069 93289
14650 37516 52166
30705 71743 102448
20717 46585 67302
20366 49628 69994
18670 41796 60466
25085 52909 77994
11033 22844 33877
21062 55685 76747
21087 47238 68325
5241 10423 15664
21726 54976 76702
15726 36403 52129
15056 32594 47650
8103 835 8938
9822 22086 31908
28293 64751 93044
8126 17685 25811
20028 46981 67009
18265 45930 64195
9006 18658 27664
33772 71429 105201
9418 19050 28468
10709 21462 32171
15118 30516 45634
8046 15180 23226
47350 108262 155612
41457 93306 134763
34721 80235 114956
25548 57975 83523
7958 17514 25472
25462 53277 78739
7729 12294 20023
16274 31061 47335
11810 27689 39499
4594 9954 14548
7469 16233 23702
52897 131044 183941
9014 18020 27034
5404 10810 16214
6311 17826 24137
4271 9739 14010
30624 56444 87068
65229 143054 208283
18254 36844 55098
17403 43365 60768
18759 42283 61042
29292 63328 92620
23096 64657 87753
22527 55677 78204
7671 19170 26841
25594 62030 87624
43152 91813 134965
31571 70712 102283
33744 89079 122823
36604 97357 133961
17300 34293 51593
8739 17131 25870
21997 49445 71442
22169 49303 71472
45048 84969 130017
17385 38468 55853
14249 28558 42807
19304 43389 62693
6804 11941 18745
11145 23223 34368
14201 30177 44378
21846 70033 91879
12793 26103 38896
55559 107379 162938
18223 60155 78378
20954 37207 58161
26963 64427 91390
20109 47226 67335
5964 10780 16744
17789 43358 61147
17258 49132 66390
9032 19660 28692
20268 51108 71376
33570 76289 109859
13892 32397 46289
17299 35159 52458
28971 77557 106528
25081 55981 81062
4028 8218 12246
38529 88729 127258
19804 43931 63735
4863 9373 14236
3472 7992 11464
16517 33351 49868
5631 10504 16135
11105 23391 34496
14632 32385 47017
15572 31348 46920
25472 73444 98916
4458 9634 14092
10249 24195 34444
12940 25470 38410
51524 125560 177084
21548 47988 69536
19441 48335 67776
22562 49583 72145
42773 80311 123084
23957 59792 83749
19985 46048 66033
13974 33385 47359
20042 46428 66470
7038 14636 21674
15405 37850 53255
11141 24732 35873
5543 12529 18072
4490 10224 14714
6817 13348 20165
23440 47618 71058
34203 48971 83174
9249 20104 29353
16509 37034 53543
23582 53946 77528
13780 25197 38977
19325 42026 61351
32445 62698 95143
6243 10568 16811
9824 20201 30025
28409 59187 87596
10064 19682 29746
36701 96819 133520
34271 69972 104243
11206 23749 34955
15494 35499 50993
46474 120486 166960
20850 45852 66702
31739 70193 101932
16263 34147 50410
16065 40075 56140
17394 34608 52002
6084 14236 20320
13308 30906 44214
25650 55023 80673
21627 44919 66546
24726 50119 74845
11141 23747 34888
18684 48813 67497
6800 12426 19226
8640 21146 29786
9173 18988 28161
5494 10827 16321
9658 21771 31429
31706 64486 96192
19011 44937 63948
15551 32057 47608
6799 14964 21763
24300 51474 75774
7422 13436 20858
13794 31013 44807
17855 39160 57015
9632 21489 31121
9944 19736 29680
7309 19754 27063
8562 20503 29065
15141 33384 48525
9529 25949 35478
21026 43858 64884
8912 18748 27660
15254 35521 50775
22229 47064 69293
26034 56766 82800
16746 36570 53316
31701 64974 96675
10892 21087 31979
38375 83176 121551
32420 64471 96891
17899 46325 64224
10683 27669 38352
21828 46047 67875
14129 32937 47066
20378 44499 64877
6958 14045 21003
15078 35960 51038
17315 41342 58657
12273 25759 38032
29691 66253 95944
45505 99878 145383
11288 27239 38527
28213 59827 88040
16274 33959 50233
5950 11291 17241
13969 31178 45147
30385 62138 92523
22145 48075 70220
15004 28138 43142
14954 30689 45643
36465 79618 116083
23849 54293 78142
13926 29240 43166
15543 39346 54889
24165 58025 82190
24106 54839 78945
41627 92118 133745
11644 25810 37454
10017 20516 30533
4481 9458 13939
10844 20821 31665
14227 30543 44770
14524 32772 47296
23662 57007 80669
16534 37277 53811
8785 17996 26781
23690 53473 77163
16404 33502 49906
4620 9068 13688
22374 49613 71987
47654 114167 161821
20539 44954 65493
7913 19441 27354
23846 53334 77180
22814 48665 71479
7327 13956 21283
23884 52519 76403
13201 26680 39881
15293 36250 51543
44948 103178 148126
9646 22968 32614
26722 61043 87765
8502 21667 30169
5825 10239 16064
24145 47569 71714
23378 51618 74996
26126 64222 90348
32232 66079 98311
24088 54524 78612
33360 73208 106568
17890 39415 57305
31878 80840 112718
9659 20753 30412
8588 19669 28257
22853 43015 65868
47598 110253 157851
58536 103074 161610
19229 41444 60673
13209 32996 46205
10408 27627 38035
12971 26738 39709
41577 96332 137909
29654 67448 97102
15409 36251 51660
19571 43598 63169
22392 49504 71896
16248 35968 52216
19793 48728 68521
14464 35227 49691
9847 19688 29535
24689 50945 75634
18111 40380 58491
29630 64392 94022
5058 11061 16119
18197 45716 63913
14306 29361 43667
19038 40595 59633
7502 16404 23906
28508 62624 91132
17165 39045 56210
5751 10086 15837
52431 119386 171817
46009 105300 151309
22615 50299 72914
19763 49080 68843
13669 29576 43245
15269 37343 52612
16455 35848 52303
24484 50384 74868
31664 76854 108518
27576 52319 79895
45673 91678 137351
15900 31928 47828
42586 93492 136078
9998 20371 30369
16009 35896 51905
5316 11187 16503
16409 37054 53463
36247 85153 121400
10862 23961 34823
5153 10903 16056
