150501
144999
140940
73742
91231
97206
90339
115256
179344
177287
170820
113584
123520
126494
136626
124444
122049
41069
143611
130416
47629
44174
25106
118107
79373
59119
54834
48806
65294
63471
65860
87421
73718
88770
72331
132249
126651
27961
26513
26016
103949
87483
71220
35223
61803
58557
29528
29298
32595
83883
24368
25549
51969
45899
50002
48242
139927
139911
104885
81423
54430
48138
74738
124692
136194
155772
195536
169477
208836
234957
61282
117142
96390
144615
154838
252658
245396
209358
132191
200736
161234
58372
58020
49443
118366
44828
42880
42567
41113
42539
71116
90700
86298
233690
255136
251118
45943
40396
57255
221769
238756
222207
138049
141798
132162
58931
47558
43363
47993
91298
95473
92714
137926
131367
122987
62763
68292
33361
43767
53347
42847
68529
69044
57542
73543
64700
86184
128274
89606
51519
50392
129604
25860
24038
20826
112986
69541
125530
27152
21678
30727
69090
70888
65637
69491
37544
133905
67391
19859
18891
165393
173873
135729
126577
45135
34968
35876
30968
81433
126175
137526
155153
130015
118560
66220
55489
57877
67798
32214
112456
244608
203735
70762
33338
45704
87272
113442
68329
67938
47713
32369
31493
36111
48963
76393
91613
47215
42030
59960
83017
141566
129652
131793
28843
26151
31683
137075
118850
112700
87782
60419
67475
81752
88909
80461
52922
46005
99958
113910
112602
127038
104977
78007
71908
46522
109058
78781
77201
60572
89798
77463
84239
58971
40186
121040
118020
146752
41899
62686
72858
36603
185085
180772
145369
164413
156865
153346
140363
51718
51687
91576
179333
208701
213466
166028
125239
119577
82543
87728
43374
39170
63119
51512
173857
197003
76048
86518
72157
66311
59334
123959
159746
31348
30271
23173
23994
159443
135321
113117
167612
41251
32561
233350
233200
213127
21750
20589
70869
70542
139312
45165
51538
45777
66850
54131
56249
20347
23541
23448
67964
76461
84244
139256
142465
173793
189987
75022
76878
84744
88556
77989
93608
78720
73102
35975
38586
57584
28019
29106
17533
123326
93155
