176346
156396
135783
75624
84395
87349
84456
112419
178446
187100
180865
157022
161358
121936
136674
122250
120994
42216
161213
138631
52392
46035
25510
109223
76277
56021
54125
51792
60670
61920
62939
86430
77042
87574
70372
129850
140050
25992
28590
28231
110911
92443
70377
34751
65855
62985
33437
29083
31744
83280
23511
25570
49992
47222
50068
47304
145816
140359
90936
71898
52252
46033
71407
130003
126538
145629
177785
164418
207627
243968
61316
113056
93016
146270
153591
243671
243675
204098
135254
193044
148153
53928
55266
45662
122201
38656
41267
39881
37794
40687
68312
83660
80856
211504
233982
230768
42368
38468
55565
214328
229827
212111
123489
139248
129664
55930
46845
41338
48098
91579
94885
94621
141369
131977
138320
56362
72384
34026
40004
46306
40218
66460
65143
54181
63825
56771
76837
121406
84073
49509
47486
124816
25668
23002
21754
107547
64600
119230
34252
21490
32862
70159
71496
66664
67567
39321
147057
68089
20317
19570
180003
171891
130370
126187
41709
37416
38153
29906
76594
113408
133779
165638
121393
117966
66404
52809
54778
65242
30563
118186
226091
208078
67540
33627
47676
83803
124651
73370
67476
47668
31018
30123
33679
47792
74549
85724
43436
40245
57177
91287
147348
150254
150012
27879
28121
30954
123325
124829
124434
75155
59138
67303
85497
85364
79394
57135
50003
117556
128096
150352
169001
125957
79628
71856
44793
120888
78877
78502
60581
82610
79963
91769
60569
42617
115284
119822
150136
44839
58582
69571
35509
197023
188876
150748
159048
160048
155884
142694
48674
49401
85785
183105
209880
252844
166912
127233
121505
89743
92373
42936
40503
64913
48542
177134
200385
69422
79048
65851
63824
55382
117827
171961
25025
24572
23706
23752
156930
125731
111457
175755
44834
27568
219792
230502
200377
19935
19599
68761
68141
142720
48009
53327
43681
63969
51798
52990
19986
22886
23085
65842
71346
76488
130831
146083
179788
185020
69348
78591
90394
88519
79407
85987
96357
76145
37109
38306
56732
26858
29297
16884
131922
72855
