157217
169503
146399
72125
87552
95380
87993
135751
191018
179364
178317
139116
127110
132951
140632
141929
126375
41377
157857
126462
64815
72945
29644
113774
82816
62989
59914
50764
62839
64850
63335
85922
74156
87700
76967
137838
140844
26560
25569
25098
112519
91944
73002
35573
65633
62854
30581
30852
32864
82067
23703
24520
47003
44330
50385
51333
170577
165901
116484
75166
58711
52512
78213
141781
130758
161617
197200
188453
211396
262404
65603
121458
86408
155717
161538
259483
284864
235304
135609
219830
159961
57399
58553
52826
114948
45927
43535
42614
42567
43688
80342
106771
95666
229872
264766
233528
48572
42326
61492
215674
206826
259880
117645
128948
143953
57225
46302
45691
46227
82890
92350
88976
130378
138558
122257
60940
70054
34508
42200
50489
41455
72949
69997
57318
64264
55130
76452
125613
81427
63670
50292
137377
24910
22810
21663
114888
71632
138720
27933
21482
31392
69227
69008
63698
65405
37653
132491
60966
23823
28512
166906
177863
138132
144443
45194
33875
34210
30804
80784
114258
134592
174246
122524
110523
65374
58076
65774
77342
33359
154268
285810
230177
67724
34577
46584
89813
131110
70147
66524
47760
31977
31204
33156
57436
77603
98148
47367
42083
62237
88915
147461
158878
146472
27935
27729
31727
121969
132863
173522
88457
61030
68948
80583
88996
79738
54952
47101
111959
128151
134360
140868
117506
83529
79009
51253
124717
80860
78162
60472
82245
77140
90063
58269
38899
121111
120273
145699
40593
56634
66181
39111
209973
210479
180643
198986
201854
181764
176572
52315
55471
89695
204947
265671
222197
170810
165271
133626
86129
91226
46544
43098
64274
61566
182993
228328
86444
94167
69960
71046
63922
125022
178106
32520
25050
25057
30530
202019
136827
111015
191847
44054
27981
285023
241219
205002
20128
19180
65315
75428
146621
47865
48670
44580
62879
55442
56608
21348
28008
27353
71118
81607
80350
131216
157526
190645
202037
72407
78348
88373
90546
80167
89001
83515
80892
35885
39960
60054
29642
29124
16559
126155
82058
