152676
157516
141488
72907
85381
87635
82216
117475
182764
184820
170182
127500
130509
146251
138795
125640
123677
39006
148862
121635
51291
46056
26109
112709
84234
57364
58942
49535
64092
66120
67042
83484
76313
92167
73574
136923
139610
26745
27799
25809
111458
89849
70814
37479
65195
56866
32023
30481
33245
81092
23351
24401
50195
43644
47403
45762
148961
144478
90894
75032
51956
50076
73980
125722
130375
147711
183677
164326
203611
236529
64898
118634
91126
145266
147424
253922
254087
211669
121842
210709
147973
55669
56948
51324
112872
43129
41785
41929
40553
46716
72557
92282
80330
231940
246254
248487
42577
38291
56662
212428
217472
213275
132328
142712
139844
53008
41998
41948
47023
86552
89596
84797
144863
132777
121152
57655
71491
34435
39447
47925
41369
67429
68209
58713
69789
58923
76699
107522
82099
52489
49484
119635
27770
23844
21412
100749
72834
108796
29903
21958
31284
67101
73157
67679
69302
39905
125937
67390
19041
18402
158397
147869
137070
123426
44120
33053
33960
29264
77420
112369
131531
160435
121053
110167
63904
56742
54471
69100
33235
115739
225152
208880
67316
31901
44150
85986
121251
63686
63551
46139
32152
31653
34711
49892
70904
91642
46880
40688
60131
80843
151347
159532
159452
28434
27543
30694
129689
123768
127195
76791
59358
64285
78037
81294
72701
49175
43463
116387
118407
115082
133341
115003
69726
76057
47415
116286
73110
74329
63516
79292
78581
89118
58308
40987
122226
116156
143683
39159
63294
70702
36005
193293
186241
159667
155872
168170
158087
147043
51170
48692
87396
180198
211214
205705
165925
120621
119392
81885
84208
44190
41163
65699
52651
166133
192905
70424
78790
65722
66678
57881
121320
163003
23898
22189
21670
22967
157794
121532
109558
159278
42230
26877
213345
218247
200879
19809
20158
66094
67419
136635
49959
45023
43067
59438
50858
53381
19824
23799
23985
68149
69587
75895
127213
145699
186600
184859
71823
72907
80983
80360
75491
87586
76462
73927
36323
39276
56089
27616
28915
16978
113451
77811
