146272
148401
140606
79116
112401
111163
89618
112478
184682
175000
185468
129868
136479
139717
156153
127614
136590
39799
166270
138190
50861
49839
26740
118694
85745
61731
58669
48509
60199
60436
60984
102625
82760
104428
77406
143726
169329
28374
27844
25839
112732
95798
72326
35644
67054
60138
29838
29244
31923
82580
24533
25287
48403
43782
45109
48706
157947
202667
125028
77549
52682
47598
78301
131110
130292
153871
197917
189530
247104
264758
63103
127121
94556
158028
160398
271874
281692
224386
132734
211611
147159
53755
55059
49728
121831
42377
40408
43069
39235
41918
85913
104126
108839
282730
273405
251515
44994
41004
56955
226186
246644
246724
127021
153711
138186
55961
43854
43726
47061
90726
101383
88917
158440
144302
126765
59472
69354
39703
59532
66410
45439
74026
66325
57624
73752
58480
85748
133817
80761
49190
46967
131288
27451
25635
22270
114425
70111
121210
28296
20489
30018
67552
72580
63468
65273
38391
150198
64700
19966
18302
170017
173360
134581
144203
46931
34093
39075
30202
86781
119188
138774
168202
150743
114682
74672
59723
68162
74605
32634
125106
247992
231471
66947
34390
47313
98480
152285
83342
68523
51858
33806
32476
34918
54104
80268
91868
47649
43042
60918
102181
175316
161991
146758
30630
30278
30644
134212
129127
132630
78211
58653
68343
81251
84542
104038
52751
46575
133429
125440
127462
137538
123394
76730
80461
47140
132642
75358
80478
65655
84642
79310
83724
61713
39738
118950
121793
150712
39652
59733
68201
35725
215924
191513
161998
167369
184891
158626
152898
54341
52982
90193
197483
229241
196855
172622
125687
127356
88381
90697
45046
39884
60259
59075
199157
225084
74535
79440
66096
63996
60083
116639
176629
25336
25291
23393
24005
174066
155977
123678
166211
39993
30841
281337
259007
251060
21505
20441
73058
75916
144687
47236
47207
44311
63254
58459
57956
20533
23913
24172
70827
75505
82463
147383
189860
198728
190225
77911
77206
89608
89351
78903
87649
75948
82816
39002
39457
57775
28909
29161
16642
114697
77854
