147889
150190
148729
69015
83052
88537
87188
117117
196996
175963
177717
120689
132656
126050
133280
122793
127378
39630
144303
120556
49106
45785
25420
112106
76156
56698
57234
52347
61220
64241
66854
87361
75762
88884
71278
122456
131820
27598
27520
24533
122506
94234
69710
35777
61632
58500
29541
30926
32703
82601
23458
24326
46481
44209
45335
43681
154386
144438
88398
76143
51809
45963
71920
127813
139657
155906
194999
164227
224045
244037
66162
114866
95321
152262
166222
251713
273005
220766
126225
206392
142751
55203
58167
47264
122897
38255
41922
41855
38043
41973
68084
85079
88539
241876
253184
251376
46130
39884
54652
221772
239584
222094
127526
143584
133805
59091
46533
42719
45951
82167
85601
87660
127780
128151
125026
53705
65476
33097
40470
49788
43437
71401
67603
57040
63438
57347
81376
125954
86242
50375
48598
109434
25071
21857
20391
111853
70857
114831
32213
20348
29320
65554
69961
64385
60128
38363
141760
68344
21318
19226
173852
173476
148884
141042
45002
31233
34187
30241
81149
125074
136324
160129
124552
118042
71740
56552
54950
66015
30265
123238
254170
227697
64549
33416
44627
86657
130309
65500
63032
48696
32472
32292
36596
50457
78120
96522
47823
43861
59572
91220
151895
152491
162979
28578
27482
30019
133448
129523
132095
72889
55231
67638
82718
89522
72721
47416
45893
120329
122326
125394
140073
124089
69129
71244
46754
110833
73207
74585
59384
86781
81997
83276
56601
38425
118201
119694
149485
42568
62456
65985
34335
186277
182527
146404
161737
167903
159006
146471
52055
49409
88499
198143
220288
207563
168836
121598
130918
82687
93723
47620
43659
60966
52104
182203
208407
67391
79907
64327
62596
57193
115950
162207
22950
22400
22292
23430
159166
127483
111117
162295
43541
27947
233218
249528
207157
22505
19403
71111
73802
155868
43322
49430
42809
58600
55316
58311
22356
25213
25307
72331
76814
85871
134326
144688
180444
192941
70977
77027
89846
88574
82863
83748
75865
74387
36917
40481
55356
27110
27640
15838
113647
74097
