154568
157692
134132
74916
86387
92481
90065
114250
179599
184749
172472
121834
132213
125385
137123
122337
121969
38391
149179
127920
51596
45915
26129
116187
74906
56982
59065
50018
64497
63398
60719
81168
72897
83938
75154
130840
132235
25909
26031
26431
116050
84796
72476
37140
65256
60825
31494
30731
33338
86201
24897
27517
51532
47666
51814
47068
154592
148105
89948
78422
52655
48571
80671
131112
135088
157896
186695
171617
215250
250091
66053
123624
89820
146057
167050
247673
250999
208999
124851
197772
150565
58263
58582
49480
124965
43921
45852
57087
43979
48117
81241
90644
88540
240855
270770
269537
52145
45076
67550
225285
230097
241076
151973
154734
129479
59038
48586
45986
53733
91347
96664
90762
139939
142992
131413
59469
75308
36625
46177
57621
45577
77895
70315
57591
63940
59991
84340
135856
91490
52596
49476
128132
27531
23586
21585
112019
72465
132761
28806
22376
32101
70702
72162
67293
64422
37037
137283
66921
24397
20932
168829
176226
128792
135507
45774
34672
36153
30223
84768
125270
138025
157112
121408
110891
74320
55480
58722
71085
33983
135134
226831
212786
63617
32526
46532
87401
137682
70079
65242
48777
32168
30958
33026
47129
72442
93138
46176
39290
57980
84463
151141
151334
148869
31085
27308
31494
121673
128347
127457
78200
62987
69160
85868
96084
88162
54891
46866
117199
120425
117418
136466
112700
75836
82090
52120
118802
74444
76538
63118
84358
78181
87332
58556
40164
115671
117815
146739
39685
61217
74679
36173
183913
178934
145456
166510
156057
152336
139028
55959
55507
86431
178692
217480
200375
164782
118586
119330
89705
96044
44792
39042
61763
50083
167910
202532
75343
84280
72605
67976
56875
117035
162862
27621
24456
25005
23833
154087
129376
110062
158653
43119
27541
211118
209895
196812
22568
19984
66903
71782
134411
47159
44194
40791
63892
55585
58309
21292
24871
23728
69741
77067
77173
125204
140172
169013
177458
71274
72476
83799
87570
77609
80953
73941
71358
35315
37427
53502
26092
27102
16523
122180
77895
