155834
159586
146616
66935
86182
85753
81599
112287
182687
170974
176459
120011
123201
129721
133383
125542
123151
44694
145903
123207
49273
50787
26657
116952
75441
60801
56513
51230
60865
68126
73477
88311
76572
87638
73890
136064
142341
28626
28985
26364
113492
88747
68658
37210
69747
62055
31718
30544
32491
88082
25327
27004
46259
44459
48070
45708
147384
145575
86324
69747
50077
45948
71617
127590
130213
156255
180248
166615
201444
246313
62046
127520
93640
146422
153429
258887
258026
210758
126774
194824
147005
54989
55760
47149
115300
45407
40178
39977
37675
43559
71168
87754
88548
218189
251450
247698
47256
38519
57905
210340
227103
220460
136736
142008
131664
51761
43791
44465
47973
82340
92249
92674
131610
130003
122957
54345
67951
35879
41188
50225
42841
69171
74535
59469
69374
58276
86763
132226
82474
55170
53408
135356
27273
24197
22351
123839
71384
127826
28533
21724
32249
73196
76657
66034
66328
37623
132400
72026
19204
18905
156425
168828
127608
133829
46302
33880
36388
31266
89472
120152
147894
166630
124993
110955
71337
57934
59766
68735
32378
125633
234492
224137
68317
33841
46972
79706
122851
65272
62393
46715
30749
32512
34506
48358
75995
86499
44418
40525
57858
84603
157243
159922
147593
29772
27676
33413
125962
129065
127639
83479
58387
69972
90874
84190
73638
50318
45170
110364
118474
119949
131959
113283
71258
79430
45190
107987
70194
79687
60451
80682
76172
88595
59959
38678
128072
118764
148257
41400
61812
65914
35557
186674
182337
149259
166098
162485
156854
145341
51124
51696
85168
183492
212329
193494
174838
131423
131561
83631
93280
45608
41423
61979
55322
178711
200470
74048
90997
72210
67946
55281
119267
161455
24825
22539
23239
24097
159422
125371
112483
160619
39998
26887
211206
233949
190378
21218
20790
69959
70038
148458
47978
49809
42821
60053
52142
53772
20210
23465
23778
68839
70854
85125
137821
147132
182281
193286
68131
76989
87291
84784
75844
88375
77303
72968
36012
37510
57642
27006
28998
15887
120907
76411
