146529
143869
131224
68845
85700
91440
84498
109851
185315
162547
170472
121679
128513
122454
125248
120250
121912
44113
139309
134705
50189
49551
26033
111953
76991
59139
54528
52459
63552
60581
61149
81889
75827
86644
70312
131373
131245
29797
26879
26671
118737
92017
76173
38655
68304
62259
32037
31117
33931
87258
25084
25949
50939
47244
49068
47774
152626
147416
87364
75945
54603
49795
78282
140068
129817
152056
187833
165229
196364
241570
62142
116112
85169
150027
154279
234638
249636
234272
132377
199877
148049
56856
56283
47386
113940
43706
39915
44042
39466
44936
77637
95560
90073
224731
231930
242437
45035
42737
62009
218488
221870
218745
128901
146990
137157
52426
41378
40899
45899
81324
83978
90575
143174
134877
125008
64110
67707
35478
41310
47185
42431
69693
65496
59362
64975
56286
77274
127848
105736
51098
49526
136571
26285
21937
21533
124372
65637
126673
27898
20938
31393
92447
76459
68537
64177
37848
138960
62261
19239
18802
162936
179698
143394
139384
47146
33616
37019
32287
85936
120245
141175
162961
127582
115856
65752
55767
55344
66618
31334
126160
223706
219149
63617
34813
49890
89640
132121
63461
61576
48919
31904
29791
33964
45694
69475
94167
49355
44818
64400
93527
152765
153246
150146
27992
28085
33746
130007
126899
133604
77622
56065
64700
77675
82118
76667
48747
45818
116023
124320
120184
141085
125031
74062
71633
46590
114935
74476
79323
60919
85776
77777
85017
60687
38547
130556
125563
152952
47513
59532
66172
35232
189159
182087
152847
160108
165266
158019
149820
51591
50117
87118
185397
213569
204059
173908
129832
128285
86001
89047
46446
38767
60480
49654
176173
195240
70220
78360
65471
64764
54359
125332
167140
23274
23524
22265
22757
160578
129047
114169
164113
41421
26515
216733
226282
198729
20246
19292
66118
72036
156503
46277
45733
43121
62163
55145
53694
20353
23486
23256
66615
72080
78502
134590
153779
175606
187451
74454
76074
86143
85664
79405
86598
79763
76523
37375
38509
57423
27764
29024
16748
120269
82748
