167012
164988
147342
74747
89862
96906
94588
130043
219800
203628
194824
129556
140294
138330
148432
139526
130463
43004
156949
140286
47553
45717
24816
126877
83290
61202
58573
51311
65670
63014
61375
90315
78616
94622
70117
151809
157225
26083
25030
25022
124134
99817
74397
36858
62965
59624
29883
28556
30819
104461
25827
26792
48526
43344
45788
43897
196111
158072
117252
98319
65267
60009
98898
146527
145100
204447
284759
212044
267152
325342
78667
143038
107186
180690
173405
337396
351119
284618
167404
276003
186263
64826
62635
53394
137406
44952
46878
47066
45219
48014
81466
108704
108535
311702
335793
371729
57461
61374
93650
312233
347684
334773
160700
171243
176796
58412
55002
53065
52524
114059
115045
114851
153052
152687
132923
62254
80061
35613
45845
53795
47183
73751
73529
62946
83052
68395
101374
141352
99165
53541
51135
143281
25195
25209
22934
117791
72027
128924
33723
25388
31830
77431
74763
67936
70002
41026
155004
66814
20159
19949
180843
185872
141171
151758
47503
34378
36904
31774
109410
126868
147294
176703
136488
119239
72277
68872
58420
69771
31353
127213
287973
262257
65102
31850
47091
93158
134626
72139
65952
49306
32292
31083
33904
48490
76216
94753
46226
40490
57992
90698
157760
190382
164562
27838
27652
31390
158045
147368
147719
88816
59775
68579
89982
94391
79654
47762
46731
115197
128776
131033
167381
122594
79411
84604
46950
115691
86913
88586
70412
92983
86352
99797
58720
41367
137613
136836
179393
42045
61271
72851
36587
240521
234767
161831
180858
217117
208269
184255
63914
56500
117106
250095
278571
296606
186447
171982
143417
98759
101211
48062
43884
69526
51748
218099
247056
72996
91827
72818
70422
60273
120392
176665
23225
21814
23556
24217
175981
152044
122351
178315
44073
26734
312022
291495
252669
21220
20080
68504
75725
149482
53982
49749
45510
71760
62402
63264
21284
24716
24771
77300
90216
102468
158402
192551
262667
258557
99333
93389
109797
112342
102890
101358
97114
93388
40352
44234
71570
29662
32723
17336
136216
92621
