181186
167219
169614
73781
98364
100926
95552
128198
206322
195731
196898
127658
137892
150778
128767
129007
130812
42305
142949
127578
56674
52848
27646
117128
91776
61648
59529
52334
66098
66189
66434
95187
77179
98343
78124
164119
152634
30880
28781
25594
135711
101657
78525
36597
67301
60023
30498
29960
32592
94036
24324
25147
49582
46334
48808
47054
186470
165664
103584
81419
54745
50922
81719
143820
143793
168925
210783
195648
263554
303028
72123
135383
101052
170682
173666
313909
330271
271805
142508
257485
158472
56237
58803
48393
134110
40568
43192
43218
41513
45316
78341
104725
98189
282597
304026
306399
47192
42246
59342
271046
272972
279437
139046
170694
159419
60652
44514
44585
47750
100085
99363
102651
146698
142285
132818
57848
75757
34470
43662
50600
43997
75890
71615
58703
71660
60671
92660
143621
92577
52404
61649
143387
24888
23680
21832
128564
70325
141026
27255
20442
30255
72682
74437
66231
68541
36698
146864
64295
20578
19414
193446
187318
148634
145975
50591
32674
34873
30027
84637
133413
148500
175621
140803
131236
71047
60018
57399
71497
31435
139350
290822
268600
69587
33887
47313
95722
148524
67446
66327
48077
31927
30972
38683
48405
80188
103149
46758
47624
63509
99959
162218
171244
164211
30811
27295
31816
134913
140574
153052
84830
63183
70037
91640
105736
80077
51470
50309
118900
126770
124857
149627
108268
79796
77975
48173
122509
74593
86065
68459
100212
86507
102505
59874
41522
134433
140867
161810
41265
60669
71577
36965
216294
202485
167394
174286
177125
170155
154285
53268
52213
96867
207726
263383
251103
189319
144461
134889
112119
99477
46279
41406
64582
51086
198117
250793
75504
96684
70558
69274
64772
127677
189840
23443
22622
23142
24061
178946
145821
142148
181070
46827
25979
275375
278407
241770
20967
20872
74916
77779
157630
47790
49686
45923
62880
56158
58639
21257
24683
24630
75715
79915
91935
140337
146970
181844
213437
74893
83179
101227
95126
83808
101895
83292
82363
36273
39278
59586
29206
29098
16580
119572
79682
