178239
168618
163026
81561
105588
100358
89842
125955
230576
220630
218334
137122
142165
152631
158121
145399
136692
40844
164919
138377
47735
49186
26475
125157
82764
62878
60114
51329
66607
70439
63926
96225
81736
113055
75672
156813
148851
24822
24058
24664
129366
96266
76364
35631
63746
74702
32692
31182
34047
93774
23764
23845
51560
44689
48364
46945
185548
161307
102201
81633
49183
45008
75762
144139
157017
174445
230743
203317
269773
333303
71494
140256
111752
196810
182750
307138
349393
281528
157205
256386
164889
54135
55035
49353
127032
47032
43360
45564
40647
43016
81932
97057
91508
284017
315270
360446
58448
42090
86894
315666
329120
301026
155622
199580
182816
106605
72151
63702
55861
114445
122770
136154
183928
202347
159812
67851
77370
50170
52542
65319
47039
81541
85202
78543
91639
66623
112012
162622
117491
65679
60175
197714
34865
42180
33825
139647
82864
168615
33226
23698
46455
101448
102185
81175
96076
44350
193819
79037
21374
21077
209678
231541
183422
187873
54676
35640
42992
50388
119433
173463
201969
210462
160755
156263
78672
69681
65065
91827
46177
162380
383958
306340
71474
35993
49054
97213
161317
83451
70572
48795
36215
31370
36768
66659
112764
118834
50616
50998
72490
101178
173511
180858
176561
28848
27173
35989
173425
156206
164845
105995
64646
70064
94739
102088
83858
50547
45854
126612
134703
130830
147781
122593
91892
95847
48434
155375
99653
104796
65470
98641
89064
109224
59406
39410
130735
130834
168933
39061
63912
75813
35260
244436
231418
163050
201855
180284
168634
166721
49151
48610
97559
229356
266565
241663
190499
140184
154087
95666
106876
45812
43354
65301
53847
221634
286872
84683
103087
81217
72354
57860
133964
180320
23953
22589
23287
24818
186540
156623
131333
202212
42822
24669
275522
272824
243714
20385
19416
67506
79460
158761
48295
47288
42054
66939
52681
55014
20018
23566
23307
72210
82786
92117
140326
182330
223198
235133
76607
78577
96141
94398
82091
109324
94869
88405
43321
43297
64286
27903
28578
19249
126281
80257
