152765
152474
146494
68395
81237
88899
82963
119890
182280
175987
180361
118053
124882
124008
141416
143748
125237
38265
158652
120920
50337
44667
25009
111848
76520
56432
57624
50103
61713
63473
60042
82208
70629
83921
66178
133651
135581
25086
25337
25854
110414
92398
68197
34507
67107
59739
28997
29784
31463
86162
24422
25310
49106
47028
50100
43455
154061
142387
91070
69960
52331
45755
76158
127631
156744
165454
186936
163119
217659
241576
62533
117769
92499
148062
152244
260676
273059
221114
129346
208643
149040
55696
58499
46905
125829
43165
41583
41489
39137
40897
74408
87175
87686
230288
255409
250007
45621
39182
55537
220982
234832
235733
125849
142099
133186
53539
41506
42156
43730
90758
88252
85473
141912
130239
122382
53336
69779
33221
40789
50902
41344
71773
69942
59034
69232
59788
77195
122938
84587
51718
51363
127791
27035
22208
20467
115332
64290
124787
27500
20847
30773
73084
68633
61545
61617
36823
138404
66314
19164
18188
166549
175494
141275
136439
43253
33268
33707
29650
85542
125203
149307
164756
128250
119410
64586
52759
54492
68480
31864
118737
241374
232083
69632
33326
46559
86749
132751
61803
62523
45996
30748
29954
32531
45241
71486
86272
44834
40424
58419
88005
150328
159479
148704
28298
27347
31725
128691
134232
129256
76251
56623
65818
78401
84490
75513
52321
47699
113260
121693
120230
133601
114338
71266
73597
48110
119784
76519
74390
63031
87959
81735
90222
54961
40584
118435
122365
155608
40072
59229
64819
34789
197833
186256
150938
160982
162321
162013
150763
52229
51662
89787
194285
216628
203484
171878
127870
139037
88879
93154
43535
40562
66558
51290
174142
208024
69215
88933
70246
64814
56704
118629
165947
23321
22714
22185
25419
165144
130354
113405
165787
41579
26346
223428
229553
205852
20135
19637
65204
67846
139186
44490
47255
41057
60725
52309
53355
20827
23109
23026
66096
70521
77809
135900
152994
178708
189465
68204
73209
83483
83057
77036
87663
77216
71905
36546
37810
55733
27787
27620
15807
115450
72237
