173617
169725
155076
74453
91774
103390
91209
124567
218672
197868
195360
142928
138834
146357
150857
139226
142350
40269
165179
140595
49994
47790
26069
125634
86191
62456
61658
53352
66725
64058
69244
92627
84503
100126
75350
153273
151082
25851
25431
25771
131931
100267
75921
36531
66966
61663
30883
32842
33170
88161
24524
25269
49391
47212
49055
47649
169107
159608
106643
76715
52996
49422
78737
147148
145540
167637
210481
190862
260598
302476
67191
130088
98010
174983
165813
308808
320937
261034
148895
226257
157845
57151
60524
50242
124546
39552
43409
43625
38915
43954
75097
105254
89431
274932
303551
301645
48651
40066
58284
270578
278357
267140
154556
155800
155446
56216
44983
44858
49668
93481
103063
100022
146426
141413
131202
56510
75293
34435
43564
50629
44050
71976
71271
60936
68237
57897
84001
147108
88472
52764
49984
146037
25487
23591
21624
118810
69850
133366
29236
23254
30279
69882
73905
66678
66780
37493
150781
65368
19089
19112
183318
185977
150869
160028
46128
32994
36022
30581
87295
127534
155042
173480
135958
128557
68546
59812
59714
71459
31402
130861
287934
259293
69844
33837
47612
87287
128295
69782
68735
51770
33271
32602
34205
50401
80633
109227
49376
43603
64174
97245
148903
157157
145096
28559
28861
31971
116728
148745
122196
85544
60484
69345
85490
91346
80465
51019
45287
114892
119539
124665
134447
109278
76895
83399
48072
137003
80154
81858
65863
92107
82161
93623
62363
39958
127858
132959
173714
38933
61001
73857
38578
217779
206535
176548
180112
182196
180732
161625
52409
53065
95848
205971
275202
224808
188820
141034
137647
96486
104354
47427
40497
66741
54062
198007
231034
76693
85068
68680
67000
56277
149085
182065
23019
22953
23525
24072
178418
144905
119729
183515
42794
26819
268821
289702
226786
21495
19715
70499
74653
158452
46378
48581
44905
64693
56238
58741
21418
24518
25072
68638
74676
83929
142396
161713
198765
221148
77293
84725
91179
90229
82183
92096
82340
78990
37461
38877
57750
28087
28913
16346
138542
81177
