156012
158162
137208
73156
97850
102524
96303
119170
205327
194468
204802
121565
139803
146615
144989
150877
139057
39250
166084
144309
49756
47591
26220
129033
84987
63074
59621
51488
63153
64639
65678
101536
78007
98832
73045
153046
151596
26218
28003
25661
131363
104084
75091
35322
69769
63087
31404
30400
32517
87752
24394
24800
49454
46029
48071
45880
177462
172089
99740
78148
53865
49341
81651
142365
148018
166093
215729
196520
256407
296349
64938
128182
108550
162195
169134
309250
322001
266933
160806
257494
164197
58049
58266
48110
131616
43205
43123
43769
40311
46168
76667
102429
88875
275168
307888
302088
46785
40156
60372
247689
278560
272392
119335
144579
162428
57427
44971
43239
46973
96161
103980
104416
146068
145865
134173
56976
71973
34619
43524
51687
44494
74062
68502
57954
71816
59678
83840
136370
98888
52680
50661
138703
24679
23788
21684
120327
74934
136500
29388
22847
32686
75035
76756
66965
68000
38446
147198
68902
20518
18689
178448
188003
154176
143743
45950
34528
35829
30300
85622
129034
150544
175239
153464
128021
67849
57093
56938
69998
31479
139605
292094
259800
66792
33775
48208
94637
139727
65510
64310
48411
31200
31312
36115
50183
78176
103296
47306
42483
63042
97469
168483
175749
161639
28643
27540
31815
133149
145456
138902
79306
62405
72856
86090
99018
82266
54250
49484
130833
131964
128077
147926
130369
90344
80729
48674
127309
75046
81354
64416
95842
83281
96746
60888
39936
112490
124604
159523
38537
60611
70570
35588
206944
185377
162815
172509
156492
167609
152814
58165
53551
97571
213068
258333
252217
187055
133448
135163
97143
100576
47652
45209
70363
55399
194077
247670
74320
90816
74955
74232
61925
124315
183057
23835
22698
23255
25583
174208
155904
134074
182722
51049
26290
273699
291814
232035
21973
22754
72626
75322
160221
49215
55018
48389
67634
56228
58356
21495
24620
24440
70706
77323
90700
159016
171828
199116
218623
72508
82026
97143
95376
83685
98271
81918
80003
37612
40074
58776
28050
29243
16454
136003
81566
