161789
160308
176351
74018
93666
102712
100983
113038
213693
195430
215564
143617
151282
136862
145637
128752
130268
56077
170969
132950
51291
48724
28019
133463
104761
88927
65661
58892
71961
79274
69016
95377
86331
121359
87427
187973
158577
28880
30903
29277
139666
136228
94090
41543
75618
72150
38661
35030
37375
99961
26069
27789
54098
59748
54676
53779
198072
185781
128453
93091
63081
55070
96098
178136
188025
222040
259968
221924
265685
340056
72390
131402
99512
185544
183508
342159
329265
258183
164884
217294
151409
62235
59287
49833
116637
40300
42382
42230
40264
47390
87246
116759
91613
238635
288987
310083
55134
42571
62274
277932
241255
242676
138575
150526
151044
59366
42132
42589
48025
90160
93462
98156
147449
137473
129826
62004
70156
35531
41579
48537
40371
75139
74248
64831
68231
61069
91001
139364
89993
54765
52297
148614
26548
23322
21060
128412
83467
134622
30589
24010
34175
75212
74539
66717
70424
39924
159915
71173
20422
19299
186426
191390
146765
136330
48478
36129
37793
30093
93535
113717
157306
185050
130801
120376
90324
67206
67105
82688
33206
142462
296618
248212
70007
33919
46273
87651
161509
68874
65248
48522
32544
32160
37090
55265
79280
93313
48805
42486
68558
101691
175855
171514
192042
29128
28106
33235
140784
155293
136218
78561
65368
68604
80704
89153
84030
51756
46961
122724
136745
131236
144403
116478
78765
72376
44346
137939
77185
79237
62496
91365
81262
87986
56732
39788
126686
128653
171892
39493
61623
66575
33712
199814
189816
161174
168931
167395
166839
156745
54046
53229
84818
200983
228525
220202
179052
130860
124428
88971
91778
46062
40864
63892
52396
189678
212420
74972
88262
70105
68667
55253
113912
182260
23229
22268
22876
23870
168500
134171
115938
168746
39634
26205
238887
243731
211517
19539
18826
69789
68931
152206
45922
45441
41525
60281
55743
59130
21387
25924
25776
75966
79828
87195
131190
161123
188431
201459
72735
73653
89335
90672
83683
92673
84255
80813
35901
40209
60968
30337
30313
16865
117601
79168
