202053
199957
179649
83409
93036
105396
106654
120938
222302
204758
230431
133162
147061
174930
196358
178458
159224
56477
189405
152226
52911
51374
29150
140647
101766
76398
67696
65926
78247
71910
74523
103942
91886
104681
81458
163269
166190
27634
27798
28444
121796
101347
83193
41480
77355
72791
33374
35408
34743
101961
26366
35087
56740
47144
50155
51532
181238
170939
100770
88973
65173
59346
90036
161595
150889
178905
226400
192916
249053
326650
74112
139628
102231
180882
178940
327070
337531
252904
152540
235503
163177
64765
66986
51193
130700
45866
47385
44809
42437
44169
78248
99731
94443
273743
318302
313928
61081
40487
71049
257744
272548
263999
154457
194511
181094
58395
45051
46468
45815
92046
96033
101495
161355
147295
138866
55907
74655
33464
39369
48801
43995
73166
72598
64088
77271
62046
82360
130065
96382
56057
54181
148921
26825
22950
21459
118625
70508
121060
25827
20077
30553
74568
72195
72892
70960
38624
163474
67771
20053
19064
172159
179673
140497
133828
43066
31593
36331
29665
90261
115335
143044
165456
127552
113544
72274
53924
56571
68964
31777
125550
299039
243789
78049
34722
50016
100774
134910
78673
73903
48535
32553
32024
34070
46428
79103
91004
43463
40764
63083
100393
153656
145005
152184
32469
29316
39185
178025
132429
134270
72138
59458
63681
84402
90339
75146
54522
48821
116880
133438
138283
123290
108387
69793
77383
46512
110953
77846
77804
59934
86926
81005
85758
59033
39550
123268
126371
157466
40808
59067
72877
36832
224977
211256
159982
174506
179769
167723
164664
53785
51742
90343
219254
236430
249925
192336
134279
133946
96340
92663
45050
40120
63768
50600
188447
232462
75391
85825
72553
71346
55690
126950
174250
24114
23516
24703
25295
191640
146915
114261
204166
44601
27442
242366
236874
215348
19952
18961
68229
74917
187133
47473
52735
47128
65318
55746
58712
27745
28605
25791
90682
90872
93498
153339
174352
218778
241710
80686
93115
98016
98757
90795
99234
83526
81659
36436
39011
59028
28004
28269
16109
120475
76580
