150359
148897
142296
68630
82588
85299
83572
110787
158678
168221
166440
99979
109259
123398
117313
125236
118879
41838
144783
125063
46578
45106
25045
123636
80285
57921
55320
48948
63429
63532
65010
84058
73057
86941
72054
138064
133205
29044
26227
24929
110706
104926
75773
38995
67676
60748
29755
32275
35185
87126
25355
25505
49292
45002
47931
45665
161328
161676
97899
78848
55499
50335
78839
145173
145596
172420
196796
183850
215321
254668
71000
122468
94530
147660
167727
268324
270712
222783
128212
205837
151752
62467
60460
50496
120745
42558
43071
41950
39227
42843
79607
97808
91016
242000
262720
248364
46485
40268
58913
225465
248755
226256
138910
145937
141390
60895
47935
47333
48252
96665
98102
98600
145350
143473
126465
60840
69781
35186
41914
50792
43783
73294
70978
58594
70112
61624
87323
141978
96842
57975
51424
144836
26084
24262
22304
113452
70175
132740
27497
21440
31650
72237
77174
65425
64256
36130
135953
67383
20137
19562
161633
172480
135209
126985
49501
33521
35543
31215
84917
124051
142536
175686
123425
123794
72503
54477
53370
66065
32471
130489
252033
219603
70206
34013
47623
91085
132459
70352
67149
49728
36677
33790
36291
52043
79030
97983
47535
42607
65745
91937
165532
165956
150064
28156
28089
32152
136742
124603
128978
73087
61554
71396
84206
88274
74091
49880
46016
99287
111769
110022
124014
108360
78871
75564
45059
101205
71776
76878
66923
86015
83168
86672
58267
39537
109120
124719
134749
41499
57037
72606
36499
194601
188811
153309
161670
169265
142444
137218
56142
51119
85129
199289
215564
218724
183573
131560
135622
100311
95711
46663
41602
64327
49359
193452
233962
77495
81528
69992
69833
58878
115224
165281
23933
22719
22951
24048
165522
136020
114941
165716
40877
25880
214096
228924
191264
19771
19995
68671
72707
146884
44405
44707
42827
62170
62245
56944
20690
24430
23373
73042
77277
82351
136277
149249
181273
189811
68498
72589
85692
81712
80617
88765
82708
75182
38879
39784
57790
28103
29641
16062
121268
77107
