172023
169946
159633
71127
92060
94608
89488
119835
199432
199310
189208
127757
153244
151001
152527
149697
146534
40421
160196
129952
48640
49814
26678
118117
92034
66441
58792
53172
66262
66018
64777
91316
81420
99687
73167
149294
167161
28352
27213
27515
106932
97751
75313
36655
67773
61559
31239
30602
33267
88524
24643
26358
49998
44971
49702
46213
153375
168471
99013
78082
54903
49963
81111
135522
139025
152565
189632
182379
234023
296060
66631
129781
89674
162987
168787
299208
316296
240038
143327
225109
167898
57298
62820
49550
116251
38911
42422
42980
39613
42455
74486
93821
88026
257170
299027
294492
44732
39765
58910
244355
246207
240644
140454
155359
148745
56033
44625
42946
47903
89693
100614
96120
145615
146048
132091
58294
72241
35075
41488
51332
44277
72993
72381
59752
70886
59958
84091
134396
89595
53165
52059
136654
24332
23255
20215
116666
76695
133430
29701
21813
30852
73492
73623
67435
67458
38008
144000
68365
19929
18828
174032
172029
133325
121649
50443
33888
35494
30388
84996
126764
144783
173104
133352
116725
69950
55345
55423
66825
31407
141352
292642
238646
69133
34280
48908
92168
138583
69792
66311
49510
32061
31740
34428
50595
75698
94520
47645
42007
61966
90095
158341
163386
172112
28572
27669
32461
143888
152850
154105
80843
59925
70261
85328
89839
79636
52537
47794
118957
133433
129545
149343
125271
72752
78880
48629
117194
78977
86436
66550
92190
84197
94617
60052
39640
139931
129488
162931
39827
64344
75376
35585
216454
199541
166298
173464
177668
173168
157284
54879
54654
90202
200903
232150
220001
172666
117268
143511
93336
94639
44636
40326
65074
53159
175075
231181
74444
92151
76556
74347
62581
119551
182771
26037
23656
24225
24481
173339
130923
109507
164843
41480
26554
245958
259129
230677
21869
20613
78773
80628
146610
46833
49593
45026
64374
56520
59546
21414
25668
30959
82779
79120
103040
137386
144055
193180
206711
78462
78896
90700
105588
89149
102253
90874
104570
44601
46243
70801
40401
32717
18191
149587
86858
