158257
158348
141875
75250
88880
90142
86127
119558
189531
173150
171629
122216
124167
129870
131124
124168
121713
45982
144891
122738
49401
46369
26134
117411
77318
61978
57835
51259
65046
64719
64674
90762
76254
90853
73594
134099
145179
27142
26420
26093
109133
92749
76194
39306
65788
61528
31937
30493
33090
88977
25560
27143
49060
45770
48556
47759
154802
140986
87565
76275
52542
48104
78310
131271
126772
149011
193047
168914
209138
244019
68781
118073
89650
151240
149836
262659
259761
214235
128000
206445
145949
60878
63700
51873
120940
45267
44070
44296
41130
44967
76069
94714
86812
220735
253949
244875
47529
42661
61622
236340
227719
223915
134210
141440
129383
55455
46290
46390
48896
83673
83932
82380
128581
124799
117980
59065
65763
32476
41185
50163
40778
68508
73052
58134
67060
59550
82155
122519
88084
53471
47562
132439
25167
23853
22695
106611
70754
116657
28774
21932
32082
68726
66750
64099
62534
37946
127787
64600
20385
19920
156573
164019
130526
127700
45237
32560
35495
30532
80055
114234
136377
157503
124700
110534
75103
57878
58969
68037
32977
117738
233212
200402
70329
31537
46460
87963
122452
71179
63679
48851
30723
29992
32813
45031
72170
85179
45690
42985
61614
90130
140013
145809
145487
30962
30289
33870
122917
127123
128794
83657
56620
67890
85704
90455
80874
50709
47199
117659
125370
123171
144854
115853
77626
77727
47960
118290
71943
83703
69482
86877
87183
90748
60369
43002
118957
118471
145692
41788
62022
71879
37546
189577
182069
144821
161765
156751
153236
144195
48660
50208
91358
191866
210240
217964
183882
125981
122755
86568
87753
42571
38294
67081
52196
178488
209948
72887
86571
69395
63835
58166
145819
191739
26847
42060
36014
35397
164191
132047
110649
180942
49122
30049
235867
222561
199033
23434
22756
73887
73432
150341
53291
47892
43217
71146
63151
58772
22519
26634
25320
69497
71869
82403
133085
144256
174963
180513
68836
75224
86568
86922
79661
87543
75273
75867
38374
37524
54584
26322
27105
15533
123095
78926
