153522
161477
142613
71541
87202
98246
85400
115999
192802
183595
171418
118428
135373
129268
154378
129037
128999
40238
156762
125068
45452
47567
27180
116736
84310
64386
58090
54085
65258
64213
63252
88841
76274
83926
74757
142346
151585
27467
26808
26453
124191
94408
76495
40206
65985
60697
31958
31085
33341
80205
25990
26727
47088
42739
47586
47767
149067
144068
90351
78272
51378
47105
77033
131705
131259
153798
188042
166745
197455
243208
64483
116820
90270
153585
163000
257094
272628
211386
136695
210947
144661
58969
61373
50569
114284
41814
41599
40546
40409
45833
72439
87818
83172
230190
258955
242866
45626
40453
57672
209022
214162
212155
132607
152851
144463
55616
43885
44760
46962
93316
90111
88630
136647
138083
131474
58262
70245
34138
41314
49525
41725
70075
69877
56070
66949
58730
85158
126342
88701
55710
50993
126212
26014
32297
25177
116020
70586
129624
29273
21363
30944
71567
67376
63207
65651
37755
148886
68472
20029
19063
172460
171052
136374
119794
43760
36079
37723
31195
79507
117365
136742
159552
139109
115374
82262
58946
58779
67942
35472
119124
232050
216517
66218
32835
46909
87614
129985
68440
62973
48921
33997
30790
34189
49774
75232
87034
45070
44139
62952
85975
148001
150322
159526
28825
31482
38629
125371
130171
130381
86042
59466
66194
81350
85939
74502
49171
44180
110721
122455
117819
133315
112979
79154
76108
44855
107813
79106
77069
64428
84993
74143
82730
58466
40303
117014
120568
149456
40909
62644
68944
35934
187079
184859
145208
156157
160201
155797
146065
53536
50370
82275
182174
214118
209568
167677
125938
124667
84159
96234
48770
40631
63714
51369
178126
201853
68853
81974
66561
66117
53623
127025
166906
24653
24194
22889
24055
163204
139129
116126
165764
43956
26819
223277
226618
204242
21460
21051
72909
70681
148912
50449
47505
43463
67781
56971
56621
20990
24617
24689
69571
76711
81185
143298
152885
175658
189658
72704
74700
89367
89853
81781
92727
78899
78386
40017
41850
60375
29615
29210
16811
117954
72630
