157332
153321
137960
68577
81086
86082
82010
120124
178391
173292
175327
124542
133281
139752
136208
129368
126802
37661
149964
130419
48107
49544
26668
123188
88149
60425
60835
53712
61140
66417
67354
86065
80387
89863
70284
143849
139545
26702
27314
26676
128143
90588
74569
39120
69667
64273
33392
29379
31395
87131
23401
24746
50386
50058
49752
45499
161789
156843
90317
78661
53654
49671
74890
140071
130308
153613
199519
164125
211406
252505
62895
128919
90007
149449
156667
246757
259392
215794
128965
200116
151789
54068
58825
56069
120752
42179
45606
43767
40387
44083
76399
92427
84846
226530
259648
237553
45312
41985
60230
211930
217219
211685
132536
146471
145181
56489
41918
42292
46026
89811
87995
83495
145627
130184
127586
54299
73058
36803
44517
50136
46331
77520
72118
63752
68774
69329
84747
143764
89084
51878
54332
130950
25411
22039
20723
112584
75121
129610
29437
22732
32266
72264
69219
72743
86032
47730
138777
69489
19948
18903
159423
163110
135915
133435
46056
34395
36370
28937
85946
116613
136969
162059
132640
114887
75522
59714
57896
68831
32259
125376
235881
214939
69932
37918
51822
85238
136143
65129
64339
52665
32817
31814
35529
50595
78966
95171
43889
39878
62941
95681
150878
148216
149607
28520
27699
32575
132550
133425
130219
71476
59054
67151
82813
89348
79415
53626
45374
121574
128176
130488
141119
129654
74591
76947
47807
116621
72115
80070
65307
84356
74272
89118
64811
40672
116647
122508
156754
41446
60412
71216
41127
190042
186625
151695
168187
168668
158921
142146
50287
51486
86600
181156
212834
198627
168581
125514
122905
84397
96433
47685
44917
75952
59142
179025
200456
71223
80207
66028
63565
70477
114524
159444
23951
21875
22733
23932
163864
130198
112772
161331
45080
26520
219555
231478
207812
20976
21391
67495
72779
149716
44446
48211
45686
66544
57143
60384
21778
24911
25147
73487
73558
83441
135956
149470
182854
188833
70347
80306
94923
95136
79334
85513
82872
81243
37309
38861
59318
28575
29330
16632
118261
78767
