155553
152859
149583
72389
84738
96244
91559
120664
180764
175369
173795
119396
128055
143746
140738
133918
140365
40497
150464
132414
48200
48126
26460
116716
75213
56736
58653
49141
66046
68712
66802
83233
74988
85011
71640
136155
151039
27703
27048
24764
111147
83345
76491
37998
66595
59682
31160
29778
31650
86452
25457
25191
49008
43560
47705
47196
161726
149326
100873
75591
52820
50098
77540
130087
147479
162018
188900
171183
209069
257210
65025
120880
93118
166125
158333
269302
271206
211249
132814
207047
164652
56789
56080
46941
112729
43331
42849
41886
39415
41426
73995
86517
81025
229723
263014
267542
46472
40624
57913
217679
219260
216348
136923
149273
138340
53110
44240
45537
45424
89818
88664
85989
134178
138924
133583
62574
72565
34522
40667
48470
41064
69772
66245
57560
64453
57290
78391
121952
84659
54151
47814
135457
25590
24165
22279
115962
81904
131053
29685
21665
31467
73702
76106
67433
89044
40923
172736
81506
22393
21425
197834
194287
138107
135515
43673
33758
37074
30854
84715
115533
133707
183692
140145
114539
74847
56531
58729
65156
30179
131031
242035
212039
67249
33482
47206
83272
126925
67737
68405
46434
32266
33055
34273
46867
71781
83945
45597
40141
59435
86945
147458
180865
129725
31641
26406
32183
117667
120599
136574
72009
56507
66348
78963
79828
71891
48592
45171
108938
116467
115045
130128
114264
77060
79363
49941
110328
68658
81698
62443
80166
74197
84494
54933
38166
125951
134989
143598
50571
63211
68322
33437
187745
177730
149020
169226
166829
163804
155249
55224
51244
91686
195821
216148
202712
176499
128278
121263
89423
95142
47149
41224
67325
53411
183537
208929
77459
109180
73680
92359
83116
132021
162914
23366
23151
22690
23116
168165
136203
114818
167217
40161
27573
242198
245313
208057
21042
20045
68010
68724
141486
44020
44338
41110
59475
53098
56529
21127
24780
24884
77699
76673
87243
137510
148867
183726
203713
69619
74760
83489
84494
75872
82760
87020
77566
38119
42500
57448
28073
29136
16617
100188
75072
