164382
166948
152784
79397
99334
107657
101256
127709
201076
197796
198701
131182
140277
151372
164006
143382
137201
44754
167120
129833
49049
47321
26233
130188
87242
64618
59525
51895
68937
69012
66090
103659
78701
100552
74038
149433
154406
28891
27626
27917
122478
107371
74353
37531
72282
61686
30346
30052
32753
94903
24393
25414
49717
47726
48689
46138
168193
157786
100200
79641
53604
51687
79908
148398
141319
168797
214566
202515
260205
302593
67196
129545
108524
166363
170620
316489
329523
278149
145161
255837
165137
58435
59343
48565
141954
45598
44649
46375
41804
45533
77984
105963
98187
284567
312437
305665
46545
41551
58665
272441
280101
272600
142441
176746
159911
55070
44719
44781
49561
103186
101291
103142
160429
147443
140476
57079
71553
34038
42756
50715
44358
73532
71263
58565
69882
61197
91214
149136
94873
53386
50234
145286
26431
22841
30601
123861
68831
143031
30012
23338
30206
76639
75704
66351
66903
39318
152127
65005
20283
19370
194021
194550
153695
151180
43965
35755
36434
32023
92186
145779
155678
178942
142411
132016
70942
58744
58142
69438
31727
138691
306444
267801
74080
33729
47673
95157
141315
66298
65291
49210
32088
30405
34043
49205
78149
100699
46996
44202
64790
99668
172940
168321
163214
27452
27443
31766
137883
143581
140507
81748
64039
68575
89883
92598
76611
52051
49326
127309
135380
134630
151066
132359
80791
77869
48531
126411
80541
93281
68963
95859
88036
98797
59519
41279
136245
141366
180076
41833
64992
72597
35479
258948
212034
175147
177508
191424
178660
163250
54083
51958
99790
231098
269921
249674
193709
139386
133801
106475
105553
46379
42533
69411
52863
198151
245215
75639
92831
70531
68896
58530
125204
183661
23219
22593
23150
23913
185857
139064
120281
181503
43326
26385
284746
291798
250620
21168
20316
71893
73032
157050
46319
49145
44333
66064
55269
59005
21200
24407
24698
70588
77878
89968
159215
174246
202712
212321
74689
80902
101960
99761
88443
99093
90252
83939
37155
41143
58075
28130
28585
16373
123114
84963
