151000
152309
144887
71223
87710
95001
101474
113508
192494
199685
184729
140334
129578
128596
136297
128959
130139
39626
146019
125959
45156
44396
25096
113648
74655
56879
54696
48427
68879
70208
64855
89024
75545
88285
67110
135688
141563
27282
26746
26746
110265
85856
72236
37693
66120
59441
31428
31912
32660
80389
23399
24504
46736
48714
47389
47914
154018
143669
87301
75737
54386
46827
76417
136557
136408
152199
178918
173433
199398
239202
63433
115904
89399
152911
149224
249968
279418
207060
142092
206109
154704
56605
58746
47614
112954
40935
44126
44550
42249
46142
74850
89498
88047
228153
254532
249565
47501
42612
60064
210251
215500
206656
121687
140797
137054
52354
42781
41009
44147
97514
89022
89170
129386
144128
130523
60507
73965
34794
41260
50609
43923
69358
64709
54243
63897
55751
76042
123438
89275
50803
48947
126689
26243
24025
22074
110882
70399
130243
28185
21557
32625
69994
71153
64588
64570
35997
138882
65340
20093
19144
171513
172794
128246
126049
45382
32759
36222
29857
75783
115839
132685
159236
125233
111455
70107
53812
56779
63678
31059
117321
231321
213494
65505
33845
46194
87920
107080
71129
62667
46976
30346
29809
32682
44807
71910
83830
43658
39197
58367
81914
142893
132075
131766
28127
26036
32110
124516
117429
115356
80751
63716
62983
78151
81844
71800
47323
43210
109528
118207
116098
131592
112116
79909
77603
44428
112693
73421
75707
60979
82293
78970
86879
60455
38919
122158
119275
155572
37757
55962
65077
33750
199962
190509
149543
158802
160486
155449
141284
55542
53328
91271
195672
217058
208587
164706
120753
119122
81596
85215
43400
38595
64905
53423
176196
198386
74250
85663
72645
69631
60114
115033
160983
23865
23915
24213
24386
168467
130853
114408
159935
40992
25790
219325
216764
198041
19827
18947
64365
68479
136411
43325
43997
41803
59818
53036
53242
19977
23986
23019
66305
70874
79006
125676
143212
175375
183358
69112
71551
88377
81396
82245
91728
82127
79971
39241
37625
64552
28074
29218
15929
119975
73913
