154393
160942
149870
67515
82194
85606
87951
110335
177045
181840
172296
116376
124077
124592
133744
124222
124513
39653
149812
123030
51533
44164
25473
118869
80906
63461
55470
48644
63038
65717
65539
88647
72035
91524
73250
140119
143271
26107
26397
25234
111912
87505
72741
37770
62549
62132
31855
31212
33437
87159
24188
25047
47985
44119
48184
45002
156859
156174
85324
70819
53815
49504
78619
133426
142435
154888
181663
165344
210658
237231
61719
117194
88228
149820
151391
242277
260588
214813
127485
202884
152376
52986
57452
48554
122412
37879
40668
39851
37468
41464
68680
84486
85107
226061
250559
254160
44496
37889
54241
219438
231600
228314
130669
149348
138507
52566
41024
41566
43166
86208
84590
86909
137014
138498
123518
59132
70772
33012
39601
47364
42745
67452
64912
56669
64569
58280
76479
127952
80753
50497
50152
130990
25972
23057
20726
111396
75421
134160
28883
21071
32684
70947
73136
66008
66811
39789
133313
66406
20149
19711
162814
171471
134029
132339
41812
32918
33531
30519
79694
116879
150549
167364
124188
113740
71632
56989
56362
70442
33352
122246
240995
220005
68129
33728
47154
79227
129880
64370
63203
46176
31964
36098
34612
47896
75402
88756
45822
42574
62705
89177
154591
154189
148228
28638
28167
31616
123937
137010
129184
77477
60209
66636
84437
89492
79716
52101
47118
112066
123673
125126
144850
117064
78353
79980
47422
118383
75898
78491
65837
85664
80174
88483
59527
40832
123381
122403
154162
40284
62156
69850
36492
204558
178392
152381
156661
132743
155065
144149
56282
53852
81602
195367
209153
199172
166767
122640
121821
84148
90433
46846
42701
62017
51491
183920
212983
71007
78671
67677
70038
57645
119479
195412
22881
21550
23231
22647
165046
129251
128888
164349
43522
28015
220769
230272
202550
20576
19818
67227
74588
145253
43235
44785
40735
61663
54993
57481
21067
24697
24198
68262
74310
82453
135884
146148
178562
187537
70816
72810
85676
86339
79194
85927
80485
75375
36167
37897
54953
26929
29069
16539
118757
72693
