160072
156210
148678
73326
88991
96903
89899
119356
188587
185216
186303
132641
148784
149037
139777
133601
128424
39202
156154
135315
45270
48682
25163
122528
84760
63541
56078
49218
65476
63625
61413
91803
72969
90189
69392
141321
142983
26731
25744
25124
112952
92531
71880
37691
66558
61286
31788
30760
33960
87173
24636
25644
49430
44913
48309
46001
163699
165940
102393
73415
49817
49712
74428
136798
170200
156771
217124
212840
238719
258759
67344
125722
85602
156145
153215
256133
283500
272227
169764
226897
153342
57678
58899
49394
112752
47184
43347
41630
38904
41645
74623
93258
86183
223617
253933
259854
43537
40780
57394
217903
226561
217309
130074
152931
144311
59221
42870
41379
44104
84336
90812
86215
141133
132084
138953
61144
71768
34380
41232
47820
53475
70994
66563
57243
67624
56952
92360
149669
86436
51760
53022
131241
24498
24527
21137
113117
67477
130451
27092
20159
31033
72420
68487
63869
61770
35966
133320
63768
20024
18029
176044
175919
137736
136096
45064
36799
35410
30767
87656
120587
146481
206541
134115
109665
80703
57849
59583
68071
31893
127483
273779
214567
65532
33754
46941
97283
128500
63437
61395
48564
32155
32221
34087
50190
78121
95285
48452
43413
63746
91529
144515
155413
147836
28844
29427
31936
126941
137083
134488
76488
59000
70471
85874
90009
78879
53056
48812
117487
126344
132321
142801
113137
74321
77155
52201
113675
75599
76850
65981
88356
81934
89611
60757
42364
118711
133759
161274
40027
58204
69730
35875
192118
190505
158776
170043
166171
162159
148806
51913
48813
87132
193889
225600
220253
171468
142598
132282
87547
91643
49060
39063
62796
51129
176957
204528
74780
82024
70304
64009
56162
121805
165416
23621
22144
23125
24264
166869
126305
114137
163615
41218
29403
229563
234986
212161
21248
20551
69705
70548
147253
47331
49569
42915
68898
55529
58676
25957
24580
25518
73731
73558
86324
147531
150509
186566
205177
68282
77784
82086
84048
83525
88112
80913
79220
37702
39401
63050
28526
29552
16678
113448
86083
