157042
153632
149349
71919
86957
92017
81590
115858
197227
191823
188985
124812
132840
133826
149462
128892
129708
39916
160337
126392
46075
44842
27456
121479
84048
60222
56520
50543
64007
66850
63832
82806
72899
94091
80583
135399
141242
25526
27104
23992
112072
91717
75627
38993
69848
58256
31856
30920
32631
86527
23199
25083
49033
44947
47501
46289
169793
152930
93865
78389
48917
45170
76716
137645
137176
160148
201605
186570
226716
265494
64899
124464
91512
151238
155229
273481
277834
238206
135494
210325
164637
55495
58553
45323
123753
41007
40561
43216
41712
43388
76304
90969
82955
237341
262829
250574
43974
38562
57058
222185
246267
242062
123532
147057
136993
55525
42448
46641
45513
86430
88995
88476
130207
129185
122035
60329
75590
37039
44314
51742
45074
76812
69623
58707
66902
58760
84825
120233
81331
51275
50717
126303
23473
21809
20208
112612
65285
126185
25988
21129
30580
72502
75222
68129
67370
39106
138681
63249
19976
18746
176465
174902
138451
133181
46057
34149
36825
31337
78315
119467
141325
170115
131032
115290
68841
54764
53962
67642
32004
127653
229870
225380
69941
33869
46316
84975
129814
63549
63735
44773
33346
32002
35213
47016
75753
93121
44686
41567
58926
83276
154834
156573
150903
28819
27954
32269
124809
128157
131381
81485
58906
68842
84483
86379
72249
47547
44936
110886
123618
121067
135441
114526
81649
76910
47665
123113
75691
77376
59354
82918
79751
92793
60135
40136
130940
129358
150102
39461
56375
70069
34243
198356
201896
155946
169747
161990
158188
152391
53055
53864
93674
190138
230099
204962
178470
126344
124821
92908
87297
45698
41167
63012
52264
187483
213933
74870
83048
71240
66815
55345
124024
179505
24570
25845
22324
22776
160035
134091
115574
170561
41431
24894
235342
245287
207340
19764
19591
72397
68482
140250
45290
46916
42176
64225
51504
52588
19705
22754
22867
65587
72117
82373
128238
146023
192868
196714
72962
78806
83205
87774
75418
84540
75480
77144
36245
37759
57321
26786
29343
15885
118452
81392
