163755
150264
134272
75974
95770
95025
83867
112357
189775
177886
180683
121565
125883
126449
129422
125144
107281
44715
127246
138040
49782
44584
25131
97691
75292
56776
53473
47431
62513
60465
59348
81508
72641
84124
69086
123033
127798
27478
24957
24236
109873
99778
75201
34849
60814
55771
28796
28295
31981
79489
23181
23732
46341
44223
45393
43458
132211
124023
95434
72527
50202
48629
76442
130956
121830
141951
191939
162125
216078
262298
61559
116530
89562
150630
151091
257355
274067
224460
128807
214687
150139
53514
54817
46674
112365
40254
43044
42877
38167
40589
68924
89268
85972
230441
254355
244238
45213
39396
57159
238968
245989
235229
134552
145460
135219
54833
41622
41268
46565
85081
84574
87026
132861
127542
127946
58734
75025
34379
39577
46847
40317
70355
66799
53850
63132
55588
77311
123505
83585
50022
48385
130759
25189
22441
20411
111656
65719
121865
26934
21035
29094
66857
74160
66613
67401
40066
137221
68777
20957
20050
158694
177761
133919
128133
45478
33799
33583
29220
78400
127623
136907
165728
123085
114146
71061
54688
53427
68431
32634
119044
252820
218873
65844
34157
48754
88429
123731
63631
64071
48280
32372
30680
33576
45455
72199
87795
44340
42298
60297
92936
146472
152733
147819
29169
27969
34185
123810
126697
128826
81414
59456
67400
82178
87165
71833
46988
43014
111529
118723
119825
133633
125060
70248
74751
46075
112812
71925
77123
63206
91195
83679
86437
58493
40136
112625
127784
159481
40033
57777
68456
34417
195566
201187
148815
158425
158348
153094
143671
54689
49866
82584
170827
214370
188308
154394
125889
108653
90822
95508
44304
41114
60077
48581
173924
198763
74793
78696
66254
62652
53344
107951
149638
24004
22949
23746
23718
146485
126643
110481
142052
44282
26473
237187
233713
185731
19943
20418
73452
69654
120687
48899
44922
42330
59373
50845
53228
19757
22904
22957
68394
73051
77891
117184
147553
180372
202719
70179
71802
82002
83255
74968
88400
76065
72965
36451
37338
53398
26656
27730
15831
108960
78282
