141949
138282
117339
80918
91695
95093
81471
102629
179951
175491
165759
116852
123265
123351
139206
131027
130075
39854
145613
128561
48115
47074
26899
114808
87329
61006
56906
49705
63903
65270
66389
88944
81402
88557
72092
137964
137324
26243
26176
26051
111460
90808
75826
38446
66669
62841
31470
30587
33678
83550
43934
24268
46238
44127
47446
44194
159273
141382
88953
74527
53010
49223
79015
133207
127295
162032
189836
171854
208192
239634
67774
124697
95116
147798
152884
247726
240525
204741
131881
201975
142635
52354
54392
49117
115429
44555
46495
43416
42055
42866
73022
90479
89123
208644
226194
219736
45681
38626
59651
197547
225809
210097
115794
122101
144816
57385
48340
43616
47097
88989
89589
82724
129109
128741
119361
59900
69027
35791
41232
49438
43680
70058
66697
56567
67398
59576
81816
122459
86290
52850
49952
122888
29195
24053
22791
109961
70261
122624
29680
21741
33901
73242
74874
63419
63648
36585
140874
64069
20191
18212
161896
169264
135078
125875
48674
34867
35432
30739
80893
112693
130256
157953
127269
122356
65376
54599
56008
72990
32678
125958
240501
220893
68380
34194
46339
86575
128562
61571
62418
50354
32804
32946
35074
49126
78716
94255
48853
42251
65063
86816
143502
149364
144499
28444
26215
33184
128312
127106
129148
82863
61635
75423
84098
87429
80545
52821
46096
111815
117745
118449
138806
115637
79067
82442
49298
121332
71951
73776
60632
81214
74718
88268
57059
40471
120380
124903
156630
40944
64961
70324
38813
189408
190814
155662
163734
163844
154759
150906
55035
50380
87180
182030
221812
201100
164637
124458
129369
84009
87880
44079
38764
60421
48366
175520
199371
73590
81826
66583
66927
59225
111308
162816
23002
22141
22852
24293
164041
124374
112411
160250
40445
26214
214576
223449
197249
19773
19864
66694
67190
144392
46867
46796
46534
65477
55060
55109
20861
24672
23798
66113
71237
80367
128697
152420
175926
194221
75832
79881
81594
88816
82836
88026
75447
79403
37400
40538
59632
27108
29126
17031
117434
83302
