147802
149611
133619
74757
84857
83962
79960
122913
175075
171661
171324
123439
128798
130868
138967
122709
121895
37837
147853
131423
49711
46419
26154
121600
75389
59245
57945
51588
65673
61490
69932
88476
74737
87040
69972
133671
130436
27090
27732
27509
101517
83635
67910
35414
65974
58088
29785
28862
31858
82994
24412
25817
46225
43989
48102
45908
152040
142701
84634
74665
52866
46621
72178
118699
118694
139167
165789
160214
205296
240613
62978
124902
92641
143881
153127
243969
262083
214294
131392
206613
143960
53152
57805
45778
118526
40086
40881
40240
37704
40037
68119
86832
89890
229768
250157
242855
45391
39627
58764
216551
225373
233547
134643
140411
137082
54019
43908
42261
43915
81039
84619
85576
131385
127366
118203
60924
71645
33195
40383
49692
43130
74491
69357
56644
65985
56338
79298
122509
78306
48226
46489
137100
25219
23413
21732
117210
66542
119199
28328
19918
31004
72598
70003
62941
61589
35749
127822
65221
20035
19546
157712
166786
127561
126739
48462
33571
35963
29138
81596
120637
139780
164435
123093
113361
64662
52987
54557
67112
33136
115973
223805
212719
64939
32038
44536
78281
130650
68988
60030
44215
32892
33064
34958
48559
74650
86099
45561
42059
60209
87599
142785
148179
142566
28250
27506
31726
118933
124102
124317
82566
61899
70607
83963
85346
74729
47083
46175
122003
142436
128379
156685
112385
98985
94050
57375
107916
71185
76781
64566
90818
85743
93133
62927
41500
115784
118474
146704
38361
59056
67638
35699
184220
178406
142175
154614
167674
151939
138888
51660
48632
86194
183435
208070
211370
175447
128436
130147
84255
87168
45069
40656
63912
50916
175078
204166
71632
82315
72131
78917
59866
112349
162189
36385
35878
31821
26540
165686
125654
107850
163438
40073
25028
206435
226594
204240
20986
20085
66950
70849
144371
47122
48695
45781
66093
57911
55977
21132
24319
24240
66673
75086
82442
128268
142747
183274
193598
70146
78360
90651
82353
77035
85451
82466
85920
42153
39840
64156
29240
30638
17647
132506
95349
