154521
170348
141673
71983
91912
96508
111167
118214
187282
184579
176392
119130
126284
136841
119535
126728
136602
41771
130331
120774
56832
48596
27164
107177
85989
61690
58778
52297
66987
65328
65520
89004
76880
91515
72215
127180
139644
27556
27863
25927
112285
92506
76375
38016
68248
62458
31904
31021
33934
89183
25165
26121
49915
47178
49258
46903
162142
158942
102800
85810
55476
50726
79019
126596
135335
162900
205667
181622
221084
248297
66534
117106
90712
151466
160176
256636
267346
214130
131901
217718
153061
56583
58644
47567
120529
43471
43202
43070
40359
43423
73171
92116
86250
229920
259261
254202
46183
41349
58113
219797
228680
222933
130514
141894
133351
61522
47454
47033
47449
90020
95933
91252
137704
138222
122741
57507
74119
37604
42195
51695
43983
73899
71012
59270
69343
62211
85498
133323
89686
55458
52891
141027
26240
24560
23185
114343
77719
134043
31122
23830
32586
75996
82374
73166
69938
40298
147479
80348
24720
21437
217150
179910
137522
135377
48045
35223
38142
32277
91060
114359
138665
168198
125228
117952
72489
58517
59564
73850
36179
126483
260412
213090
66599
33674
46144
84057
124749
66954
63790
49404
33749
32059
35524
49384
79807
91498
44947
40984
62454
87142
130529
131040
151614
28659
28371
32935
111894
127278
109291
83012
58891
63548
79643
83830
73320
48251
45295
111045
127670
118637
133443
117197
75490
80762
49197
124151
86042
81670
80448
100745
86672
97647
59493
40339
124253
140027
150630
43057
64509
71227
38155
195787
190236
143974
157624
156554
164983
141659
51843
51075
89002
186182
208493
207889
169023
123423
121185
96171
93071
46819
40732
64088
51751
176344
201518
73590
84635
69501
66896
57069
119718
169157
26555
26321
24069
25951
160498
127899
108266
168703
43661
28498
215603
236635
198389
21463
20385
68448
71880
141676
47137
51689
45140
64418
54762
57813
21662
25444
25423
68565
72861
82636
131547
150878
183803
183286
72561
80327
92009
91753
81194
91446
80048
77767
38185
41633
60121
29271
28986
16573
126451
81059
