169341
153263
148337
78937
91253
108209
92501
130977
217530
214049
191585
125682
132958
136505
144749
135154
133370
39517
159982
145828
49498
45817
24489
133121
89534
61426
61805
49581
70116
65315
64081
93762
81582
98838
82460
142773
148956
26237
27063
25465
136639
100477
77280
37023
66937
63923
31790
28141
32954
105095
24398
24845
53029
45834
49355
47985
159433
156314
99135
76858
53709
53548
76284
138053
140614
167061
233017
209015
260685
307807
70088
161247
116630
161381
160017
329016
306024
262495
138895
239252
159597
55490
58503
46204
121338
45919
46619
40520
40262
41204
76363
94002
87072
297067
326346
366411
48838
46930
110394
303774
314501
274532
140105
173672
162048
56022
51514
45759
48999
100797
114404
97155
145430
137484
144590
63448
80091
35090
42789
52673
45796
76287
75407
60622
73062
64726
91095
138724
97055
55563
53244
140797
25113
21849
21130
120782
77775
135438
26422
21909
27971
74187
78356
67406
68299
40757
151745
61284
19625
19173
172167
204827
153142
134839
43052
31289
35901
30088
85362
118366
156683
171280
136502
135553
67825
53268
53164
68236
29012
142578
285994
251777
64897
34015
47771
85727
141265
61645
64651
49149
29958
29691
32927
45704
77451
94418
45298
39055
62989
88212
134703
167956
162155
25999
26471
32651
136732
139067
144623
76750
56005
63915
84170
88196
81264
48888
43411
115693
128043
126062
147792
123187
85578
81385
46956
124792
80981
90689
65190
99432
84420
107772
59180
39770
127853
139117
177058
39112
59508
79828
39126
245803
238222
174337
172229
191271
173591
162568
50704
50793
91784
235585
258950
246010
222492
142511
132227
89196
91979
46860
40856
70076
48026
221444
246544
83381
89018
76784
64349
61322
125754
186413
24394
22666
22755
24075
184325
136922
117520
180982
44564
26573
278834
280145
245622
19504
19215
70320
72347
168991
45802
45564
40836
61822
53210
57903
20724
25045
24423
81313
79052
90052
145896
161621
220509
232445
75787
76130
92751
92012
84793
101627
93333
88304
38873
40334
60047
28613
29791
16954
129554
88543
