164439
157375
145113
72355
85595
86720
86719
115478
173318
178898
170265
120950
125399
131688
142625
131432
134008
41048
146927
126470
51748
48266
26569
119420
87687
60337
55273
47368
64291
63498
63289
88934
80342
92340
70700
137610
137023
27467
27987
26098
128410
90084
78116
42635
66654
60445
31295
32195
33389
87621
26151
24130
48306
47133
47419
45763
149004
144920
93549
79579
51553
46084
71697
142507
127951
148583
187074
157968
209175
234862
68411
113967
95831
149998
154005
235768
259057
213630
127807
197289
142407
57202
55238
46563
120743
42334
43549
42373
39588
43318
77483
90335
90522
231502
248698
243613
44528
38805
59086
218542
229575
205729
125806
139736
137514
53818
42022
45692
46487
90407
87606
88922
139290
129018
120660
53515
69194
33359
42693
47601
42494
70592
72071
58172
69541
59903
85999
127790
83752
52380
49882
139889
25077
22163
20881
115897
72838
122499
26836
20839
31203
69585
68067
69762
67382
41709
128369
73490
23045
20046
170510
188676
142869
130805
47904
36234
33881
30458
80063
112969
134410
161768
129525
120718
63279
58824
53784
69375
31962
126004
234138
212503
65413
33607
46214
88067
123200
68372
63467
46653
31100
31110
33500
48995
73065
86907
44065
43924
64818
89848
149289
151994
147707
30618
29776
33005
129614
126071
134407
85529
62492
67405
81594
86285
71814
50192
46493
113233
118185
117254
131792
122766
69285
75872
49042
115580
75343
81120
65943
90231
78718
83288
55317
40695
117481
120700
149441
38432
56210
69934
36870
190009
191486
144920
155975
159948
164837
156438
54250
52711
86788
195584
224379
196519
171197
123677
138127
87322
94800
48409
40144
69316
52553
188637
196084
68777
78568
65629
64757
56649
134330
162146
25595
22581
22981
23857
158154
126463
114914
159710
42942
26222
213042
229471
208054
21787
20486
72379
75966
140722
47740
47271
43233
62522
53763
54047
20661
23481
23502
69221
81876
80376
139594
152176
184611
191702
73847
79971
87162
90926
83424
89549
77005
77372
38019
40479
58189
26790
27728
15832
127334
77219
