177092
174042
161287
71887
89447
92321
88461
123217
198169
208140
203733
134285
136863
141114
154947
136430
139781
39125
161745
146292
49520
47291
26350
126275
83059
61657
59249
59154
66895
65981
65123
88835
77590
92568
73269
151236
163562
26795
27125
26219
123680
98784
77696
38672
67522
63265
32108
31229
34547
88778
24586
25422
50912
48040
50805
48520
164232
159631
105916
78963
52720
50393
82093
140077
144707
177747
187572
165215
226937
319825
71796
117223
106614
169844
166694
292662
320066
243415
144699
230579
158524
59657
62532
51462
128421
39444
43181
44545
39422
42888
74144
94782
89438
289779
328670
310085
47167
39387
59121
244655
272136
245197
147582
158557
150689
55997
45741
44348
52473
90178
94447
92658
154859
158278
138203
58988
72936
34554
41756
50539
43977
70609
72669
59205
70139
59782
84538
136083
87117
52887
52868
142136
24690
22821
21170
123426
70642
135992
29321
23435
30890
72512
72994
66489
66058
37801
155067
70856
19841
19305
180384
192304
152991
140501
44947
33954
35713
31219
84582
137464
154014
176553
141449
124556
69350
61275
57978
69503
31631
133094
288021
237551
68948
32309
48386
88768
140743
64848
67398
50873
32026
31942
34195
49111
75759
95641
47420
41622
62836
90090
166621
168673
160340
28932
28417
33394
139977
140362
137587
80996
60336
66415
87636
90626
80489
51638
47705
132534
143107
134096
150376
125034
77090
79553
48681
123166
74641
81284
65053
88844
80864
90392
57737
38725
131307
139439
163437
41057
60786
71967
37324
209785
201260
144865
183057
156012
159318
161415
52770
52218
88858
185855
240985
239854
186235
138727
151549
93609
94317
48803
40269
81463
53896
196163
229430
79167
90765
76244
71838
58582
125928
194506
24247
23031
23448
23861
180547
143449
142454
179720
40701
26128
269086
276561
220523
20683
19619
72961
77400
159769
47411
48372
45482
64112
55012
60099
21948
24665
24842
71588
79987
84556
139808
165531
194888
206469
77335
83632
90541
92898
83021
91412
81835
82496
37515
39713
58145
26999
28894
16424
124820
79654
