160251
163521
153359
74618
85454
93994
85630
122447
185705
176509
184456
126358
125324
127026
133456
124534
122089
37625
155295
121353
51897
46912
26841
118421
78373
59598
58252
51768
67561
68303
68604
93191
74535
89840
73555
135066
134194
29467
25952
24475
114622
83840
68918
38296
64539
56850
29598
29398
31519
81404
23487
25426
46835
43457
47056
46572
163007
141544
86501
70021
50658
47364
78226
130400
132788
147898
194685
170140
211570
256785
65428
116194
87952
155042
146805
254006
261099
212005
129601
194294
144103
60815
55112
45025
114771
40577
45353
42810
37595
43232
75508
93167
87342
211812
247741
246319
44847
40049
54646
211910
211533
204275
124598
149199
142556
61110
44987
44951
46027
82726
84766
83888
131330
130532
118764
59308
68295
33546
39462
47630
41824
67527
65511
57071
66564
57155
76787
129709
85281
54825
49854
126718
25443
22841
20659
109160
65428
123344
28274
20456
31743
66350
68076
61111
66629
36296
129566
61781
19239
18709
157992
171493
137625
131926
50970
36521
36228
30595
84128
117449
133220
158324
130332
122666
76290
57150
59064
70018
32929
124965
238319
203483
66428
34738
46620
86694
128452
70529
62874
44822
30988
30356
32968
47884
75421
93342
48516
41187
62272
81987
150262
148033
145832
28840
29590
32820
128260
127165
127377
83838
62301
69409
82003
85457
74982
50988
45208
112894
125916
126957
138549
113262
82722
72547
47118
111212
71067
77844
67256
81269
74507
90685
63427
43113
123634
122888
152016
44540
60115
74416
37836
196224
184595
143985
160645
170011
160488
150349
75484
51763
84043
182588
208018
211406
167103
133632
127313
94485
85193
45884
43121
67259
49109
172859
194544
72382
86877
65581
63726
55230
123319
163484
23799
23255
22340
23108
157396
128551
115469
165322
41944
29122
220460
233049
206175
20894
20524
72464
73846
158013
47096
47470
43318
68089
54452
58030
21507
25155
24904
68612
74854
87204
132085
152929
187958
192496
79036
78963
94847
86365
80800
88605
81918
79206
39569
39254
55040
27833
29123
15936
113961
79576
