157501
165062
141368
72833
86783
88482
88256
129097
195222
194752
202012
117714
159872
136502
151552
131608
150307
41630
154829
132562
54161
47006
26565
127485
80061
60315
60560
52029
68273
68846
67902
95508
78813
101739
79135
149103
175189
32029
34714
33422
130274
110723
86056
40363
77050
71402
34183
32238
41594
93328
25619
25945
51107
47648
52177
54550
179236
146434
98258
79121
58088
54165
94113
138541
134461
168178
206339
178754
234007
283865
67222
121665
97676
179160
175281
319122
304250
248584
146092
240511
156831
61018
60560
49237
112885
41080
43708
43550
37842
40102
76294
93001
89280
238244
275059
264089
46329
41869
58818
254133
266157
257330
137233
145852
138979
58112
46138
46178
47434
90453
94748
91421
138862
142651
133263
63707
73906
35261
41901
50610
41200
78943
79532
61283
73908
63942
82545
137200
87219
53356
50205
130000
24368
22926
21841
118938
74443
133544
30473
22214
33128
77759
75935
69231
72209
38855
150284
67611
20567
19685
185078
214255
140698
153283
45003
34279
36516
30954
89761
114345
153061
192164
141412
126942
75901
55086
55810
69009
31078
130299
265606
226639
72175
34596
46292
86294
135020
70638
65432
47277
32398
33895
36958
49859
77371
106775
51258
42601
61487
92306
155122
169920
181335
29123
27566
33945
123263
129893
152576
84963
63219
76202
92825
94328
78654
51097
46614
109262
131153
127739
134323
115544
78302
76464
45117
113092
69348
74269
64867
82889
75667
83409
58171
41758
122896
121371
149800
37924
61708
75499
36318
198570
200080
146846
166323
163755
164966
150736
48638
51939
85364
192113
233910
207248
187198
123731
134655
89015
88041
45508
43105
66280
53505
192048
210791
70401
86739
73398
66444
53321
115889
172744
24084
21179
23043
22777
177885
128235
111911
165223
41885
26020
228399
249598
206825
19970
19267
66670
67085
144375
48589
43954
40649
61124
56357
58355
21931
23091
22859
65263
73291
79983
142930
152306
186010
191951
73669
79001
81410
81117
74930
86419
80793
74575
36177
38863
58304
28587
28209
16215
118357
73553
