160622
150065
137048
71934
82491
93825
93521
122648
187282
191154
179896
125878
128405
135492
132922
126399
125666
37589
155816
126294
51569
44144
25131
111771
82278
57191
54075
49862
67475
67312
66046
85286
73276
86186
70331
138572
135335
28682
28052
24948
109059
89988
74697
38361
62403
56144
29656
29684
32956
86709
24492
24177
46396
45240
48158
44862
151845
152604
96645
81025
53819
49268
79964
135457
144837
163919
203769
177056
218261
256433
67112
117747
92570
150628
154862
272243
276222
233944
129873
222154
152022
57084
58711
46914
115885
42089
39708
40496
39870
42328
78360
88623
87492
240580
264545
258473
45310
40904
58642
229488
238767
243868
138003
148737
150143
54739
41636
42901
43815
87881
95978
91933
147325
149264
131698
60380
69806
34359
40679
46976
41297
71547
66329
53615
64231
55061
79920
130240
87630
52905
49768
134249
25358
23134
22162
113941
66074
124282
26637
21493
31845
68183
71465
66967
65336
37766
135906
81492
27280
19006
171719
178286
135346
135357
44074
32690
37084
30743
83997
121255
139385
173872
124150
115467
65730
55828
54608
64553
30437
128153
242942
237357
68531
33809
45718
82781
132535
67251
63459
44465
32301
30023
32729
45330
72262
92837
43290
39312
62750
84197
160671
156723
147212
29846
28180
32919
125422
134574
135059
72703
60647
63844
105260
82917
76088
50477
46408
141612
133779
137226
164115
121986
76731
72152
46870
124393
75058
74634
64919
88014
79547
84880
56567
39635
132857
137324
165098
40062
55741
67217
35657
213893
192820
150131
166010
174324
166545
147068
52361
48602
86333
193890
227368
206654
175971
131683
139887
88961
96530
44621
38005
65397
52894
192593
223788
68112
78085
68979
66959
54674
122563
178841
22839
21635
23251
22436
172364
132852
115800
184428
41429
25248
228985
249171
217783
20446
19393
68993
67644
152155
44207
46695
43057
61873
51724
55621
21191
24169
23555
68071
71566
77447
134227
152380
187814
198917
72092
76357
83451
90000
76185
83578
80334
78794
35963
37634
53271
26072
27026
18120
118628
75134
