151582
135050
140907
66231
85957
86092
80311
108932
165937
189833
157826
112549
121032
120442
122886
129461
109568
44879
131470
117887
49692
46348
25419
112890
85920
57738
55219
48984
61010
63623
65372
81247
75884
91437
69455
134419
136677
25370
25972
26302
111409
94119
73481
37703
69273
60241
30949
30419
34298
87434
25470
24422
47059
44273
45478
44527
150394
150412
89460
70857
50625
47789
80463
136093
129825
155437
196348
180112
211095
237975
60918
120631
93609
149815
150897
245573
282332
209705
124335
196789
154665
59320
61228
49777
110353
44786
40790
39618
37079
42017
68987
83905
79169
218556
246671
244568
45374
42028
59982
218755
227997
220684
126110
163755
131499
52373
42903
42198
47827
91835
93743
88130
129266
132061
123670
54824
70106
34455
40976
51342
41624
71727
65222
57985
70497
59936
81319
118624
83240
51897
49811
121379
25969
24645
22560
106665
71820
116752
29764
22070
34388
66616
67492
62501
61775
36463
130006
67670
20210
18525
157658
164390
131902
125328
45328
33684
36199
29638
85577
107668
127185
142683
112755
115842
70706
59531
56816
70492
31669
127100
243126
220675
68107
31694
44083
79811
127557
67425
65374
48175
30801
30772
34927
48325
72794
90537
45046
40243
58568
87687
160378
152648
148809
30084
27891
32285
125506
129425
127581
72093
63224
69601
84814
89747
73229
52039
47975
119515
120590
117884
134732
117466
69968
71525
46373
116592
74511
76386
59676
83748
75233
82577
54943
38086
122512
128454
148082
43982
61984
72128
34389
189778
187603
145372
159119
159012
158753
144858
51688
48280
81523
185867
215338
203026
164746
117040
123077
81586
94453
47687
43114
67795
55380
175599
202990
68458
85443
72661
70709
60273
117246
164983
24138
22510
22338
22742
161103
129848
110937
162488
42121
27223
217765
237853
202956
21038
19999
68992
70826
146353
46792
45159
42652
60138
53144
56232
20921
24438
24791
68202
70213
79676
140829
156261
177850
203155
69347
78373
90389
84839
80873
89515
80021
80337
38182
39086
58670
28236
28006
16185
117311
80572
