164958
160865
145345
77337
87902
93602
86246
120738
201438
187476
192731
117777
130299
129991
133626
130809
126278
41870
153313
122951
49350
49798
25947
122873
80637
60762
57975
51125
62254
68037
66481
94639
77197
95646
71633
137205
141524
26958
27251
24273
119875
95155
70978
35269
63117
62563
29739
29975
31463
88885
23950
24937
45164
42413
45887
43830
168572
144816
87651
71582
48728
45142
72625
135466
133628
169328
208769
172320
222741
255766
62625
118756
89697
157515
164129
252578
274906
233309
129932
214254
159157
57465
62385
45725
129043
40893
42504
42299
40025
41893
76614
91777
82544
242741
261888
258796
45418
40546
58982
229585
239577
227907
123671
166975
135532
52574
44878
45848
45000
82127
85254
85440
130295
131818
118431
59686
74918
33418
42364
51970
40931
73338
73368
61828
71575
62379
85987
123801
88865
51459
47997
127037
23353
23156
19836
110690
78374
135994
28978
22086
32279
69531
67249
64004
65586
38115
132155
65618
19972
18867
166416
172622
143546
140282
44709
31854
33506
28698
80951
127877
138291
167523
120682
125134
65376
58403
60847
75449
31735
124581
244015
229833
67218
33734
47046
87442
126780
65977
62076
45139
31789
41245
34770
48167
73043
93268
45226
39979
60651
88999
155479
178207
160464
29403
26664
30683
125005
132908
130491
73330
63071
68727
86150
90262
79596
50333
45802
115092
126158
128908
141253
110507
72103
82443
50753
112773
76983
78781
62501
86417
75593
90918
58103
38470
120780
127923
167616
38804
57667
66631
34393
208688
198400
175127
164636
187137
169188
153330
49819
49216
92821
195637
221589
220672
182555
120845
126881
84776
89009
44964
40573
64313
50811
184711
214155
71990
81337
66311
68040
54635
122164
200034
23815
22481
22841
23130
181627
144253
115034
175420
42692
25921
235870
243151
204156
21027
19915
67952
71542
141995
45270
47027
43736
63912
52302
57037
20937
24127
24167
66596
74490
79024
128401
153026
181582
191541
69812
72884
84349
85384
77316
84235
76738
75174
35442
38843
58375
28447
29210
16648
117718
79341
