150814
148660
135643
68470
81408
90678
86736
110431
188091
171839
171062
120436
124108
124118
134683
124479
127089
39479
141747
121294
52210
44173
25093
112000
83813
58916
59582
53341
67529
67372
66457
91083
74957
90896
74329
140546
134640
26186
24661
27044
114443
92745
68673
36371
66903
62060
31507
29180
31696
84992
24771
24174
46198
44552
48386
43819
154599
141807
94695
73747
49648
45773
72090
125193
126432
151832
178426
166637
211501
224761
67350
115131
91214
144042
153677
249119
254147
213071
123256
191823
142136
54827
57026
44427
112783
45130
39868
41047
40048
41703
72519
84726
80400
220067
235431
239618
44035
38488
56204
215192
215234
211182
121631
153467
137316
55419
45283
41884
45832
84848
85026
87327
128018
124067
117041
57611
72780
34009
41490
47342
40989
67084
65147
54424
65177
55727
77083
127728
78645
51717
48452
127562
25447
23137
21711
116278
65042
118976
34837
22815
32980
67605
70674
62131
62903
37882
129880
63277
20006
19162
158238
168378
127018
125835
42124
33578
35754
28898
84370
113389
131145
155661
119065
107965
69603
54281
53850
67823
32180
123067
234978
199013
69736
32448
47781
80276
122515
66634
61692
47141
32641
30384
33603
45615
69318
87291
45731
39922
57711
81679
132278
133268
147737
31417
28118
31697
103527
108521
122844
79743
56033
67214
77692
89185
76575
49798
45704
94008
101260
102600
116323
106130
77600
72971
46373
95244
74380
75635
65695
84409
74636
83849
57908
38390
116741
117263
144425
38162
60542
68944
35462
181999
182033
144438
153919
157819
149877
140276
49544
52328
82267
188061
200949
193664
166818
124972
119058
94426
84997
45507
39014
60880
50098
172574
202604
68526
83802
65239
68621
59236
116147
166876
22875
23923
22573
23887
162267
124394
112542
161259
40417
25863
206474
220463
201294
20958
20048
70120
70068
137820
49727
48221
46324
62541
54654
56512
21082
24448
24477
68501
74222
80496
140927
147606
169577
185596
76791
75468
90407
85538
83032
90404
86242
79756
38437
40200
59545
29219
29944
17280
121045
78239
