167859
164249
148672
67148
85640
88475
87627
115083
199155
183350
191275
122339
131141
142525
148801
141866
136448
41771
162173
129504
47159
43903
25689
117296
79745
56956
57376
46888
61787
62524
61243
90106
76954
85326
71940
147569
140843
27008
26494
24702
121549
96585
75442
35359
64049
58824
30741
28719
32063
80852
22956
24596
45624
44659
44706
43845
162671
155878
90691
76252
51620
44665
73767
147070
138583
164839
193487
175445
225499
263451
66068
118621
85636
168200
166353
277721
315327
226822
134509
209752
157004
58203
55747
48172
117841
43451
40075
42699
37177
39843
69110
90940
80712
234619
267267
258273
41771
37555
54954
233922
240507
226080
125848
162272
140114
53227
43581
40985
43679
82456
85459
85548
143388
135556
124893
54140
75140
34507
42210
46965
43474
66924
71472
63890
65596
60384
77839
139576
84008
50837
48081
132336
23257
22879
20179
120177
72700
138378
29220
20960
30933
66144
74104
68487
69230
39770
138155
64974
19243
18250
180352
178013
151557
132284
41435
35329
35256
30947
85618
126297
156610
168526
130558
120802
70284
58717
56466
69490
32034
121040
267587
224158
65208
33099
43843
80047
129036
67661
62555
46437
30652
30201
33678
47968
75677
93676
46958
42388
59596
89640
164410
165869
168062
31733
31092
33196
124045
150542
136653
77676
61737
69966
92829
90441
82517
50852
49501
110224
131279
149974
161499
129276
80200
82227
49323
126238
76238
82374
68097
97478
94967
102840
72021
46477
147156
125107
176082
39570
60347
69507
36256
210641
207841
169361
192658
172884
177863
165375
53362
48667
93137
191587
219899
216422
180429
122245
123694
89205
95486
45558
41156
63042
52015
187135
214295
68682
85536
73800
72208
61410
121059
183983
24952
23002
22884
22509
170356
136631
109924
174481
40694
25947
231602
252106
224085
20583
21153
66615
67943
156799
46039
46661
44115
62886
55330
58220
19954
25663
24257
71116
75161
82284
136671
160446
189419
210412
71117
79820
93105
92444
82079
91147
85408
84628
38090
38287
59076
27385
29148
17114
127615
74126
