191405
189590
167213
91087
111901
112682
95771
129962
251082
207965
208402
133460
166805
162525
168128
174340
155836
43398
175396
168629
66502
50314
26842
130184
98770
63963
62436
56681
75711
70524
71048
103787
88274
110729
77230
162834
157575
27140
25833
26892
122911
109781
87050
38062
67854
64040
30607
29849
32495
97855
25966
27295
55877
49733
52849
52272
180205
169038
115392
86318
57967
52628
89483
147512
153137
170221
235112
190829
265450
304933
67910
139896
107804
181700
178741
321952
325050
267999
145394
280278
161559
58153
61156
48121
140213
43827
48117
44127
40528
44058
75471
100302
97447
277706
312149
314272
48191
41040
59460
279251
279011
287489
159608
165849
158685
57304
45899
44592
48918
102455
104207
102573
156584
151152
155977
58672
77129
33937
42945
52184
44791
73434
71389
59706
70634
63400
92244
143103
94191
52644
51646
162425
25834
23212
21462
135678
69633
140019
27591
21271
30852
74385
76447
70077
68948
41139
169377
70020
20224
19305
185769
196101
153088
153008
46817
33176
35345
30245
98179
142197
155191
189899
144077
130113
75708
56980
57321
70646
31241
157609
300831
277360
71220
34300
48834
98212
149071
74584
72530
52624
41169
31656
34985
51444
79626
107145
47985
47298
66981
116442
186494
174694
191378
30206
27689
31795
159066
159580
153831
87720
63198
69269
94675
101894
94580
61976
51422
132032
146048
141627
168420
133932
77165
82886
52779
141993
86896
93559
68033
101380
90415
105757
63253
40920
139106
146563
180147
42006
60734
71977
35037
245559
210059
174059
176373
179873
172856
164730
50663
52898
99021
249538
277511
258571
199622
151202
142450
106488
106242
47524
43189
66411
52466
200798
255669
79792
94656
76043
73064
59513
134341
179623
23639
22643
23044
23760
180186
147593
130436
179276
44375
26338
281584
287952
245697
21590
20438
75469
81602
161213
46503
49085
44295
64313
55860
58317
21052
24425
24212
71330
76915
89673
141586
166939
206323
235991
74123
83345
98080
96652
86599
95322
87687
91145
39742
41633
60617
28216
28954
16311
124752
85223
