148795
149737
134512
74277
84778
91423
81397
116848
182762
177279
165096
116706
120466
126074
131574
121378
123555
37957
145495
122197
49166
44033
26869
111379
85128
65796
64195
51429
67686
83582
67478
81435
72274
87755
71711
139967
137894
27943
26818
25950
114447
86447
72304
37215
66807
63171
31633
32075
35348
88293
24651
26357
51851
46275
50399
46788
157056
144928
91013
74358
54055
51227
75984
131988
125990
147678
178161
162322
194961
223474
65264
112019
87943
147453
149340
235099
242228
198870
106538
193240
162003
59326
54974
44627
110702
45845
50865
42698
42530
42393
72663
92709
97999
204703
220621
237313
44702
39576
55035
188203
221382
190136
112142
123565
116093
52023
42095
41435
45069
88781
93790
92670
130104
125235
121052
56950
66114
34785
40727
48614
41783
69827
68758
55161
67312
57094
76121
123066
88247
49366
48159
122013
26447
22860
21209
119055
72518
128926
28751
21281
31403
69700
67465
61681
62804
36749
142311
70162
19279
18274
158893
168852
131283
134513
44647
34560
34467
29311
80783
116009
132907
158803
130415
112378
66062
56916
57273
65017
31025
119045
225603
213836
63484
34603
49041
88074
123506
64017
64063
45931
30993
30977
35571
45705
69605
92424
49066
44535
64984
91179
146791
150474
145180
30773
29740
31775
124319
124891
126401
81692
58342
63635
82565
84687
75580
49776
44734
119727
119430
115966
133371
112119
75866
78415
48523
109299
68842
73326
62478
84921
77878
88345
57645
40463
117004
120318
158353
42426
61027
69387
36312
198732
188525
154625
169696
167880
157433
141633
50374
51301
92001
175105
215959
201202
172527
121914
121991
82747
94171
48408
43052
63321
52557
175152
207023
73028
79088
71514
72605
60846
111670
164136
24990
23252
23929
25276
162194
125658
123786
171522
42044
26083
226970
227521
214336
21967
20655
69400
73027
144671
48715
46817
44087
59740
56501
55850
20727
27347
25991
67742
70996
79671
129912
162787
176597
191302
74096
79187
85584
87522
82874
86010
80978
80837
38052
40635
59837
29453
29857
17064
119341
73954
