152169
160955
159910
83991
86766
97330
99576
120442
209749
201694
197576
117103
123486
131245
147177
135138
137329
46253
141299
136269
53721
54432
43848
126280
85834
62851
58311
57363
63140
74099
71350
89989
80594
96498
74292
150342
131174
36871
26625
39005
122888
102259
76387
45678
64957
59083
31634
38719
45833
87914
37035
23473
53540
50723
50873
43440
141619
154836
94282
77668
59127
45655
80397
119879
160932
153522
209574
180199
253162
282269
69769
123720
98377
138984
147535
322659
373369
252968
155825
261907
159993
64801
66431
48697
133235
48540
53727
44203
46601
51090
79615
104336
93682
292536
333355
305377
55186
42616
54501
281510
283838
269646
154727
157922
156478
62140
55266
51544
53601
91912
96267
106368
154657
180363
158109
77010
78629
40505
51062
49966
52045
82414
84553
55691
69446
54667
88639
120241
92442
51972
55772
136059
27090
42890
44487
108764
76274
171590
38291
38596
41091
90416
79832
62861
73548
38956
129653
83467
37192
18215
174164
201662
126775
121260
79615
50564
37619
45647
87480
107365
155806
171682
147208
141649
94006
62132
62765
72757
30386
116026
274641
248997
71603
34146
53807
98350
120756
72396
75024
47019
39723
28947
37115
48383
89579
97019
45140
42170
62079
96055
144054
173175
145044
32996
34428
47448
126058
137806
121302
103489
61300
72641
91079
98384
90998
58661
53420
99305
121577
109670
144745
119218
85762
81299
45612
110610
80816
113805
75699
96739
80797
93356
57294
42007
118255
125074
141071
47910
64545
74255
35776
230773
222606
149050
172146
175860
174029
159712
58082
57043
92729
217992
256228
234779
211536
143545
145053
106193
97172
43339
41422
67721
63929
201845
226518
87689
112914
84455
75665
56871
118785
197572
40431
22246
23602
37671
178524
130511
145088
160052
54989
29207
256870
264322
218425
36618
35956
72256
80318
139752
56536
53329
51098
60951
53706
61471
21814
39969
22974
75715
82170
90211
136981
141938
208292
220374
79543
84805
94638
93870
86732
96904
88860
83835
37191
44758
63807
32753
27977
17283
107789
91505
