157551
157690
138451
72751
91454
94362
83265
119263
181450
174826
171918
118722
126256
128315
142807
131378
122918
39375
150166
126861
45076
43925
25875
113870
74641
59716
58840
51528
65912
66366
61120
83988
70063
89225
73075
135176
141507
26048
27210
26338
111541
84901
72438
37125
67473
62845
32136
31304
32920
82620
23602
25714
50644
47964
50009
48558
151756
144494
85503
76906
51430
48657
71530
128167
146930
149113
188079
170588
213865
243265
61957
128297
83688
148563
151639
269994
270049
219970
130066
214641
141108
54295
57906
49376
111072
41566
43354
41131
37519
43809
68679
85064
85380
231508
243721
249252
46010
41845
57430
223886
243635
227306
123876
155336
149303
55483
43551
43485
46916
87376
88463
87521
130457
135063
157741
66605
113486
47026
44973
80856
50468
97373
76188
77822
77192
78417
84265
126438
89622
54339
55365
123664
24582
24932
22235
116165
68868
117603
27909
21963
30970
66898
71680
66749
64835
36666
120584
65940
20047
18869
150247
181126
114544
144067
50237
35175
37475
28760
76142
122057
132201
165917
124288
114473
65408
53330
55027
65931
30596
117623
250175
212055
63030
33352
49085
86097
134707
63703
65057
46668
32384
32503
36114
47557
68439
89706
43530
39899
61283
83565
144088
154957
151747
33651
32861
32922
124983
134844
138097
71597
57411
66009
80904
90441
75163
51410
46991
109257
120444
117564
138293
120442
72176
78402
47202
123863
72556
76343
60283
84209
109979
97981
87115
48778
130956
130088
149729
41495
60837
68263
35402
189027
193792
145383
164778
156939
153857
140658
51631
47903
86134
184022
223783
216610
163430
121692
120182
95986
91631
43882
39701
60353
51080
177684
225840
68643
83575
70723
67747
55049
131376
162049
22767
23406
21856
23993
160483
139712
116938
160209
39851
26747
242882
247322
212966
20410
19554
65432
68252
143062
44547
44354
41044
61859
54977
59016
21530
24975
23994
67761
72883
80375
139003
137058
176654
169944
72087
78071
88869
89511
82518
95963
77168
76603
39090
49984
57059
27966
28430
17295
111206
76178
