166018
163569
155368
74613
96477
104402
102501
122373
224465
221463
218674
128805
133856
153247
152268
144996
145081
42745
168666
153767
50166
49232
24735
136720
88771
62077
70037
50068
68085
64852
65230
97495
82991
93843
84083
177288
145811
28201
25236
25024
117006
93258
77915
35497
67091
61235
30728
28802
32889
90285
23940
25882
48326
45844
48810
49481
167202
157599
103297
80972
50204
46036
86449
143229
138870
164704
227679
196529
252426
304294
63602
134608
97179
173562
165777
298343
312330
270555
148070
248055
165869
56714
53792
44392
120301
40806
45027
42795
42318
46542
83821
104589
103896
280217
304634
303410
45951
40338
58381
266327
286696
296718
194890
227219
186102
56827
44511
43033
48328
94175
96749
101308
148396
146234
135572
60933
83079
35063
41865
51159
45060
80226
74486
55970
72071
63555
93817
151441
91639
48519
51462
144619
22954
30504
28431
156286
78759
135982
33402
26352
34192
91556
83832
73259
68212
39097
167850
73159
20444
19560
193379
211160
162443
157712
43769
34924
35817
29683
95277
140857
178394
248160
172443
139560
67012
52709
57362
66087
29992
157928
300651
270337
73686
32407
45422
94264
148537
67852
63186
46809
31305
30602
35326
48296
81267
102796
47441
45904
68661
94538
170624
165821
167958
27391
26719
31746
141926
158060
151481
83589
59997
65177
107767
99216
91348
53520
49505
124520
136173
139014
151397
131811
80743
85223
52196
130656
80806
84079
69274
91631
86979
103435
62868
43741
139459
133149
168569
38580
55784
78360
38937
228029
237894
173630
191001
185708
171469
167954
52530
53108
97543
234519
258675
242119
196831
140298
140843
100844
96385
46259
40359
66764
52351
224540
250582
74880
89018
76913
63315
57745
132501
189948
23177
21401
21725
22382
178390
145298
123643
183631
41881
26542
271526
267733
246764
21414
19476
69308
74747
158934
45076
49312
43866
59752
51068
53808
19969
22438
22809
66049
75563
84328
159739
169936
227973
232358
80678
81478
93399
92387
80287
94900
84548
84619
38294
40200
57593
29546
28144
16857
143773
87395
