148247
134097
119249
78984
84050
86171
87337
105147
183535
187035
193700
111566
107347
126016
120787
119668
117603
38645
125609
109856
46528
48296
27150
115165
79639
60564
59754
52730
66750
64574
65677
91640
77248
92117
67196
136003
135237
25464
24861
25593
113293
89912
76425
38573
62512
56439
29186
28867
31332
80183
22819
23921
45420
42359
45667
45147
157764
152367
90447
79173
54058
45981
72453
131164
133594
151940
209289
173287
218914
258684
62126
131221
86930
157538
151691
251013
270900
226047
134846
220503
156185
54785
55257
47619
116774
46714
42471
47280
39415
41702
69859
89389
81832
243112
259108
262727
47143
42597
58495
229151
230847
229012
127984
156216
136671
55548
44365
40905
44438
84078
89725
85494
136621
128442
122622
59874
74907
36712
40035
47996
41425
68619
68079
54217
63219
55678
78075
131563
88130
50802
48182
136574
25390
23857
21830
123697
67728
127195
27548
21268
29866
70765
69787
63618
64773
37593
138454
61610
18970
19718
161041
163381
134864
132444
41921
31238
36105
29552
81404
113528
131826
163854
124838
117807
65289
52264
55564
69937
33327
119053
247466
229628
68933
34065
47617
86622
124858
66985
62796
47230
31800
31260
35503
45201
75483
96030
48102
43090
62932
93233
146999
153086
154373
27883
26347
31048
123868
125374
131005
77538
58752
67367
86173
98185
80200
51899
47675
123488
120656
117906
140124
112571
78075
79968
44460
113123
80233
83958
60397
84668
77955
85187
55929
39304
113159
122515
137503
42140
59255
69661
36631
200201
174506
126973
153607
142307
151024
149031
56386
51763
89178
190957
229606
212281
180393
131050
134710
88737
91002
46427
42232
65745
48281
187501
218407
71396
82461
69544
68783
60337
117783
180660
24435
22310
22239
22821
160738
125619
121885
162669
41177
26767
230707
232261
204509
19906
20471
65113
71586
142605
48784
46768
44335
64365
55856
60566
20949
24461
23360
65228
73553
79021
150929
153116
193731
196016
74113
82161
92171
86436
81058
98353
86874
80933
39193
40047
56513
28031
28099
16357
117136
74822
