6934 71288 78222
3720 38885 42605
8358 82005 90363
9031 87210 96241
7382 77366 84748
6854 72267 79121
4424 46287 50711
3177 34065 37242
5426 57009 62435
11259 116437 127696
2933 31573 34506
9138 89283 98421
10618 110672 121290
7141 75563 82704
3153 34733 37886
5515 57769 63284
11261 112292 123553
3809 42997 46806
7272 75372 82644
12451 126608 139059
13191 143397 156588
6060 67264 73324
6888 49659 56547
3638 39354 42992
5699 64984 70683
7688 81116 88804
2307 27582 29889
1856 25710 27566
1977 22819 24796
10157 87217 97374
10999 105080 116079
6641 58805 65446
10683 107267 117950
8458 77249 85707
7309 77451 84760
6452 70819 77271
9282 93750 103032
4129 42451 46580
8618 91537 100155
8241 81181 89422
1599 19425 21024
8856 74661 83517
5405 65530 70935
5704 58908 64612
1941 20550 22491
3455 38614 42069
10610 105000 115610
2693 28373 31066
6924 71715 78639
6162 69911 76073
3200 36275 39475
15588 141080 156668
3024 34509 37533
3442 40703 44145
5560 55161 60721
2521 28489 31010
18437 173289 191726
15653 150054 165707
12671 175114 187785
9603 98709 108312
2483 31661 34144
8377 82288 90665
2722 25545 28267
5120 50097 55217
3786 42978 46764
1751 16760 18511
2499 26276 28775
18666 182684 201350
3225 37084 40309
1781 19638 21419
2231 26210 28441
1321 15128 16449
9465 89559 99024
21529 212143 233672
5601 55625 61226
6156 60891 67047
7582 79108 86690
11343 107785 119128
8679 85589 94268
9541 91493 101034
2634 30969 33603
9290 101894 111184
14909 141598 156507
12293 120090 132383
12010 132779 144789
11762 112980 124742
5212 52112 57324
2780 32865 35645
7378 75155 82533
8024 84314 92338
14279 147561 161840
6623 71781 78404
5183 56379 61562
6669 73622 80291
2303 25925 28228
3762 39356 43118
5166 52378 57544
7347 71273 78620
5004 49468 54472
20074 189931 210005
6046 65989 72035
6400 68491 74891
8177 82153 90330
6781 73105 79886
1897 19600 21497
6972 72705 79677
6250 71006 77256
2948 32501 35449
7128 80879 88007
13081 140828 153909
4905 51870 56775
5476 53874 59350
10819 110665 121484
10076 110815 120891
1904 15139 17043
14685 154725 169410
8903 86916 95819
1680 19709 21389
1092 13860 14952
5530 54401 59931
1955 18110 20065
3487 40070 43557
5778 63772 69550
4982 52932 57914
8976 93743 102719
1437 16394 17831
3648 42183 45831
4948 49141 54089
20164 204730 224894
8225 83247 91472
7191 102069 109260
8697 86040 94737
12494 128615 141109
9092 96127 105219
7554 77534 85088
5992 59530 65522
7274 81230 88504
2106 22407 24513
5625 68901 74526
4122 45209 49331
1851 20889 22740
1607 21858 23465
3675 42523 46198
8213 81574 89787
10617 92740 103357
3445 33598 37043
5451 57601 63052
8702 88608 97310
4299 46836 51135
8169 79626 87795
12560 116644 129204
1964 21691 23655
3830 43107 46937
10860 109232 120092
3181 36332 39513
14128 152490 166618
12115 128925 141040
3950 41792 45742
7202 68731 75933
18640 184070 202710
9408 80820 90228
13766 130603 144369
6240 61906 68146
6503 71136 77639
6038 60802 66840
2009 23992 26001
5021 50930 55951
9589 91001 100590
8040 78677 86717
8805 91452 100257
3742 40644 44386
7339 81348 88687
2211 23967 26178
2950 33850 36800
3396 36221 39617
1695 20658 22353
3991 42380 46371
11268 112633 123901
7034 77224 84258
5522 55244 60766
2464 28069 30533
8987 91945 100932
2742 30206 32948
4949 52323 57272
5622 65988 71610
3907 42446 46353
3210 34498 37708
2411 30753 33164
2992 35617 38609
5333 57146 62479
3596 41088 44684
8105 82953 91058
2813 30961 33774
6158 62524 68682
8219 81627 89846
9421 88499 97920
5600 59067 64667
10708 103694 114402
3626 39379 43005
16142 158136 174278
10816 103974 114790
7014 77057 84071
3877 42142 46019
8776 87403 96179
4460 49693 54153
7366 78653 86019
2637 26341 28978
5883 62608 68491
5799 64258 70057
4384 47196 51580
10826 107904 118730
15840 153961 169801
3801 47536 51337
9765 95938 105703
5705 58275 63980
1960 21523 23483
4534 48154 52688
11253 113460 124713
7199 74558 81757
5505 56868 62373
5022 55782 60804
12896 135314 148210
8480 86549 95029
4746 49274 54020
5558 61428 66986
10191 97029 107220
8333 88089 96422
16452 167675 184127
3753 41626 45379
3343 35864 39207
1327 17317 18644
3662 36417 40079
5268 55110 60378
6267 61963 68230
10522 93997 104519
5773 60743 66516
2967 31203 34170
9381 96223 105604
5616 57401 63017
2651 16816 19467
10044 85122 95166
18700 190274 208974
7347 80341 87688
2744 31762 34506
8712 90784 99496
8130 82200 90330
2207 27037 29244
8995 90611 99606
4763 48130 52893
6142 69678 75820
17229 159114 176343
3247 38765 42012
9286 96652 105938
3307 36172 39479
2065 19234 21299
8640 82603 91243
8154 85600 93754
9540 94542 104082
11837 113555 125392
8524 83843 92367
12478 124171 136649
6626 67872 74498
10609 124795 135404
3394 35542 38936
2857 32255 35112
7253 81262 88515
19200 177652 196852
16834 160408 177242
6371 68400 74771
5831 58980 64811
3672 39977 43649
4603 48646 53249
14728 150390 165118
10577 111464 122041
5703 59184 64887
7131 76120 83251
8309 84578 92887
5941 59662 65603
8052 85194 93246
5553 57334 62887
3648 36167 39815
9100 90752 99852
6697 71576 78273
11170 112439 123609
1868 20267 22135
9031 82564 91595
4663 47282 51945
6912 103296 110208
2731 30482 33213
9858 104363 114221
6330 69448 75778
1643 19169 20812
19848 202382 222230
17496 184467 201963
9684 87797 97481
7797 81975 89772
5108 54304 59412
5203 59573 64776
7099 65756 72855
9387 93003 102390
12754 131762 144516
10125 98812 108937
16741 168067 184808
5279 55078 60357
17028 167947 184975
3448 36449 39897
6889 73137 80026
1999 24161 26160
6466 68500 74966
15247 156972 172219
3976 40716 44692
1480 19557 21037
