35865 0 35865
20468 0 20468
42812 0 42812
46395 0 46395
38324 0 38324
36762 0 36762
22800 0 22800
17332 0 17332
28949 0 28949
56618 0 56618
19334 0 19334
47445 0 47445
57747 0 57747
35472 0 35472
17790 0 17790
28928 0 28928
65453 1 65454
21075 1 21076
40692 0 40692
64117 0 64117
81600 0 81600
31445 0 31445
22123 0 22123
20394 0 20394
31342 0 31342
43325 0 43325
13170 0 13170
11241 0 11241
11462 0 11462
46220 0 46220
53729 1 53730
30959 0 30959
57763 0 57763
36380 0 36380
38724 0 38724
34710 0 34710
47965 0 47965
21203 0 21203
46075 0 46075
43975 1 43976
11218 0 11218
38858 0 38858
29548 0 29548
34205 0 34205
9616 0 9616
20303 0 20303
57267 0 57267
15694 1 15695
39357 0 39357
37734 1 37735
16460 0 16460
70934 0 70934
16544 0 16544
19988 0 19988
28497 0 28497
13443 0 13443
95746 0 95746
90099 0 90099
68785 0 68785
48570 0 48570
13406 0 13406
50204 0 50204
12179 0 12179
28999 0 28999
22687 0 22687
8845 0 8845
13643 0 13643
114496 1 114497
18773 0 18773
10699 0 10699
11794 0 11794
7532 0 7532
53874 0 53874
112792 0 112792
33385 0 33385
29949 0 29949
38802 1 38803
53821 1 53822
48392 0 48392
45072 0 45072
15042 0 15042
47967 0 47967
83617 0 83617
61668 0 61668
66473 0 66473
62405 0 62405
29496 0 29496
15222 0 15222
42985 0 42985
46038 0 46038
76655 0 76655
35488 0 35488
25993 0 25993
39987 1 39988
10100 0 10100
22261 0 22261
24756 1 24757
43677 0 43677
23921 0 23921
111753 0 111753
36652 0 36652
31250 0 31250
46434 0 46434
36245 0 36245
10002 0 10002
38674 1 38675
33640 0 33640
16822 0 16822
36278 0 36278
70429 0 70429
24729 0 24729
29445 0 29445
61387 0 61387
50674 0 50674
7019 0 7019
77917 0 77917
40249 0 40249
9170 0 9170
6240 1 6241
25949 0 25949
9410 1 9411
20117 0 20117
29260 0 29260
25721 0 25721
48644 0 48644
8232 0 8232
19100 0 19100
25422 0 25422
119088 1 119089
47607 0 47607
38447 0 38447
47638 0 47638
63315 0 63315
50388 0 50388
38988 0 38988
23699 0 23699
39969 0 39969
11354 0 11354
30237 0 30237
20065 0 20065
10469 0 10469
7645 0 7645
13326 0 13326
39191 0 39191
44150 0 44150
17543 0 17543
28322 0 28322
44561 0 44561
24378 1 24379
38517 0 38517
62023 0 62023
9978 0 9978
19799 0 19799
53869 0 53869
17713 0 17713
72735 0 72735
60840 0 60840
21124 1 21125
32921 1 32922
96447 1 96448
40392 0 40392
65553 1 65554
30730 0 30730
34001 0 34001
31608 0 31608
13753 0 13753
25208 0 25208
59859 0 59859
42013 0 42013
48627 1 48628
21504 1 21505
39982 0 39982
12823 0 12823
20287 0 20287
18947 0 18947
9250 0 9250
20927 0 20927
68600 0 68600
41350 0 41350
27012 1 27013
13367 0 13367
47826 0 47826
14733 0 14733
25434 0 25434
34603 1 34604
22920 0 22920
19030 1 19031
14957 0 14957
18060 0 18060
29767 1 29768
21617 0 21617
55523 0 55523
17075 0 17075
28648 0 28648
41207 0 41207
44385 0 44385
31707 0 31707
52631 1 52632
18329 0 18329
78879 0 78879
57600 0 57600
37293 0 37293
21503 0 21503
43448 0 43448
25158 0 25158
36845 0 36845
12294 0 12294
29372 0 29372
37505 0 37505
22784 0 22784
58443 0 58443
103717 0 103717
24821 1 24822
60075 0 60075
30708 0 30708
13590 0 13590
27230 0 27230
58587 0 58587
40994 0 40994
28500 0 28500
27405 0 27405
74999 0 74999
50806 0 50806
25523 0 25523
34757 0 34757
52938 0 52938
48320 0 48320
86774 0 86774
21682 0 21682
22357 0 22357
8516 0 8516
19392 1 19393
25411 0 25411
30850 0 30850
45612 0 45612
32052 0 32052
15256 0 15256
48337 0 48337
28928 0 28928
8214 0 8214
41470 0 41470
108387 0 108387
38727 1 38728
14583 0 14583
46173 0 46173
40771 0 40771
12356 0 12356
48947 0 48947
24725 0 24725
32830 0 32830
87985 1 87986
18779 0 18779
45543 0 45543
18487 0 18487
8760 0 8760
44768 0 44768
42508 1 42509
52499 0 52499
61716 0 61716
47373 0 47373
67121 0 67121
36407 0 36407
57476 1 57477
20304 0 20304
16982 0 16982
43028 0 43028
95927 0 95927
97223 0 97223
36253 0 36253
30564 0 30564
20708 0 20708
25463 0 25463
83824 0 83824
55818 0 55818
31946 0 31946
36410 0 36410
45254 0 45254
32132 0 32132
44764 0 44764
29762 0 29762
19629 0 19629
50173 0 50173
43563 1 43564
59419 0 59419
10954 0 10954
41343 0 41343
28073 1 28074
41345 0 41345
17966 0 17966
66017 0 66017
32384 0 32384
10047 0 10047
108884 0 108884
93860 0 93860
43837 0 43837
52643 0 52643
26019 0 26019
34672 0 34672
32848 0 32848
44424 0 44424
65037 0 65037
50041 1 50042
90192 0 90192
29256 0 29256
91650 0 91650
19808 0 19808
33725 1 33726
10165 0 10165
32167 0 32167
74367 0 74367
22247 0 22247
9361 0 9361
