7345 61713 69058
4623 40663 45286
9131 72563 81694
11126 83574 94700
9270 77176 86446
8613 73538 82151
5619 47914 53533
3752 31732 35484
6334 56074 62408
11629 100636 112265
3795 32974 36769
11811 92099 103910
11824 101495 113319
8574 71852 80426
4213 36042 40255
5784 50417 56201
12635 108352 120987
4222 36889 41111
8858 72986 81844
14326 118772 133098
16120 138436 154556
7256 61200 68456
5716 49203 54919
4458 39489 43947
7121 62279 69400
9970 83794 93764
2672 26681 29353
2473 22518 24991
2712 23806 26518
10024 83434 93458
13351 102353 115704
6954 58232 65186
13489 103607 117096
8928 67804 76732
9277 75860 85137
7678 67687 75365
11404 90974 102378
4451 37565 42016
11003 87216 98219
8977 73051 82028
2452 18329 20781
8248 69826 78074
6320 66545 72865
8123 65097 73220
1948 19911 21859
3871 34852 38723
12684 103922 116606
3507 30756 34263
8904 75776 84680
7971 70260 78231
3552 32525 36077
16770 137985 154755
3574 34068 37642
4559 39193 43752
6047 52459 58506
2667 25089 27756
22249 174846 197095
19618 158783 178401
15786 129680 145466
12041 84252 96293
2969 26511 29480
11872 99628 111500
2444 22943 25387
6501 56800 63301
5381 47146 52527
1876 18166 20042
2883 29034 31917
26346 199751 226097
4251 37972 42223
2812 21059 23871
2576 25183 27759
1806 16036 17842
14926 98200 113126
24922 189069 213991
7009 60489 67498
7053 58411 65464
9011 75061 84072
13303 103489 116792
12368 93605 105973
11389 93964 105353
2998 26850 29848
9527 85925 95452
19098 157138 176236
12159 103907 116066
14836 143831 158667
12871 108157 121028
6605 55654 62259
3509 32219 35728
8604 70267 78871
11051 90689 101740
17413 142876 160289
8015 69164 77179
6660 51856 58516
8754 78314 87068
2274 22400 24674
4373 37843 42216
5613 46574 52187
9064 70657 79721
5381 42525 47906
22994 170914 193908
8099 71347 79446
7173 64228 71401
11688 87129 98817
7929 71290 79219
2146 18983 21129
8055 67095 75150
7167 65767 72934
3835 31629 35464
8634 71921 80555
14695 125465 140160
6116 46895 53011
6773 55359 62132
15162 95784 110946
11530 99676 111206
1671 14350 16021
18463 143270 161733
9171 74140 83311
1948 17198 19146
1129 12114 13243
5664 47288 52952
1886 18073 19959
4017 34102 38119
6351 59258 65609
5401 44276 49677
11481 87808 99289
2393 16548 18941
3954 37073 41027
6137 47872 54009
22819 178430 201249
11422 86479 97901
8579 70044 78623
9309 74182 83491
14212 120753 134965
10861 89805 100666
9146 75749 84895
5289 44906 50195
9178 75799 84977
2503 22048 24551
6877 61033 67910
4598 37445 42043
2203 18314 20517
1700 17058 18758
2864 27075 29939
8145 70391 78536
10184 84356 94540
3533 31572 35105
6947 61504 68451
9581 79114 88695
5500 45261 50761
9855 79420 89275
12781 103154 115935
2230 20273 22503
4208 35620 39828
13449 105086 118535
3570 31505 35075
17035 147487 164522
12474 106619 119093
4194 36438 40632
7545 64428 71973
20182 160931 181113
9368 77191 86559
13694 110922 124616
7056 58981 66037
7662 69276 76938
6987 57896 64883
2539 20539 23078
6084 49162 55246
12642 98160 110802
9206 75624 84830
12753 98094 110847
4596 36076 40672
8711 78576 87287
2716 25641 28357
4015 35553 39568
4242 34710 38952
2532 18346 20878
4847 40237 45084
13171 107598 120769
9362 81737 91099
5891 51753 57644
2660 24572 27232
11502 88641 100143
3084 27144 30228
5256 46739 51995
7293 63085 70378
4288 37385 41673
3768 32949 36717
2940 31058 33998
3402 32087 35489
6499 55286 61785
5035 38820 43855
8742 75249 83991
4281 31783 36064
5944 54204 60148
8949 74770 83719
10832 88681 99513
6662 56038 62700
12855 107908 120763
4458 37186 41644
18692 152683 171375
12751 107663 120414
7643 68429 76072
4646 42630 47276
9930 76381 86311
5388 46710 52098
8215 69366 77581
2535 25003 27538
6587 56021 62608
7215 61760 68975
5249 43332 48581
14367 102012 116379
20429 164211 184640
4659 39714 44373
12582 99245 111827
6411 56059 62470
2395 20868 23263
5404 46483 51887
13053 109264 122317
8782 75219 84001
6300 50628 56928
6506 52461 58967
15705 130563 146268
10964 88764 99728
5794 47019 52813
8444 59084 67528
11480 90246 101726
11452 91642 103094
19546 155578 175124
4923 42837 47760
4116 36540 40656
2061 15923 17984
4320 37770 42090
6056 53300 59356
6478 57489 63967
12362 103455 115817
8097 78917 87014
4122 36648 40770
10746 85243 95989
6625 55652 62277
2270 17567 19837
11665 95088 106753
32652 202086 234738
8895 74871 83766
3190 28552 31742
11219 87474 98693
10660 83388 94048
2577 26118 28695
13669 94919 108588
6975 48340 55315
7672 67306 74978
26901 165752 192653
4092 34078 38170
11622 100953 112575
4139 36078 40217
2088 19642 21730
10033 73797 83830
10669 86922 97591
11749 92898 104647
12985 110926 123911
10428 79486 89914
16222 133025 149247
8079 66613 74692
12755 130287 143042
4977 35354 40331
3466 30550 34016
9003 73964 82967
21537 175250 196787
21804 170709 192513
8023 73413 81436
6246 53208 59454
4787 41985 46772
5625 45077 50702
18852 155152 174004
12698 111048 123746
6835 62601 69436
9071 85749 94820
11249 80473 91722
6662 62996 69658
10077 81891 91968
6705 60637 67342
4171 34920 39091
11835 99585 111420
8300 68910 77210
12284 104574 116858
2254 21057 23311
8453 72974 81427
5661 45102 50763
7547 66950 74497
3072 29470 32542
12149 97758 109907
7641 66307 73948
2146 19276 21422
22656 197582 220238
21751 170582 192333
11079 92682 103761
9630 72647 82277
6867 53091 59958
7060 55078 62138
7243 62345 69588
11127 88324 99451
14651 132369 147020
13886 96031 109917
19894 156774 176668
6221 53724 59945
19933 156053 175986
4422 39808 44230
7367 62312 69679
2704 20772 23476
6923 58508 65431
16841 145638 162479
4836 40263 45099
2301 21088 23389
