11739 63101 74840
5951 36806 42757
13222 74782 88004
13327 86806 100133
12439 71671 84110
11798 67835 79633
7139 44128 51267
5102 28813 33915
7937 46781 54718
16000 91736 107736
4677 29602 34279
14650 84647 99297
17178 104737 121915
11484 66019 77503
5879 33364 39243
8527 50988 59515
16994 98059 115053
6006 38696 44702
13141 74732 87873
17685 99645 117330
22276 128682 150958
10616 62196 72812
7098 42951 50049
5929 35206 41135
9588 57707 67295
13006 75966 88972
3555 24134 27689
3288 20267 23555
3251 22219 25470
12566 78904 91470
15785 90379 106164
9399 52747 62146
16523 94827 111350
11451 64014 75465
11995 69525 81520
9647 57097 66744
14359 86924 101283
5924 35609 41533
14061 83218 97279
12588 67777 80365
2798 17711 20509
11995 70601 82596
9645 59238 68883
9215 52238 61453
2725 19167 21892
5840 34570 40410
17052 105248 122300
4206 27240 31446
12355 71314 83669
11328 67846 79174
4683 27524 32207
24570 125533 150103
4974 29734 34708
6179 36489 42668
8620 50094 58714
4103 25105 29208
25710 153434 179144
25740 145033 170773
20626 115656 136282
14170 87603 101773
4032 26162 30194
13389 76275 89664
3918 21414 25332
8425 49288 57713
6543 43242 49785
2423 14692 17115
3916 25100 29016
29614 167083 196697
5429 33110 38539
2637 18137 20774
3574 23334 26908
2206 13902 16108
15398 88120 103518
31425 181306 212731
9544 54443 63987
10730 60175 70905
12880 64700 77580
16010 92775 108785
13376 77084 90460
14085 87953 102038
4430 26942 31372
12547 79862 92409
29476 139635 169111
17248 95972 113220
21059 111441 132500
18815 119943 138758
7970 45221 53191
5176 29963 35139
12445 72933 85378
12501 77942 90443
24632 128328 152960
10753 62936 73689
8002 48804 56806
13160 73562 86722
2851 20642 23493
5940 38947 44887
7475 45069 52544
13202 73114 86316
7853 45065 52918
33071 169984 203055
11207 68608 79815
11325 63157 74482
14662 74913 89575
11779 82321 94100
2860 17462 20322
11913 59225 71138
10087 62656 72743
4966 28950 33916
11399 64415 75814
21364 124856 146220
7564 40640 48204
8767 50079 58846
15986 89363 105349
14898 89356 104254
2089 12852 14941
22476 120101 142577
13104 74830 87934
2826 16096 18922
1650 11759 13409
8010 43405 51415
2614 16421 19035
5626 31633 37259
8346 48750 57096
7644 44555 52199
13280 74769 88049
2263 14481 16744
5677 34477 40154
7088 38919 46007
30364 181267 211631
13358 74242 87600
11479 65247 76726
11618 69587 81205
17828 99939 117767
14719 88774 103493
11370 62447 73817
7344 43705 51049
11266 63868 75134
3422 20445 23867
8497 50787 59284
6254 38401 44655
2646 17619 20265
2300 14295 16595
3848 23873 27721
11198 65725 76923
12982 78118 91100
4980 28734 33714
8614 51492 60106
12211 72724 84935
7479 44761 52240
12031 67023 79054
19001 101487 120488
3187 16861 20048
5981 35263 41244
16374 86348 102722
5367 31273 36640
22583 133932 156515
17495 98797 116292
6008 36702 42710
9416 53252 62668
27926 162849 190775
11477 68772 80249
19255 102538 121793
9230 52071 61301
9944 55342 65286
9034 51161 60195
3090 19438 22528
6972 40409 47381
15917 86899 102816
21739 78529 100268
13389 77721 91110
6027 37052 43079
10959 67961 78920
3608 22633 26241
5115 32411 37526
5230 29383 34613
2654 18154 20808
5599 33892 39491
17022 88374 105396
12800 71661 84461
7999 49100 57099
3603 24787 28390
13781 84312 98093
4214 26207 30421
7414 49397 56811
9220 53898 63118
6984 53219 60203
6619 37767 44386
4479 28309 32788
4685 27878 32563
8157 48648 56805
5418 35565 40983
11666 65486 77152
4815 26419 31234
8477 49068 57545
11802 66308 78110
13237 78251 91488
8979 50452 59431
16326 97788 114114
5068 31332 36400
25903 138774 164677
15954 90151 106105
10811 67941 78752
6461 39830 46291
13446 78698 92144
7512 45540 53052
11916 69385 81301
3330 20114 23444
9295 55467 64762
9484 55398 64882
6613 40745 47358
17329 99639 116968
27210 154957 182167
5691 36968 42659
15860 92274 108134
8876 51344 60220
2879 18246 21125
7640 45845 53485
16052 90552 106604
13296 73614 86910
8614 49380 57994
7721 46440 54161
21559 122432 143991
12305 76955 89260
6845 42495 49340
9531 57686 67217
16615 83561 100176
13613 84350 97963
26259 153970 180229
6509 40263 46772
5809 33952 39761
2467 16050 18517
5938 34471 40409
8280 49723 58003
8682 49337 58019
13441 80218 93659
9579 57178 66757
4707 26592 31299
15132 90908 106040
8587 49915 58502
2429 17013 19442
13993 79307 93300
33551 175132 208683
11329 63677 75006
4259 26431 30690
13101 79522 92623
11813 73116 84929
3592 21458 25050
14528 85560 100088
7581 40427 48008
10005 57506 67511
25142 145696 170838
5599 35107 40706
14600 89784 104384
5368 29399 34767
2512 16803 19315
13006 74571 87577
12376 77118 89494
15795 93436 109231
18898 100764 119662
12795 87795 100590
25583 125185 150768
11268 61567 72835
17308 122342 139650
6329 35551 41880
5257 27776 33033
13175 73742 86917
27454 149716 177170
30273 161883 192156
11225 63044 74269
9762 53943 63705
5787 39472 45259
7360 49077 56437
30182 131558 161740
16498 111090 127588
9724 54536 64260
11569 66745 78314
13473 82841 96314
8912 49858 58770
12383 68691 81074
9134 53630 62764
5998 35668 41666
16006 83581 99587
13190 70344 83534
17008 95394 112402
2888 18366 21254
12306 75602 87908
7022 46898 53920
12789 72263 85052
4226 25983 30209
15565 88888 104453
9546 53560 63106
2805 21426 24231
31513 180250 211763
31783 143727 175510
14109 82214 96323
11337 65976 77313
7962 47271 55233
9160 48930 58090
9338 51590 60928
13622 75938 89560
21371 123903 145274
15623 80066 95689
27906 153494 181400
8048 46240 54288
28720 153445 182165
5775 36026 41801
9684 54673 64357
2842 18721 21563
10046 56167 66213
23407 139147 162554
6683 40708 47391
2584 17996 20580
