16265 40318 56583
10066 26592 36658
20918 53433 74351
21614 52537 74151
20166 51850 72016
21929 52550 74479
12709 34331 47040
9363 24798 34161
19094 46053 65147
29110 77404 106514
8345 19030 27375
24928 63950 88878
28081 72450 100531
16798 44016 60814
8514 21782 30296
15774 39786 55560
33602 84133 117735
9092 28323 37415
20461 54016 74477
34105 81458 115563
34686 92523 127209
15588 40629 56217
12655 31582 44237
11250 23370 34620
14858 41107 55965
19668 50861 70529
6914 17611 24525
5491 14430 19921
5726 15683 21409
20402 50441 70843
27495 68291 95786
13371 36062 49433
27995 70462 98457
16889 44341 61230
19052 49368 68420
15153 39667 54820
23489 61713 85202
9592 24008 33600
23498 59708 83206
21718 54315 76033
4191 11829 16020
17529 47241 64770
16133 45865 61998
14895 44406 59301
4599 14515 19114
10083 25901 35984
33172 83113 116285
7578 20471 28049
19399 53830 73229
19227 51461 70688
8111 22553 30664
33353 83781 117134
8391 21869 30260
8924 23957 32881
15191 36705 51896
6430 16178 22608
47396 128890 176286
48021 98482 146503
32653 86926 119579
22694 57180 79874
7210 19252 26462
22457 54330 76787
6696 17288 23984
14890 35721 50611
10041 27313 37354
4125 11386 15511
6028 16773 22801
53380 135248 188628
8082 20840 28922
5198 13985 19183
5933 15165 21098
3587 10324 13911
25136 59555 84691
55676 153053 208729
16928 41929 58857
13688 34840 48528
19809 50531 70340
28839 73462 102301
22010 61596 83606
22461 59791 82252
7874 21446 29320
26189 66183 92372
40330 103670 144000
34508 82760 117268
33575 92726 126301
31120 72897 104017
14081 33241 47322
7609 20691 28300
18534 46918 65452
22957 62381 85338
34161 86190 120351
17108 45144 62252
11990 31322 43312
19086 51808 70894
4901 13124 18025
10746 28311 39057
12356 30399 42755
21014 52444 73458
11621 28224 39845
50978 126984 177962
16340 42396 58736
16484 43788 60272
21794 53676 75470
16829 46104 62933
4795 12502 17297
18236 46748 64984
14617 40746 55363
8910 22712 31622
18959 50809 69768
33352 92224 125576
13095 32905 46000
17485 36418 53903
26672 70724 97396
24082 65663 89745
3931 11061 14992
32980 86205 119185
18708 49825 68533
4825 12769 17594
2526 8563 11089
15552 36739 52291
4503 12642 17145
10019 25688 35707
15700 40348 56048
15235 34016 49251
29224 88776 118000
4266 12046 16312
10469 30194 40663
13372 33285 46657
46416 125324 171740
23034 61531 84565
19117 51231 70348
19220 49718 68938
32463 83982 116445
28824 80466 109290
22122 47563 69685
13023 35077 48100
21983 59499 81482
6819 18414 25233
15576 43437 59013
11380 30434 41814
6433 13886 20319
4240 11961 16201
7362 19503 26865
19714 56113 75827
24886 63815 88701
9866 29480 39346
20806 48149 68955
21693 54450 76143
11591 32157 43748
25151 58643 83794
40055 78965 119020
6421 15723 22144
9161 22964 32125
26873 66299 93172
8695 22457 31152
32636 92477 125113
32025 79165 111190
9408 23828 33236
15972 44146 60118
45853 122855 168708
17816 45653 63469
31578 83494 115072
14634 38268 52902
16189 45342 61531
15689 38211 53900
5464 15316 20780
12910 36104 49014
26602 67525 94127
19877 45371 65248
24863 62701 87564
10653 26780 37433
18982 51471 70453
6636 17047 23683
8821 23466 32287
9258 22745 32003
4763 12197 16960
9647 25961 35608
29077 69376 98453
20296 53501 73797
14071 34282 48353
6438 18442 24880
23472 60647 84119
6431 17501 23932
11695 30399 42094
16977 43439 60416
10184 28251 38435
8451 20907 29358
6544 18553 25097
8413 22247 30660
14502 35955 50457
9460 25832 35292
18831 48096 66927
8203 21244 29447
14842 39547 54389
19871 54665 74536
24867 62584 87451
14472 37000 51472
29049 75559 104608
10139 25508 35647
37580 94572 132152
31722 76273 107995
16216 44546 60762
10192 26332 36524
26071 63936 90007
11343 31958 43301
19153 49687 68840
5996 15044 21040
14476 40164 54640
15168 41317 56485
10173 26407 36580
31551 77859 109410
43735 114596 158331
11260 30427 41687
27937 70158 98095
15920 41043 56963
5326 14213 19539
12901 35046 47947
31509 74730 106239
19093 49904 68997
15337 36313 51650
16003 34249 50252
31790 81625 113415
24048 61757 85805
11734 30683 42417
16152 43047 59199
27794 58316 86110
24286 63474 87760
40159 102418 142577
10679 28913 39592
9247 24557 33804
3516 10942 14458
9699 25483 35182
13519 32873 46392
15059 40513 55572
24482 61175 85657
15723 43074 58797
8466 21672 30138
24103 64459 88562
14051 32931 46982
3864 11296 15160
21198 56224 77422
50928 139201 190129
19472 50659 70131
7898 21577 29475
22940 59004 81944
22521 57940 80461
6610 17217 23827
26862 60921 87783
11704 29446 41150
14982 39940 54922
46857 111999 158856
10963 25495 36458
27381 64107 91488
9436 23609 33045
4832 13319 18151
22606 56172 78778
21098 61127 82225
25848 68060 93908
33925 82257 116182
22420 61443 83863
31919 91303 123222
18475 44724 63199
30876 91444 122320
9846 24277 34123
7895 20372 28267
22068 53173 75241
45649 120522 166171
45691 116197 161888
17861 46625 64486
13484 35964 49448
10090 27464 37554
11608 28053 39661
41120 103215 144335
27841 74949 102790
15747 40923 56670
24957 51398 76355
25415 63206 88621
15001 41765 56766
19924 49613 69537
14671 40710 55381
9628 22956 32584
25166 63103 88269
18974 48784 67758
30870 75570 106440
4846 13176 18022
18550 49006 67556
13477 34051 47528
18499 49325 67824
6350 16914 23264
28430 74697 103127
15763 42612 58375
4971 13565 18536
48903 125396 174299
45261 115559 160820
23494 57539 81033
19986 53704 73690
13525 35730 49255
16788 41465 58253
15705 42862 58567
23780 61932 85712
32184 89341 121525
28199 79759 107958
61181 138072 199253
20570 64850 85420
57244 138851 196095
21824 38160 59984
25688 58736 84424
5066 13588 18654
16314 41825 58139
36786 99753 136539
14180 27247 41427
4086 11450 15536
