30072 23563 53635
16546 13954 30500
32212 26226 58438
39912 30581 70493
32963 27186 60149
28405 22667 51072
20110 17031 37141
12945 13567 26512
20956 17642 38598
44042 37682 81724
11705 9629 21334
35804 29136 64940
40406 35386 75792
29424 24764 54188
13203 9798 23001
21795 18865 40660
47607 37934 85541
17015 13662 30677
37132 30225 67357
48723 38284 87007
69627 59881 129508
25657 22013 47670
19066 15409 34475
14676 11887 26563
23282 20631 43913
32980 29138 62118
10442 8762 19204
8038 6969 15007
8693 6824 15517
33812 28352 62164
45956 35614 81570
23278 20418 43696
46115 35368 81483
28267 22100 50367
30273 25140 55413
24361 20708 45069
38805 30701 69506
15791 12205 27996
34562 27405 61967
34423 26877 61300
6615 5249 11864
31050 25222 56272
21484 18362 39846
23418 19701 43119
7911 6515 14426
13864 10461 24325
53295 40751 94046
11298 8679 19977
28535 22621 51156
26139 22969 49108
12351 10311 22662
67834 46006 113840
12521 10258 22779
15136 12022 27158
21782 16241 38023
10253 7626 17879
74477 60733 135210
70520 59460 129980
52896 45009 97905
38010 32078 70088
11175 9771 20946
39981 30480 70461
10410 9084 19494
23328 18700 42028
17207 17344 34551
7097 6296 13393
10536 8815 19351
107572 70203 177775
14189 11451 25640
8270 6614 14884
9723 8048 17771
5537 4493 10030
40704 32632 73336
81799 66203 148002
22590 17699 40289
22668 19278 41946
28977 22295 51272
46159 41210 87369
37220 31525 68745
34251 28549 62800
11146 9394 20540
36179 30946 67125
62540 48067 110607
45198 44065 89263
56814 47660 104474
63250 40524 103774
23905 19648 43553
12528 10658 23186
35119 27429 62548
45703 35743 81446
55395 49247 104642
28181 22674 50855
18913 15013 33926
33016 26137 59153
8171 6915 15086
17571 14024 31595
20703 17608 38311
38052 30511 68563
37461 16929 54390
96853 69966 166819
28932 25447 54379
26731 27415 54146
39091 45347 84438
26039 23443 49482
8570 7234 15804
32888 25791 58679
28021 21661 49682
14946 10958 25904
31504 26639 58143
52061 51290 103351
22564 20864 43428
25502 19240 44742
43683 37224 80907
40120 35006 75126
5894 4895 10789
55546 47464 103010
33991 27916 61907
7983 6247 14230
4607 3874 8481
21136 16050 37186
6680 5506 12186
16759 12537 29296
22814 19906 42720
20792 17110 37902
38135 29213 67348
6819 5079 11898
15365 12995 28360
20008 14814 34822
83873 69622 153495
35924 28325 64249
31409 26153 57562
34512 28070 62582
54286 43609 97895
40286 35121 75407
32858 25505 58363
19066 15470 34536
31090 24857 55947
10180 8147 18327
23546 20917 44463
17969 14124 32093
7538 6247 13785
6603 5567 12170
10579 8870 19449
31032 26126 57158
34123 27819 61942
13796 11860 25656
25155 19786 44941
36083 29545 65628
19947 17021 36968
32847 26279 59126
48314 38416 86730
7951 6319 14270
15630 11892 27522
46527 37289 83816
13094 11227 24321
58638 55265 113903
47289 41936 89225
16531 13832 30363
25781 21931 47712
78488 59774 138262
31647 26502 58149
48449 43288 91737
26148 19067 45215
29628 27206 56834
25665 20579 46244
10451 7636 18087
22091 16958 39049
48599 35420 84019
37056 24302 61358
72370 33119 105489
17327 13949 31276
29948 25547 55495
10413 8922 19335
16043 11491 27534
14676 12856 27532
7595 7336 14931
16774 13906 30680
45688 36313 82001
32801 28611 61412
21867 17608 39475
10305 9022 19327
36614 29251 65865
11001 8609 19610
22810 16087 38897
26257 21020 47277
16481 13743 30224
13830 11659 25489
11703 10267 21970
13712 11867 25579
23722 20143 43865
18993 14361 33354
33253 27543 60796
12880 10215 23095
25603 20361 45964
33753 28785 62538
39991 31666 71657
24284 20505 44789
50969 42348 93317
16168 13486 29654
66882 56274 123156
47406 43991 91397
26694 24952 51646
18233 13255 31488
39021 27895 66916
20600 16885 37485
31633 25679 57312
9405 7802 17207
22119 19166 41285
29089 24560 53649
18463 14588 33051
53021 39640 92661
69634 56258 125892
18914 15666 34580
74612 40071 114683
22965 20151 43116
10208 7594 17802
23857 19699 43556
51796 39911 91707
32792 27722 60514
24202 20843 45045
23175 20848 44023
61756 50387 112143
43099 36146 79245
21225 19385 40610
24038 21734 45772
46448 34474 80922
36086 29265 65351
71038 59371 130409
20584 14796 35380
16158 11878 28036
6763 5945 12708
16207 13620 29827
26300 22959 49259
24885 21593 46478
37313 33147 70460
23473 20354 43827
12990 10486 23476
38728 31830 70558
20610 20215 40825
6689 5666 12355
35333 28904 64237
85720 97627 183347
31288 24657 55945
11770 10747 22517
35454 29336 64790
31589 25646 57235
10161 8116 18277
39190 32223 71413
17984 13770 31754
23955 21042 44997
72605 57847 130452
13218 11255 24473
39448 34186 73634
13307 9588 22895
7717 6242 13959
35243 27426 62669
35183 29228 64411
37824 33039 70863
49128 41434 90562
36040 27223 63263
51512 45113 96625
26819 22718 49537
52399 50367 102766
17601 14648 32249
12533 9443 21976
36416 26967 63383
77151 61762 138913
79966 65772 145738
30372 24798 55170
23048 19315 42363
14731 11751 26482
19281 14857 34138
61815 47844 109659
39266 35016 74282
27051 21377 48428
33154 26655 59809
34762 29641 64403
25559 19551 45110
35862 29183 65045
20006 17356 37362
15830 12308 28138
36365 28659 65024
31633 25648 57281
42455 35696 78151
7822 5946 13768
31649 26679 58328
18523 14847 33370
27249 24429 51678
9790 8186 17976
44493 37753 82246
23920 19658 43578
8131 6466 14597
81559 68722 150281
73185 59509 132694
34169 26913 61082
28941 23458 52399
20596 17223 37819
23885 20006 43891
22335 18639 40974
37996 30870 68866
61329 40945 102274
50382 34262 84644
73029 56123 129152
20436 17903 38339
70343 56431 126774
14770 11011 25781
25737 21971 47708
8318 6848 15166
23284 20125 43409
55649 51050 106699
17653 14008 31661
7204 5994 13198
