19150 35282 54432
10936 19617 30553
24478 45740 70218
24483 43573 68056
23852 44477 68329
20401 37761 58162
15503 26980 42483
9453 17422 26875
16144 28190 44334
34521 65481 100002
9106 16351 25457
31353 53735 85088
32375 59438 91813
20457 38535 58992
11052 20626 31678
17610 31682 49292
36409 62944 99353
11810 22085 33895
22808 44425 67233
38845 68916 107761
43717 85266 128983
18728 35650 54378
15123 26641 41764
10541 19840 30381
18273 35422 53695
25239 46474 71713
8143 17689 25832
6354 11877 18231
8867 13822 22689
25622 48309 73931
34981 61689 96670
17731 33840 51571
34964 61809 96773
23039 53962 77001
20995 43175 64170
21700 41212 62912
27424 50135 77559
12375 22676 35051
27852 50048 77900
24885 46640 71525
5478 10325 15803
21738 41992 63730
17935 35138 53073
17581 31640 49221
5740 11315 17055
11605 21259 32864
36424 67451 103875
8706 17426 26132
22790 40035 62825
21701 42387 64088
9630 19342 28972
42397 75478 117875
10070 19208 29278
12017 22072 34089
20413 31590 52003
8636 16493 25129
60531 107285 167816
49629 89849 139478
40692 76725 117417
36049 54987 91036
8795 17783 26578
31045 48002 79047
8540 15552 24092
19764 32661 52425
13899 26963 40862
5360 9630 14990
7401 13749 21150
63113 106664 169777
10301 19717 30018
7058 12539 19597
6642 12300 18942
4074 8011 12085
29626 52828 82454
63188 110093 173281
18723 30357 49080
17711 33462 51173
23456 43490 66946
34168 60076 94244
28440 51968 80408
28566 53629 82195
8553 16445 24998
27174 53315 80489
47133 88169 135302
37207 66729 103936
47243 85661 132904
41148 65774 106922
19603 34836 54439
12555 27026 39581
28581 48860 77441
30402 63430 93832
49418 83843 133261
20801 40625 61426
17537 31402 48939
22660 42435 65095
6734 12360 19094
12763 23759 36522
16051 28230 44281
24787 44622 69409
15441 26264 41705
55064 97360 152424
20983 41617 62600
19482 37805 57287
29024 54719 83743
19144 35860 55004
6883 12049 18932
22325 42942 65267
18944 35297 54241
9624 17012 26636
23105 39635 62740
39447 78334 117781
17178 30340 47518
17431 33164 50595
34294 58583 92877
31111 60128 91239
4610 9289 13899
45084 86633 131717
23963 43498 67461
5567 11225 16792
3544 7193 10737
16359 27368 43727
5265 10153 15418
12014 23948 35962
17718 31865 49583
16423 29098 45521
26693 45178 71871
4360 8236 12596
10689 21254 31943
17081 26702 43783
74009 115441 189450
29874 57186 87060
23393 47344 70737
35462 52499 87961
48281 67613 115894
31362 57891 89253
23172 43192 66364
18252 27979 46231
21045 45725 66770
7206 13021 20227
17158 31588 48746
11935 23892 35827
5889 10348 16237
4722 9572 14294
7412 13852 21264
21898 48110 70008
28776 52421 81197
10262 20060 30322
17250 33416 50666
26421 50250 76671
16724 29920 46644
25358 45872 71230
53237 64625 117862
6091 12879 18970
15399 22539 37938
35541 59748 95289
9108 17536 26644
39653 76846 116499
37274 66708 103982
12087 22331 34418
19847 49385 69232
59986 93326 153312
27421 45798 73219
40334 75032 115366
18419 33850 52269
20727 43885 64612
22372 39274 61646
7627 14444 22071
17963 25945 43908
34766 51907 86673
24129 44897 69026
31909 56169 88078
11831 20679 32510
20918 41707 62625
7376 12842 20218
10414 18938 29352
10083 17281 27364
5328 16108 21436
11825 24585 36410
31892 55601 87493
25236 50350 75586
15293 29520 44813
7172 12844 20016
24722 46464 71186
8401 15691 24092
14019 24601 38620
19925 36644 56569
10859 19497 30356
10861 19649 30510
7873 15449 23322
10271 18946 29217
16778 29055 45833
12535 25443 37978
22647 40663 63310
9855 17936 27791
15860 29488 45348
22096 41771 63867
27436 47452 74888
19021 34393 53414
31893 54694 86587
11770 20921 32691
44903 85448 130351
36029 62349 98378
19417 38529 57946
13136 23648 36784
29390 52573 81963
15523 28774 44297
21268 39297 60565
7778 15701 23479
15380 30910 46290
18390 39109 57499
12300 21972 34272
34163 59916 94079
53082 96961 150043
12997 25239 38236
31748 54576 86324
17570 30008 47578
6929 12551 19480
14714 25353 40067
36746 63233 99979
23804 42188 65992
17634 31104 48738
18520 33839 52359
41657 75726 117383
27355 52710 80065
14200 35381 49581
18457 49033 67490
29748 48777 78525
27672 52795 80467
61890 102190 164080
12861 25560 38421
12149 21650 33799
5148 10590 15738
12403 23065 35468
18488 33225 51713
18272 34557 52829
33748 60150 93898
16945 32200 49145
9162 17113 26275
27060 48703 75763
17271 27503 44774
4357 9590 13947
24310 47649 71959
61335 117028 178363
21162 38581 59743
9125 18013 27138
24497 45262 69759
26481 47687 74168
7180 12516 19696
32263 54487 86750
15138 25940 41078
17376 33630 51006
53106 96593 149699
11164 21691 32855
28985 51151 80136
9805 17268 27073
5160 9645 14805
24581 41761 66342
26178 50149 76327
30645 55312 85957
38185 69993 108178
26438 45382 71820
41494 77846 119340
19609 49780 69389
37908 73914 111822
11402 20722 32124
9168 17691 26859
26153 44218 70371
53189 94452 147641
51127 91094 142221
21834 40851 62685
19240 33947 53187
12201 25095 37296
16191 27527 43718
49365 95482 144847
32433 57262 89695
19728 36636 56364
25755 46995 72750
26056 50673 76729
16807 32477 49284
25654 46771 72425
15602 30623 46225
12109 21601 33710
31063 52938 84001
20330 38247 58577
36606 65129 101735
6268 10686 16954
22196 41313 63509
14730 25789 40519
23225 43752 66977
7497 14324 21821
38724 65179 103903
22252 38169 60421
5594 10443 16037
56454 107343 163797
55308 100490 155798
25354 46887 72241
23050 45710 68760
16715 30382 47097
18598 34741 53339
17409 32334 49743
31057 54156 85213
35527 71124 106651
32232 55412 87644
46754 88949 135703
18196 31839 50035
56348 91413 147761
12691 22433 35124
19101 36394 55495
6811 13102 19913
18603 32957 51560
49872 86557 136429
13352 24450 37802
4964 9475 14439
