11487 53859 65346
6675 35662 42337
13027 63480 76507
14222 68320 82542
13475 67617 81092
13162 64912 78074
7652 38633 46285
5903 31209 37112
9112 42881 51993
19534 97793 117327
5403 25597 31000
16850 83169 100019
17963 86825 104788
13124 63930 77054
6416 33080 39496
8788 45366 54154
19943 92125 112068
6111 35909 42020
14020 70166 84186
21594 106285 127879
25369 120683 146052
11231 53386 64617
7495 38341 45836
6517 34072 40589
9959 48569 58528
14444 76624 91068
4417 23078 27495
3668 19532 23200
3446 19348 22794
13207 67761 80968
17117 78364 95481
10611 49969 60580
18820 90086 108906
11840 58716 70556
12762 66018 78780
10578 52620 63198
16252 81632 97884
7204 36971 44175
13939 71962 85901
14214 76919 91133
2573 14831 17404
12765 67784 80549
9949 50352 60301
11797 55289 67086
3259 18804 22063
5651 31318 36969
18861 99477 118338
5601 27021 32622
13109 67157 80266
12142 58999 71141
5434 28319 33753
24951 119398 144349
6263 30095 36358
6596 33776 40372
9850 46967 56817
4293 23106 27399
30758 170001 200759
30196 142663 172859
24965 117304 142269
15323 79264 94587
4610 25265 29875
16638 79106 95744
4007 21726 25733
11740 49360 61100
6635 42247 48882
2543 14703 17246
4679 23929 28608
34614 165007 199621
5479 29251 34730
3028 17146 20174
3994 21788 25782
2553 12945 15498
17504 79532 97036
35790 172717 208507
13516 47456 60972
10852 50356 61208
12195 61358 73553
18516 88420 106936
15880 74785 90665
15005 74851 89856
5163 25906 31069
14330 76334 90664
25765 120244 146009
21313 98447 119760
23780 107082 130862
23240 107728 130968
9191 44332 53523
5391 27154 32545
14499 68290 82789
15426 80994 96420
26402 114915 141317
11534 56637 68171
9180 43794 52974
12718 67570 80288
3300 19465 22765
7220 39121 46341
8921 44538 53459
14198 72429 86627
8984 42407 51391
36062 165479 201541
12497 62656 75153
12252 58809 71061
15909 80491 96400
12491 59940 72431
3475 20858 24333
13944 66320 80264
14565 65029 79594
5248 27160 32408
13874 76388 90262
24602 117254 141856
7981 38175 46156
9638 46366 56004
17331 84799 102130
17007 86082 103089
2377 12231 14608
25060 122742 147802
14070 70785 84855
2809 14904 17713
1986 11359 13345
8962 40740 49702
2756 15815 18571
6440 32888 39328
8624 44906 53530
8799 42427 51226
15077 75979 91056
2631 13915 16546
6340 35079 41419
8678 40012 48690
33466 159645 193111
15239 76960 92199
11857 61011 72868
13973 72427 86400
19393 99116 118509
16627 87765 104392
12875 66440 79315
10257 38618 48875
11740 61079 72819
3983 20538 24521
9319 46941 56260
6480 33043 39523
2996 16296 19292
2485 13457 15942
4450 23039 27489
11757 65145 76902
14969 77217 92186
5350 26626 31976
10412 52742 63154
13086 68323 81409
9466 38790 48256
12933 61924 74857
21101 98892 119993
3094 15762 18856
5937 30457 36394
17533 81282 98815
6132 30169 36301
23249 120926 144175
20969 107459 128428
6038 31601 37639
10059 48530 58589
28213 144684 172897
12995 66952 79947
20797 97360 118157
10437 50499 60936
10928 52111 63039
9447 44350 53797
3840 20278 24118
7886 38064 45950
16573 77843 94416
12295 59816 72111
15261 78695 93956
6448 34736 41184
11917 61403 73320
4277 21897 26174
5762 29707 35469
6486 30709 37195
2865 16322 19187
6618 32522 39140
17965 86486 104451
13573 70291 83864
9480 45254 54734
4128 22904 27032
14738 83029 97767
4432 23178 27610
7949 42354 50303
11882 53690 65572
7681 35814 43495
5457 31771 37228
4786 27771 32557
8043 27384 35427
10703 53187 63890
7067 39092 46159
18173 73245 91418
5330 25574 30904
10921 51123 62044
13118 67476 80594
17213 82505 99718
10725 48604 59329
20598 94401 114999
6409 33313 39722
25943 123229 149172
19637 93424 113061
15370 63518 78888
6553 39493 46046
15988 73990 89978
11279 58784 70063
16939 88105 105044
5076 21196 26272
10671 54814 65485
11895 52232 64127
7776 42135 49911
18276 88179 106455
28966 147715 176681
6422 34675 41097
18565 78437 97002
10123 48616 58739
3358 17952 21310
8578 45001 53579
18339 89957 108296
12778 63638 76416
9619 47949 57568
9802 49321 59123
21868 108939 130807
15749 80414 96163
8706 39831 48537
10172 62419 72591
15647 81045 96692
16191 82986 99177
28346 148249 176595
6605 42847 49452
5875 28544 34419
2321 14080 16401
6153 33561 39714
8624 46034 54658
12521 46467 58988
17141 86927 104068
10367 49495 59862
5959 29024 34983
15631 82709 98340
9800 47151 56951
2492 15167 17659
14172 76854 91026
33748 173859 207607
11832 61293 73125
5610 25775 31385
14740 73085 87825
17121 77651 94772
4231 22074 26305
19186 86449 105635
8127 36635 44762
11115 62094 73209
28732 133847 162579
6070 33478 39548
17646 79194 96840
5940 29955 35895
3053 17411 20464
14081 65098 79179
13764 70070 83834
17610 88044 105654
19279 96125 115404
15750 79584 95334
22364 103695 126059
12269 58101 70370
18005 100505 118510
6786 33581 40367
5460 26033 31493
14117 71937 86054
32250 155396 187646
29852 151202 181054
11959 58248 70207
10493 49995 60488
5838 32844 38682
8443 36273 44716
25888 122324 148212
17278 83559 100837
10107 47662 57769
13191 70980 84171
14787 78945 93732
9769 47804 57573
13931 72168 86099
9189 45400 54589
5900 30847 36747
17287 83955 101242
12661 63226 75887
20462 96885 117347
3900 20343 24243
12216 63744 75960
9216 43320 52536
12342 63651 75993
4328 22328 26656
18762 94920 113682
10716 51249 61965
2930 16469 19399
36231 183783 220014
28898 137421 166319
14220 70464 84684
12552 65479 78031
8863 45428 54291
10941 49517 60458
11372 54035 65407
15599 80997 96596
22610 113408 136018
17155 91241 108396
28975 146609 175584
9113 42706 51819
27040 129531 156571
6032 30463 36495
10538 56200 66738
3472 18880 22352
11449 55473 66922
26269 128846 155115
6964 34993 41957
2644 15479 18123
