22852 23354 46206
13868 13302 27170
31278 30883 62161
32154 35962 68116
30370 30270 60640
27057 28165 55222
17070 16583 33653
13094 13193 26287
21748 19253 41001
42301 41284 83585
11609 11425 23034
37654 36976 74630
39275 42016 81291
27001 27473 54474
12616 12260 24876
19452 20058 39510
46145 46560 92705
14335 14013 28348
31032 30329 61361
44195 44592 88787
55400 60070 115470
26170 27921 54091
17516 17921 35437
14563 14518 29081
19889 21310 41199
31883 33341 65224
8890 8806 17696
8191 8090 16281
9038 10607 19645
34215 33814 68029
41892 42873 84765
21278 22304 43582
42136 41339 83475
26177 27170 53347
30896 31936 62832
26424 24287 50711
37341 37784 75125
14965 14828 29793
36430 50423 86853
31680 32292 63972
7024 7599 14623
31025 31628 62653
22286 21591 43877
20932 26117 47049
6483 6869 13352
14324 16011 30335
44430 49002 93432
9964 9911 19875
28404 30599 59003
26352 26373 52725
11212 10761 21973
52141 53836 105977
14301 13037 27338
14096 13213 27309
22341 21850 44191
10216 10045 20261
70437 71917 142354
54572 58068 112640
48662 51243 99905
35765 37114 72879
10533 11306 21839
34570 34373 68943
9234 9102 18336
22668 19845 42513
17524 20629 38153
5936 6371 12307
9697 10892 20589
97950 81613 179563
13178 13588 26766
9291 7168 16459
9320 9717 19037
5668 5604 11272
39622 39797 79419
83940 86087 170027
22348 23047 45395
21091 22534 43625
28594 30092 58686
42287 42891 85178
36154 34279 70433
32740 34828 67568
10645 11048 21693
34412 37548 71960
57541 63461 121002
43103 42863 85966
45287 51301 96588
45684 49403 95087
22558 21739 44297
11796 12745 24541
31570 35052 66622
37446 37169 74615
58312 64083 122395
24759 26601 51360
17450 17714 35164
27887 31142 59029
7388 7546 14934
15914 16600 32514
18057 18481 36538
32530 31831 64361
17918 16819 34737
76145 77157 153302
23587 25804 49391
24121 25706 49827
34290 36198 70488
22522 24634 47156
7875 8058 15933
24821 25474 50295
21835 25470 47305
12704 13357 26061
27544 29892 57436
45214 51604 96818
17392 17472 34864
21096 21535 42631
42887 47257 90144
40848 40864 81712
5196 6646 11842
55560 62017 117577
34037 34749 68786
8244 7165 15409
4656 8972 13628
20634 20672 41306
7943 6413 14356
15496 15408 30904
21214 22772 43986
21055 21292 42347
36418 37522 73940
7241 8771 16012
14758 15266 30024
18783 19420 38203
78574 83503 162077
35250 35073 70323
29140 31695 60835
33068 42721 75789
48161 52516 100677
36082 40072 76154
36516 32374 68890
18176 19226 37402
26356 25825 52181
8997 8947 17944
19196 20926 40122
14758 14339 29097
6953 6956 13909
5179 5565 10744
9014 9157 18171
26115 26929 53044
32239 34015 66254
12551 12890 25441
20157 21437 41594
37274 34239 71513
17437 18487 35924
29618 27994 57612
42599 43825 86424
7446 7466 14912
13539 13250 26789
41971 42265 84236
11533 11221 22754
47494 54635 102129
42418 42098 84516
15288 16217 31505
23761 21522 45283
70280 72391 142671
25978 26797 52775
45965 49306 95271
21668 21928 43596
23290 26006 49296
22023 22067 44090
8839 8969 17808
16965 17969 34934
40003 39272 79275
27770 28735 56505
37094 40319 77413
14610 14675 29285
28780 30424 59204
9279 9243 18522
12222 13018 25240
11483 11635 23118
7033 7298 14331
17664 16155 33819
44979 44164 89143
27566 27942 55508
20414 19828 40242
8696 8806 17502
34037 35677 69714
8983 9853 18836
16332 16846 33178
22486 22766 45252
14127 13751 27878
12071 11798 23869
9096 10356 19452
11253 11664 22917
20082 21169 41251
13516 14316 27832
29281 29184 58465
11931 11765 23696
19190 20752 39942
29029 28507 57536
40928 37961 78889
21402 21914 43316
40466 68637 109103
14315 15283 29598
56551 57809 114360
49529 50022 99551
26260 30149 56409
16353 15162 31515
36285 33661 69946
17067 17340 34407
25127 26016 51143
8601 8325 16926
21229 24055 45284
22489 22774 45263
17472 18525 35997
44818 48618 93436
70625 68717 139342
16568 16679 33247
37570 36853 74423
21264 21752 43016
7460 7541 15001
17184 17544 34728
39142 41481 80623
36749 34450 71199
21091 19167 40258
21804 21822 43626
48880 52106 100986
35521 35849 71370
17285 16595 33880
22840 24850 47690
35904 34083 69987
35356 36572 71928
61979 61757 123736
15863 16655 32518
13488 13839 27327
5945 6424 12369
14545 14318 28863
19102 18837 37939
22775 23146 45921
35409 39045 74454
22841 23752 46593
12158 12214 24372
36435 37221 73656
19770 19190 38960
5783 6401 12184
31122 33235 64357
69455 76016 145471
28254 28990 57244
10227 10623 20850
34004 34047 68051
30414 30402 60816
9121 9585 18706
37804 37525 75329
18630 18057 36687
21694 22604 44298
68994 68733 137727
13114 13632 26746
37936 39903 77839
13457 13342 26799
6734 7612 14346
34489 35285 69774
34616 32885 67501
38914 40560 79474
47005 48369 95374
33227 32053 65280
49398 51793 101191
26560 23292 49852
43181 51363 94544
13799 13158 26957
12162 12523 24685
28938 29562 58500
73338 71633 144971
62327 63989 126316
25152 27590 52742
21411 22004 43415
14131 15222 29353
18840 18056 36896
64420 63468 127888
42847 45107 87954
22177 24478 46655
30392 33686 64078
32558 33782 66340
23334 26722 50056
31512 33612 65124
22773 26109 48882
15010 13159 28169
36685 37270 73955
25095 26371 51466
42813 57895 100708
7308 7305 14613
28062 31326 59388
17663 17186 34849
23780 25867 49647
10138 10919 21057
41045 43999 85044
21977 22613 44590
7514 7818 15332
71310 74096 145406
67198 69423 136621
30782 31999 62781
27982 30350 58332
18417 17971 36388
20853 20579 41432
22982 23975 46957
36045 36204 72249
41931 48079 90010
38215 39330 77545
62748 63272 126020
19536 18937 38473
65011 66454 131465
17098 17327 34425
25608 27898 53506
8452 8012 16464
23841 24111 47952
53549 53885 107434
15461 15741 31202
6676 7350 14026
