18961 43644 62605
10328 22625 32953
23521 49737 73258
25327 54454 79781
20777 47932 68709
21230 47134 68364
12096 26756 38852
9889 21324 31213
20473 42261 62734
29951 67335 97286
9877 22600 32477
28004 59290 87294
32317 75369 107686
19126 44405 63531
10494 21942 32436
14855 30476 45331
36171 76037 112208
10209 23361 33570
24034 50214 74248
32935 73462 106397
38708 86466 125174
19025 42210 61235
11874 26980 38854
9567 20509 30076
17156 38627 55783
21978 49240 71218
7658 16450 24108
5599 11931 17530
6037 13934 19971
23828 52045 75873
30044 57840 87884
15049 32943 47992
30633 59686 90319
19374 42057 61431
19577 40634 60211
17890 39414 57304
24659 53557 78216
11740 22568 34308
23324 54963 78287
21858 49196 71054
5155 11286 16441
21794 47452 69246
14581 35016 49597
17960 37273 55233
4834 11507 16341
11451 25017 36468
34959 74717 109676
8515 18548 27063
21376 48419 69795
17910 48735 66645
9538 21429 30967
38047 86164 124211
10434 23614 34048
11421 25476 36897
16945 34119 51064
7039 14748 21787
51064 111905 162969
42679 90796 133475
36640 80860 117500
24186 52808 76994
8162 17899 26061
24388 50843 75231
7279 15723 23002
16633 33113 49746
10685 25186 35871
4619 10545 15164
7425 17391 24816
58867 126222 185089
8608 20106 28714
5539 12898 18437
6363 13688 20051
4312 9844 14156
26249 55679 81928
64182 132971 197153
15591 34227 49818
16959 36323 53282
20219 42633 62852
31943 64604 96547
23731 51766 75497
27766 61888 89654
6890 16663 23553
26368 59101 85469
40886 87136 128022
35216 71308 106524
33746 77820 111566
36143 73461 109604
15430 31094 46524
8630 19351 27981
21941 47442 69383
25603 56251 81854
36362 82839 119201
19526 42942 62468
13534 28689 42223
21595 47814 69409
5220 12158 17378
12055 25936 37991
15118 31721 46839
21532 44688 66220
14331 29008 43339
57448 117644 175092
17727 39521 57248
17103 37710 54813
25614 54519 80133
17148 40359 57507
5652 12803 18455
18414 41095 59509
17646 41958 59604
8751 18890 27641
21155 46286 67441
34601 82021 116622
14759 30311 45070
15398 33299 48697
32122 68020 100142
26361 61544 87905
3969 9372 13341
39902 89997 129899
23001 49657 72658
5269 11575 16844
3262 8354 11616
16262 32713 48975
4954 11421 16375
10807 23673 34480
16769 37353 54122
14790 31106 45896
26057 59093 85150
3986 9134 13120
10921 24326 35247
14920 29291 44211
51840 117927 169767
25042 55369 80411
21109 46121 67230
23308 52195 75503
34862 76322 111184
29662 66024 95686
19971 40279 60250
16420 41145 57565
18890 41163 60053
7780 14422 22202
16150 37587 53737
10534 23101 33635
4990 11024 16014
3885 9008 12893
6839 14119 20958
20365 42026 62391
24582 54097 78679
8926 19287 28213
16808 35908 52716
24327 54193 78520
13577 28695 42272
21386 43173 64559
36914 71151 108065
5510 11437 16947
9657 21477 31134
30479 61167 91646
9753 20961 30714
38620 100186 138806
34156 67646 101802
11493 25271 36764
16359 36297 52656
49308 105675 154983
20086 45252 65338
35999 77554 113553
15182 35648 50830
18423 42462 60885
16509 36495 53004
6461 14442 20903
13921 28785 42706
28614 62559 91173
23027 41719 64746
25085 55990 81075
11246 23767 35013
18998 44280 63278
7390 15563 22953
8527 19724 28251
11021 22441 33462
4894 11072 15966
10486 23539 34025
32190 69434 101624
22143 48931 71074
14712 29420 44132
7019 14562 21581
23779 54651 78430
6925 16380 23305
15240 32312 47552
18596 41315 59911
10344 24135 34479
10363 22596 32959
8064 20495 28559
8853 21226 30079
17478 38667 56145
11634 28359 39993
22287 49572 71859
8902 19324 28226
15132 35348 50480
24095 47806 71901
26238 52773 79011
17454 36316 53770
36814 65664 102478
10399 25712 36111
47492 95664 143156
30764 62176 92940
19501 47160 66661
11558 24365 35923
23456 47657 71113
15727 28813 44540
18836 43114 61950
6546 13508 20054
14861 38932 53793
17147 37985 55132
12041 24327 36368
34097 73735 107832
45780 112649 158429
14086 27650 41736
30148 58874 89022
16701 36089 52790
6191 14240 20431
14740 34406 49146
33573 71019 104592
21649 46437 68086
15247 30414 45661
15656 31848 47504
38202 85106 123308
26131 57839 83970
15663 27591 43254
16715 35916 52631
28243 61453 89696
24013 52378 76391
51883 99505 151388
12351 26950 39301
9963 22022 31985
3919 9274 13193
9728 21639 31367
16315 31963 48278
16353 37977 54330
30581 61222 91803
16477 35750 52227
9902 22014 31916
25853 56020 81873
16504 34134 50638
4362 10280 14642
22835 48088 70923
50861 124722 175583
21302 42588 63890
7909 17789 25698
26862 55300 82162
22902 50358 73260
6931 16479 23410
25750 58225 83975
13474 29602 43076
16367 37257 53624
50843 106367 157210
10684 23772 34456
30030 57980 88010
9778 18984 28762
4819 13389 18208
25428 53296 78724
25219 52239 77458
28257 57695 85952
34005 76834 110839
24925 53359 78284
37331 85257 122588
18746 40532 59278
32677 83449 116126
10380 20864 31244
8031 18385 26416
22122 48503 70625
57256 114120 171376
44229 106448 150677
21959 42968 64927
14753 33006 47759
10429 28348 38777
12255 26223 38478
43801 95529 139330
31165 64630 95795
17365 38913 56278
20038 46278 66316
23249 50641 73890
16819 38987 55806
23722 50976 74698
15873 38026 53899
10964 25298 36262
28837 60257 89094
21635 47567 69202
32707 69170 101877
5774 13570 19344
21636 49178 70814
14692 39615 54307
20275 59643 79918
7737 18100 25837
35774 73076 108850
18934 42175 61109
5426 12515 17941
55710 127243 182953
49298 107439 156737
36922 58939 95861
22657 50904 73561
15793 31100 46893
16462 33638 50100
15793 35265 51058
26205 56463 82668
32933 72985 105918
27905 60355 88260
42749 94135 136884
16019 33702 49721
43626 92811 136437
10888 23557 34445
16880 36901 53781
5380 12700 18080
15532 35003 50535
39441 93015 132456
11621 24023 35644
4453 13374 17827
