21398 35346 56744
12645 22530 35175
27503 45724 73227
30432 48813 79245
26461 40777 67238
24315 38037 62352
14918 22869 37787
11467 15846 27313
18230 25676 43906
37305 58980 96285
14631 17559 32190
35837 48129 83966
40418 59353 99771
21806 38368 60174
11716 19542 31258
19476 28654 48130
55071 62618 117689
16548 24247 40795
23768 37053 60821
43032 62918 105950
60326 81875 142201
22260 36865 59125
21246 24260 45506
12919 20744 33663
21810 28128 49938
24545 38863 63408
9162 13340 22502
6523 9353 15876
6953 10655 17608
26892 43597 70489
39432 48304 87736
19398 29663 49061
36347 49159 85506
22191 34911 57102
23144 34707 57851
20065 32257 52322
32069 45325 77394
12946 18725 31671
31067 47016 78083
27217 43455 70672
5705 8435 14140
21946 36214 58160
19556 39132 58688
20177 30405 50582
5760 9877 15637
13715 19999 33714
42682 56351 99033
10171 17254 27425
25607 40039 65646
21391 33601 54992
10833 16516 27349
42394 67269 109663
9783 15201 24984
12972 20241 33213
19891 28056 47947
9343 13784 23127
62237 95599 157836
49330 78734 128064
40311 61135 101446
32591 49707 82298
8575 14944 23519
32593 42400 74993
7729 11516 19245
18596 26000 44596
14871 24177 39048
5189 8845 14034
8613 13948 22561
79834 107587 187421
11988 18392 30380
8329 11308 19637
8602 13328 21930
5265 8283 13548
32548 47780 80328
83670 153643 237313
21181 34579 55760
19748 29889 49637
25062 39442 64504
36125 54317 90442
28860 43718 72578
31418 49863 81281
9499 15964 25463
27350 43515 70865
51151 82882 134033
36059 52726 88785
43521 71359 114880
37020 54661 91681
19268 27932 47200
8626 14027 22653
25659 40845 66504
30381 48048 78429
46117 75602 121719
21995 35139 57134
26049 28227 54276
23084 36849 59933
7050 11705 18755
14584 22283 36867
17584 26969 44553
26593 41921 68514
15537 21580 37117
67621 100366 167987
20079 32121 52200
22584 35551 58135
28360 40781 69141
21789 36670 58459
6690 9547 16237
24328 36391 60719
19159 31212 50371
9806 15712 25518
22497 35857 58354
42732 71091 113823
16309 23046 39355
19739 27850 47589
33505 52137 85642
31377 45751 77128
6711 6902 13613
47486 74378 121864
25381 39428 64809
5957 10019 15976
3696 6250 9946
19922 25855 45777
5908 9311 15219
12511 20108 32619
18531 31595 50126
15485 28028 43513
29883 42458 72341
6259 9438 15697
12526 19541 32067
16486 23421 39907
70929 97597 168526
30615 46130 76745
22128 35791 57919
26875 43615 70490
39700 58241 97941
32056 50796 82852
22635 37355 59990
16384 24712 41096
21989 36419 58408
8125 12253 20378
18597 30508 49105
13353 21609 34962
6767 10731 17498
5480 9019 14499
9367 13039 22406
25524 42413 67937
28636 47549 76185
15511 20343 35854
24337 51065 75402
32138 45120 77258
16634 24941 41575
28525 42893 71418
40754 57904 98658
6606 11522 18128
12568 19618 32186
36575 53785 90360
10199 15230 25429
44475 80378 124853
37998 54295 92293
12806 23052 35858
22079 34185 56264
59437 95021 154458
24162 39299 63461
37470 58113 95583
18531 30227 48758
21267 34145 55412
22063 31402 53465
7890 12665 20555
17313 26459 43772
31554 45878 77432
25099 38391 63490
29387 44208 73595
12970 19844 32814
21737 35573 57310
8553 12546 21099
10613 15715 26328
11556 17253 28809
5390 8810 14200
11719 18207 29926
37640 54719 92359
25961 40585 66546
17820 26263 44083
7558 11781 19339
30794 45974 76768
7972 12652 20624
16815 24798 41613
18902 30558 49460
13070 20512 33582
11603 18650 30253
9527 15587 25114
9421 14982 24403
20052 29619 49671
11866 18814 30680
25955 41145 67100
9504 14530 24034
18771 29304 48075
24761 38176 62937
32577 47401 79978
19283 27681 46964
37330 54211 91541
11566 19426 30992
51875 79354 131229
35571 51503 87074
22646 36818 59464
13903 19451 33354
30329 43510 73839
17050 22942 39992
24569 37921 62490
7642 10978 18620
16795 27464 44259
21537 33289 54826
15164 21891 37055
38510 56436 94946
53005 81298 134303
14485 21750 36235
34073 47610 81683
19675 28182 47857
6618 10395 17013
16883 24887 41770
38759 52174 90933
26505 40540 67045
18790 26364 45154
17932 27809 45741
43602 68118 111720
28859 43707 72566
16374 23757 40131
20208 32276 52484
32582 46382 78964
34319 55637 89956
52468 80973 133441
13979 22278 36257
11507 20668 32175
5359 9147 14506
12484 19673 32157
18542 26862 45404
20158 32355 52513
33159 50358 83517
20679 43505 64184
11935 17510 29445
35665 50683 86348
18587 27816 46403
4497 7511 12008
23373 38549 61922
63057 95489 158546
22045 34772 56817
8766 14305 23071
28171 44731 72902
26583 42395 68978
8104 12597 20701
31149 46618 77767
18225 25441 43666
20067 29321 49388
58027 88336 146363
11609 19321 30930
33469 50237 83706
10580 15679 26259
6256 9797 16053
28587 41916 70503
27906 45341 73247
31966 46686 78652
41234 62144 103378
31685 46064 77749
39706 62220 101926
22617 33563 56180
35583 62072 97655
12984 19267 32251
10487 16447 26934
26723 40303 67026
56491 84420 140911
54344 89272 143616
22796 35883 58679
17043 25680 42723
12894 20632 33526
14915 20085 35000
51423 79633 131056
35926 55918 91844
18504 27501 46005
24964 42081 67045
28143 45196 73339
19653 31180 50833
26513 42327 68840
16223 26286 42509
12727 19522 32249
33234 48199 81433
21526 34231 55757
37881 57205 95086
6889 10215 17104
24768 41214 65982
15258 22189 37447
22453 37628 60081
8009 12783 20792
36937 56515 93452
20763 33298 54061
5916 9037 14953
66654 104280 170934
56397 91064 147461
30563 45247 75810
24983 40142 65125
16154 27510 43664
19155 30723 49878
18635 28679 47314
31429 47116 78545
36749 60316 97065
31685 44504 76189
52922 80507 133429
18292 27432 45724
51670 78395 130065
12859 19584 32443
20772 33508 54280
10956 9974 20930
19605 30862 50467
45373 76635 122008
13766 19879 33645
5715 9753 15468
