14660 52115 66775
7768 27889 35657
17846 61517 79363
18288 60314 78602
17244 59934 77178
14394 50974 65368
10259 37327 47586
6782 24118 30900
11183 42330 53513
24249 87677 111926
6465 22927 29392
19562 67055 86617
23009 87637 110646
14006 49631 63637
7792 28559 36351
12377 43875 56252
24884 83813 108697
8566 33129 41695
18189 56803 74992
27127 90996 118123
31978 110605 142583
14577 47766 62343
9454 35577 45031
8207 30253 38460
14248 49416 63664
18368 67199 85567
5727 20642 26369
4246 16793 21039
5073 20260 25333
18698 69644 88342
23955 85519 109474
13722 45547 59269
32735 89950 122685
15444 52569 68013
16073 59563 75636
14248 54127 68375
19533 75141 94674
8836 31765 40601
19535 74539 94074
18102 63218 81320
3770 14690 18460
15030 56557 71587
15051 49463 64514
13498 48462 61960
3863 14508 18371
8143 31844 39987
25493 91420 116913
6185 23821 30006
17011 66004 83015
16719 56392 73111
7863 32217 40080
30450 107233 137683
7146 26576 33722
10148 32193 42341
12598 43140 55738
5171 18450 23621
39443 140028 179471
34082 123056 157138
25309 88880 114189
20471 73638 94109
5487 22162 27649
20510 69853 90363
4852 17759 22611
12563 41939 54502
8569 32451 41020
3496 13319 16815
6239 21147 27386
41392 146678 188070
7464 27561 35025
4310 16563 20873
5361 19672 25033
2986 11260 14246
22795 76600 99395
48468 166965 215433
13147 47268 60415
14934 42178 57112
16711 58058 74769
23268 83028 106296
19062 66075 85137
21111 76628 97739
5729 23061 28790
21729 74365 96094
34502 120514 155016
28832 86697 115529
30099 103671 133770
27861 98016 125877
15638 46049 61687
6373 24654 31027
18033 62410 80443
19342 72667 92009
30164 109639 139803
13326 47607 60933
10871 40499 51370
14620 58371 72991
5090 18592 23682
8918 33196 42114
10978 39496 50474
16013 54655 70668
10568 36771 47339
38923 133274 172197
14586 54476 69062
13730 50651 64381
19239 69995 89234
13889 53872 67761
3831 14605 18436
15310 55336 70646
11951 46883 58834
7388 26893 34281
15741 59816 75557
25454 94413 119867
10561 38476 49037
12338 42075 54413
22703 78908 101611
20859 78811 99670
3090 10378 13468
29762 111222 140984
15586 58588 74174
3676 14808 18484
2573 10315 12888
10706 36216 46922
3449 12823 16272
9785 29563 39348
16194 45935 62129
10927 38618 49545
20050 72882 92932
3161 12676 15837
8112 31430 39542
12875 34047 46922
42661 166405 209066
19421 70468 89889
15700 61772 77472
17305 67928 85233
28707 85829 114536
19146 75272 94418
16785 58120 74905
10349 40402 50751
17063 56404 73467
5018 19367 24385
12563 45109 57672
8831 32003 40834
4242 16902 21144
3302 14613 17915
5508 22580 28088
16878 59384 76262
20398 70280 90678
7287 29558 36845
15480 41623 57103
20191 71144 91335
11045 40306 51351
20922 58534 79456
26266 77706 103972
3725 13885 17610
8445 30196 38641
22229 74275 96504
6577 23297 29874
27374 101942 129316
24123 83201 107324
7789 27349 35138
13561 48440 62001
38425 141753 180178
16525 58952 75477
26512 88787 115299
13308 47197 60505
13927 51711 65638
13188 43534 56722
4490 17197 21687
11012 46918 57930
21151 81317 102468
16751 60159 76910
21132 75662 96794
10347 40082 50429
14845 53595 68440
5455 19900 25355
7427 27103 34530
6760 23459 30219
3993 15573 19566
7649 28457 36106
24347 84389 108736
16522 62860 79382
12596 43412 56008
5480 20234 25714
18744 63680 82424
6513 23666 30179
9558 42250 51808
13877 50546 64423
7596 28995 36591
7525 28088 35613
5307 21510 26817
6949 26537 33486
11635 40446 52081
8359 33683 42042
15363 57225 72588
6841 25257 32098
11722 40831 52553
16349 56155 72504
20564 73195 93759
12823 41902 54725
23754 84736 108490
7416 26702 34118
33640 119238 152878
21939 78853 100792
13515 55788 69303
9269 33856 43125
19147 60072 79219
9769 35813 45582
14975 52460 67435
4910 17252 22162
12770 45846 58616
14597 48852 63449
9569 34807 44376
27130 80969 108099
38481 132640 171121
8249 31175 39424
21399 73045 94444
12431 43654 56085
4183 16770 20953
9519 37054 46573
22476 78453 100929
17349 64266 81615
11055 37872 48927
11505 39551 51056
27183 96189 123372
19502 72817 92319
9782 34210 43992
11984 44512 56496
19984 67344 87328
18236 67943 86179
36152 131377 167529
9280 34215 43495
7226 25332 32558
2990 11796 14786
8225 30515 38740
10670 39219 49889
12188 41072 53260
21041 77733 98774
11815 43374 55189
6266 22550 28816
20635 74816 95451
12139 38410 50549
2991 12296 15287
16428 60043 76471
43016 158874 201890
15321 53556 68877
6465 24895 31360
17572 62789 80361
17029 60584 77613
4757 17707 22464
20752 74824 95576
9727 33215 42942
12084 44513 56597
37998 132263 170261
8054 30293 38347
19446 72422 91868
7432 24243 31675
3763 14024 17787
19434 64421 83855
16999 64141 81140
22333 78570 100903
24566 99583 124149
19760 70343 90103
26243 94550 120793
13462 46881 60343
24955 104637 129592
7596 27406 35002
6679 25663 32342
17650 61742 79392
39798 131380 171178
38554 133553 172107
14765 56834 71599
12967 43470 56437
8357 32638 40995
10276 35662 45938
32960 129895 162855
23603 79152 102755
12210 43989 56199
16453 61969 78422
17991 66104 84095
12942 46742 59684
16136 58064 74200
13192 44771 57963
8311 27505 35816
19601 70145 89746
16295 61731 78026
23034 82021 105055
4375 16308 20683
15440 58271 73711
10600 38893 49493
15099 56498 71597
5914 19877 25791
22272 83445 105717
13530 49816 63346
3867 14940 18807
40101 148601 188702
38735 133588 172323
19240 70119 89359
16303 56878 73181
11254 41604 52858
12153 42485 54638
13434 47479 60913
19790 70844 90634
28130 96660 124790
20576 72157 92733
36841 127902 164743
12087 42583 54670
36451 119620 156071
8478 30245 38723
13800 47087 60887
4435 16652 21087
12186 43013 55199
29783 113755 143538
8779 31801 40580
3778 14544 18322
