4259 76259 80518
2328 39450 41778
5715 84364 90079
5684 92496 98180
5276 84263 89539
4734 79468 84202
2527 51123 53650
2308 37062 39370
4828 64219 69047
8300 136142 144442
2418 40858 43276
10273 101935 112208
6695 134345 141040
4816 82946 87762
2158 39757 41915
2972 64395 67367
7233 127983 135216
2416 40781 43197
4498 78899 83397
7653 130541 138194
8559 156101 164660
3981 74222 78203
2529 47479 50008
2454 37506 39960
3521 61147 64668
4804 82508 87312
1479 29959 31438
1194 22751 23945
1318 26416 27734
5449 91531 96980
6053 98901 104954
3778 65651 69429
7411 122717 130128
4588 71674 76262
6080 81938 88018
3846 71932 75778
6157 101645 107802
2655 45247 47902
6005 97352 103357
4758 81790 86548
1917 19443 21360
4537 76356 80893
3741 68515 72256
4167 70207 74374
1047 22867 23914
2236 40075 42311
6566 126112 132678
2252 32753 35005
4968 82622 87590
4254 72962 77216
1916 33492 35408
8309 136759 145068
1963 36415 38378
2250 40740 42990
3342 65534 68876
1782 31098 32880
11924 188987 200911
11034 172276 183310
9609 139269 148878
6284 104626 110910
1479 31401 32880
6710 94851 101561
1540 29214 30754
3601 62261 65862
2750 52499 55249
1304 22112 23416
1882 27863 29745
12821 215285 228106
1983 34548 36531
1147 21072 22219
1311 25429 26740
850 16935 17785
5601 96707 102308
13048 227749 240797
3600 65149 68749
3813 65443 69256
4587 79714 84301
6517 111154 117671
6266 103724 109990
6472 108014 114486
1861 32161 34022
5919 98003 103922
10012 158514 168526
8060 119492 127552
8457 142011 150468
9270 129115 138385
3014 57428 60442
2941 36306 39247
4515 77084 81599
5841 101437 107278
8401 142491 150892
4357 75558 79915
2700 51252 53952
4442 78601 83043
1088 25692 26780
2395 42295 44690
2727 50375 53102
5248 85853 91101
2966 53824 56790
13042 205733 218775
3911 70364 74275
4246 73660 77906
6838 88335 95173
4270 77897 82167
1118 21234 22352
4165 68420 72585
4004 76105 80109
1967 34678 36645
4966 84831 89797
9024 137742 146766
2949 54967 57916
3106 55708 58814
6675 117335 124010
5405 101125 106530
854 16449 17303
10384 145427 155811
4675 81054 85729
1123 20802 21925
693 14309 15002
3319 58116 61435
1023 18653 19676
2384 42149 44533
3078 60288 63366
2852 55049 57901
5831 89548 95379
1439 16535 17974
2249 43773 46022
2782 47764 50546
11524 200892 212416
5799 94004 99803
4501 76467 80968
5391 89028 94419
7655 133185 140840
5762 108784 114546
4977 80697 85674
2687 54155 56842
4827 81030 85857
1230 28773 30003
3639 67201 70840
2676 42205 44881
1244 23405 24649
973 17143 18116
1394 30117 31511
4840 84895 89735
5318 86558 91876
1928 38849 40777
3324 62212 65536
5649 93810 99459
2770 55171 57941
4723 81123 85846
7132 120469 127601
1205 21112 22317
2208 38968 41176
7856 113706 121562
1975 37185 39160
8665 148874 157539
7008 126121 133129
2438 44312 46750
3586 65552 69138
11672 193330 205002
4510 79992 84502
7969 135250 143219
3353 60639 63992
4051 74149 78200
3514 63566 67080
1197 24584 25781
2884 53911 56795
6126 104927 111053
4906 81259 86165
5936 118169 124105
2461 42529 44990
4566 82175 86741
1826 28219 30045
2325 36825 39150
2030 34553 36583
1711 21064 22775
3051 46044 49095
6532 116220 122752
5189 86819 92008
3119 56369 59488
1359 28422 29781
8327 99001 107328
1587 33327 34914
4458 65529 69987
3841 77350 81191
2415 40522 42937
1944 38100 40044
1712 31057 32769
2081 36900 38981
3600 66560 70160
2528 48147 50675
5130 88117 93247
1755 32945 34700
3471 68839 72310
5451 87793 93244
7067 103162 110229
3943 67621 71564
6375 118600 124975
2156 38494 40650
10222 163825 174047
7152 120430 127582
4105 70880 74985
2503 50448 52951
5935 98104 104039
2875 66607 69482
9368 82618 91986
1635 28632 30267
3454 70663 74117
4150 74098 78248
2714 45446 48160
6524 129139 135663
11373 180337 191710
2766 56333 59099
5892 99706 105598
3247 64323 67570
1221 25157 26378
3129 68429 71558
6719 110390 117109
4920 82363 87283
3069 60787 63856
3732 61905 65637
8753 151326 160079
5422 101840 107262
2970 53986 56956
3978 70827 74805
6119 112349 118468
5763 105032 110795
10970 200511 211481
2510 45581 48091
2531 41873 44404
1297 17678 18975
2438 42590 45028
3495 63037 66532
3570 68480 72050
5978 109407 115385
3730 75604 79334
2092 37708 39800
5690 94112 99802
3029 60109 63138
1054 18581 19635
5118 93302 98420
11784 201468 213252
4828 82249 87077
1876 36431 38307
5793 95761 101554
5677 94383 100060
1644 29339 30983
5959 99670 105629
2661 51313 53974
3983 71442 75425
10690 169102 179792
2220 42327 44547
6175 111355 117530
2126 37785 39911
1194 21849 23043
5267 82741 88008
5402 100066 105468
6217 109736 115953
7713 133873 141586
9498 89821 99319
8627 145684 154311
3932 66733 70665
6482 144845 151327
2276 38396 40672
1977 36957 38934
4917 86775 91692
12170 193473 205643
13676 182664 196340
4234 72956 77190
3576 63455 67031
2497 45882 48379
2566 49632 52198
9851 160207 170058
6264 118441 124705
3738 70338 74076
4606 80353 84959
5724 91209 96933
3729 68041 71770
4955 80547 85502
3550 65827 69377
2387 42598 44985
5747 101900 107647
4799 82543 87342
6774 123551 130325
1093 23069 24162
4690 86884 91574
3736 49988 53724
4491 80928 85419
1605 29693 31298
6684 121882 128566
3719 66439 70158
1156 22826 23982
12928 217390 230318
10838 168168 179006
5307 86703 92010
5110 85579 90689
3129 59266 62395
3879 67922 71801
3727 62938 66665
6554 101023 107577
7724 132114 139838
6546 105623 112169
11675 200114 211789
3400 71612 75012
11006 175862 186868
2471 43079 45550
4353 75766 80119
1202 24884 26086
4008 70141 74149
9882 166211 176093
3497 45745 49242
1023 21767 22790
