31661 13589 45250
19464 9233 28697
38009 16465 54474
39211 16996 56207
37329 15730 53059
31781 13557 45338
22112 10157 32269
14549 6226 20775
24204 11818 36022
51081 24705 75786
14459 5731 20190
44768 19803 64571
50447 24466 74913
36985 13859 50844
16401 7163 23564
24666 10948 35614
49775 23572 73347
17600 7902 25502
35644 15471 51115
55060 26342 81402
69444 33739 103183
29017 13409 42426
20719 9371 30090
23846 7314 31160
29771 14166 43937
34760 18309 53069
11882 5421 17303
8803 3711 12514
10427 4534 14961
34275 15826 50101
48032 21356 69388
27404 11496 38900
45711 19969 65680
34209 14834 49043
31250 13481 44731
30285 13885 44170
46672 20120 66792
19352 8423 27775
41418 19066 60484
40469 17405 57874
8294 3632 11926
34530 16253 50783
25420 12477 37897
28356 13319 41675
8848 4312 13160
15934 6263 22197
50730 23978 74708
12888 5577 18465
34927 15346 50273
32271 14922 47193
14084 5555 19639
55177 26027 81204
14843 6344 21187
16466 6646 23112
25418 10797 36215
11218 4781 15999
83615 38434 122049
75399 37267 112666
58839 28332 87171
41667 21885 63552
12790 6897 19687
53585 23757 77342
10427 6590 17017
29931 10619 40550
20170 8704 28874
7302 3276 10578
11451 5374 16825
93955 43009 136964
15107 7854 22961
9088 3982 13070
10585 4822 15407
6965 3079 10044
43909 18921 62830
99908 45056 144964
25581 11117 36698
25873 11998 37871
35266 15982 51248
48345 20520 68865
38500 22103 60603
41992 19509 61501
11125 5058 16183
41211 19736 60947
75313 30677 105990
55456 24273 79729
61356 27817 89173
55194 25039 80233
24280 11290 35570
12325 5547 17872
35277 15822 51099
38841 18218 57059
65023 30247 95270
31109 12815 43924
22817 10357 33174
33761 15713 49474
9431 4292 13723
17626 8302 25928
27449 12403 39852
38263 16332 54595
24011 9677 33688
98412 40874 139286
31093 14120 45213
26150 11818 37968
42069 19138 61207
30205 14161 44366
9421 4359 13780
34205 13312 47517
27288 13777 41065
16365 6671 23036
35950 16398 52348
60132 26984 87116
22495 9877 32372
23434 12980 36414
51505 21853 73358
40130 19960 60090
6730 2968 9698
70539 31250 101789
36352 15527 51879
7940 3474 11414
4909 2528 7437
24859 10681 35540
7921 3474 11395
20363 9104 29467
25571 12627 38198
23675 10103 33778
43237 19968 63205
7360 2848 10208
17054 7448 24502
23168 10778 33946
86177 39822 125999
37167 16517 53684
33815 15288 49103
35428 15419 50847
52791 25688 78479
43876 20755 64631
34800 14720 49520
21546 9874 31420
32326 13789 46115
10610 4643 15253
23230 10813 34043
18970 8251 27221
8750 3859 12609
7377 3263 10640
10567 4505 15072
33571 17030 50601
36744 15757 52501
15019 6582 21601
23604 10936 34540
38323 17519 55842
20781 8664 29445
35647 15837 51484
55172 24002 79174
8398 3750 12148
16007 6836 22843
48812 22112 70924
15850 6925 22775
61064 30967 92031
51823 23494 75317
17954 8834 26788
25576 11640 37216
88270 40223 128493
34713 15867 50580
53129 26365 79494
26310 12120 38430
28573 13531 42104
24529 10513 35042
9990 4478 14468
22764 10321 33085
49576 22041 71617
36932 16671 53603
45102 20545 65647
18322 8416 26738
32977 15668 48645
10514 4424 14938
16403 7648 24051
17277 7472 24749
15794 5187 20981
19490 9848 29338
52942 26035 78977
35571 16270 51841
24450 10313 34763
11359 5124 16483
38188 17386 55574
12162 5416 17578
22035 9666 31701
26564 11714 38278
18066 7822 25888
16102 6851 22953
11550 5708 17258
15000 6539 21539
24311 10777 35088
18063 8361 26424
38360 16388 54748
13584 5606 19190
24778 11471 36249
35994 14659 50653
43871 19719 63590
30783 11720 42503
48504 23029 71533
17836 8238 26074
82518 31398 113916
58290 24910 83200
32746 15461 48207
20479 9439 29918
44612 19575 64187
23502 11090 34592
37970 16740 54710
12469 6947 19416
27113 13170 40283
28216 13515 41731
20548 8643 29191
54909 23586 78495
78591 36330 114921
20085 8728 28813
47812 22553 70365
25680 11618 37298
10501 4854 15355
22169 11603 33772
51977 25501 77478
39968 17378 57346
24321 11390 35711
24528 10940 35468
65596 33587 99183
40718 18818 59536
19985 8758 28743
26810 13398 40208
42984 17953 60937
40910 19147 60057
73086 36941 110027
30359 9186 39545
18156 7386 25542
8741 4653 13394
17994 7994 25988
26583 11909 38492
26695 11017 37712
41792 21975 63767
26284 12538 38822
13527 5568 19095
42460 25076 67536
23961 10208 34169
6619 3408 10027
36836 17143 53979
91307 42776 134083
34669 15653 50322
13119 6167 19286
39086 17854 56940
41724 16278 58002
10957 4939 15896
43163 19850 63013
22077 9576 31653
27186 13064 40250
85557 37387 122944
17615 8745 26360
48532 20791 69323
16120 7385 23505
10178 4216 14394
36439 15265 51704
38773 18499 57272
45452 20993 66445
50178 23425 73603
41162 18428 59590
52464 25299 77763
31400 13269 44669
49814 26432 76246
17773 7375 25148
14850 6577 21427
33099 14664 47763
85492 39053 124545
79332 36744 116076
35472 15877 51349
24964 11766 36730
16969 7970 24939
22795 9397 32192
72237 32519 104756
44531 22147 66678
31370 12745 44115
32331 15431 47762
39049 18724 57773
27172 13003 40175
38472 17816 56288
26180 12974 39154
18040 7376 25416
45913 20742 66655
40560 16541 57101
50273 21803 72076
9362 4198 13560
31747 15015 46762
22267 9842 32109
29365 13080 42445
12092 6075 18167
49558 24222 73780
28790 13124 41914
8864 3543 12407
91046 43171 134217
81999 37597 119596
40722 18543 59265
34640 16533 51173
21116 9345 30461
26000 14225 40225
27228 12482 39710
41424 18200 59624
50562 26267 76829
48364 22304 70668
75809 32762 108571
23159 9607 32766
73101 34427 107528
20523 8370 28893
26863 14648 41511
9504 4255 13759
26625 11339 37964
63502 29759 93261
19858 8679 28537
8136 3686 11822
