23466 30150 53616
13671 16228 29899
27683 36973 64656
32199 38854 71053
27155 34827 61982
24648 32733 57381
15495 20563 36058
11848 15129 26977
18797 22616 41413
38556 49840 88396
11129 14482 25611
34769 42694 77463
36226 46200 82426
24610 31694 56304
11888 14255 26143
19155 23583 42738
42477 53989 96466
13292 16385 29677
26868 36263 63131
41094 49928 91022
49829 70035 119864
21866 27033 48899
16526 20709 37235
11778 15255 27033
19888 26942 46830
30191 40091 70282
8345 10303 18648
7361 9317 16678
7941 10190 18131
29706 37799 67505
35783 43011 78794
19848 25157 45005
37835 43965 81800
25071 33578 58649
24829 33228 58057
20583 27024 47607
33384 42171 75555
13726 16346 30072
32154 40258 72412
28205 36313 64518
6167 8021 14188
24360 32381 56741
19599 27026 46625
19899 25604 45503
6574 8803 15377
12350 15884 28234
38671 50284 88955
9162 11670 20832
25699 34224 59923
22527 30901 53428
11019 13774 24793
43704 57576 101280
11086 14353 25439
12929 16538 29467
19646 24098 43744
9117 11370 20487
63457 81158 144615
54086 67505 121591
42146 55417 97563
32953 41667 74620
9874 11276 21150
33435 39643 73078
8388 9975 18363
19560 22877 42437
14958 18583 33541
5937 7285 13222
8895 11843 20738
74227 91460 165687
12288 15301 27589
7081 9010 16091
8658 10550 19208
5077 6449 11526
35342 42679 78021
78633 96239 174872
20830 25875 46705
20239 23905 44144
26580 33720 60300
35990 44101 80091
33194 41757 74951
31943 39581 71524
9605 12547 22152
32598 41650 74248
51767 66238 118005
42406 50188 92594
43599 57132 100731
43829 52473 96302
19461 23709 43170
10386 13475 23861
25593 32537 58130
32377 40628 73005
50200 64902 115102
23617 30031 53648
16935 20638 37573
26142 34498 60640
6769 8856 15625
14915 18350 33265
16999 22216 39215
28797 34861 63658
16524 19204 35728
68819 81441 150260
23747 30537 54284
21213 26656 47869
32699 39321 72020
21192 28864 50056
7400 9098 16498
24189 31385 55574
20089 27368 47457
11827 14682 26509
24433 31699 56132
44961 60643 105604
16578 19827 36405
19837 23533 43370
39338 51375 90713
32848 43945 76793
4604 6320 10924
48287 60288 108575
28257 35763 64020
6730 8273 15003
4030 5664 9694
17889 21146 39035
5941 7701 13642
11762 14804 26566
19682 25377 45059
17534 21344 38878
33862 39414 73276
4771 6325 11096
12978 16772 29750
16653 18938 35591
71705 91353 163058
30522 36723 67245
26282 33614 59896
29371 37049 66420
42188 50688 92876
34538 44343 78881
24549 30965 55514
17192 21257 38449
25979 32265 58244
7799 9552 17351
19554 26414 45968
14316 16980 31296
7023 8835 15858
5050 9105 14155
9247 11211 20458
25482 33966 59448
28417 36052 64469
11083 14588 25671
19791 25866 45657
28477 36867 65344
17595 21047 38642
25420 32551 57971
43656 50673 94329
6459 7919 14378
13356 16634 29990
39750 47676 87426
10750 13895 24645
48065 66650 114715
40058 49249 89307
14048 18007 32055
21672 27242 48914
65353 82737 148090
24665 31241 55906
41576 51795 93371
18398 23548 41946
21386 29062 50448
19118 22663 41781
7784 9919 17703
16548 20017 36565
35962 48903 84865
24548 30982 55530
32111 39635 71746
13827 17108 30935
23068 31304 54372
8217 10582 18799
11339 15075 26414
10919 13679 24598
6506 8507 15013
14162 16084 30246
38406 48531 86937
24918 32899 57817
17623 21267 38890
8919 10998 19917
30309 39616 69925
8553 11214 19767
16441 19999 36440
21433 26524 47957
13314 17020 30334
10935 14022 24957
8834 12171 21005
10441 13541 23982
19509 24429 43938
13448 17041 30489
25340 34820 60160
10041 12880 22921
19332 25179 44511
25695 33813 59508
32432 39111 71543
20452 26168 46620
37434 45557 82991
13340 16775 30115
51197 65071 116268
39216 48289 87505
22219 30267 52486
14760 18471 33231
31716 39658 71374
17077 21865 38942
23930 30599 54529
8467 10291 18758
17768 24128 41896
21912 29429 51341
14849 17764 32613
39717 49697 89414
56376 71946 128322
15104 19266 34370
36244 43288 79532
20008 25483 45491
7013 8936 15949
16480 20757 37237
41327 46308 87635
27490 36247 63737
19727 21518 41245
19545 24344 43889
43958 56229 100187
30655 38482 69137
16369 19975 36344
20584 27164 47748
35270 43808 79078
30224 39064 69288
55538 76118 131656
13897 17579 31476
12040 15679 27719
9526 6762 16288
11935 15207 27142
19302 23393 42695
19772 24223 43995
34361 44630 78991
19558 25238 44796
10529 12966 23495
31931 40005 71936
19302 23338 42640
5062 6905 11967
27445 37556 65001
68084 86527 154611
25418 33687 59105
9367 13056 22423
30274 36535 66809
30165 37646 67811
7944 9810 17754
32938 40680 73618
16997 20315 37312
22261 25953 48214
63038 77328 140366
11902 16075 27977
33420 43591 77011
11759 14922 26681
6386 8240 14626
30533 36875 67408
29784 37618 67402
36031 45255 81286
41403 50368 91771
32430 40625 73055
43321 56643 99964
21492 26888 48380
42330 55136 97466
15310 17665 32975
12472 15160 27632
31391 40808 72199
73095 83503 156598
65449 79863 145312
22187 28747 50934
26166 27937 54103
16474 22832 39306
17336 20428 37764
53281 77123 130404
47537 46976 94513
18457 24841 43298
26180 35764 61944
30949 40219 71168
20535 27336 47871
29612 37718 67330
20401 25881 46282
13926 19861 33787
38645 44727 83372
24035 29890 53925
48082 49482 97564
6658 8205 14863
25167 32933 58100
16341 19782 36123
23214 32436 55650
8412 11689 20101
38786 49578 88364
21610 27216 48826
7380 8328 15708
66568 86914 153482
55690 73000 128690
32097 39866 71963
24465 31842 56307
16727 21468 38195
18442 23983 42425
21182 27013 48195
30575 37222 67797
40029 51864 91893
35374 43355 78729
52948 69103 122051
20267 23593 43860
59235 81896 141131
13729 19234 32963
21334 30052 51386
6773 8428 15201
19336 24626 43962
47047 62900 109947
14364 17699 32063
6027 8303 14330
