5454 72636 78090
3176 43951 47127
6687 86910 93597
7266 90357 97623
6356 81472 87828
5781 72915 78696
3808 53609 57417
2833 37666 40499
4801 61460 66261
8801 122938 131739
3036 39307 42343
7302 94274 101576
9094 138552 147646
6075 75455 81530
2523 35781 38304
4657 61286 65943
10019 129744 139763
2814 41224 44038
6086 84125 90211
10272 133143 143415
12373 161627 174000
5396 68427 73823
3465 52605 56070
3904 42772 46676
5358 69529 74887
6239 81046 87285
1847 26252 28099
1902 22918 24820
2174 23789 25963
6742 79244 85986
8260 98432 106692
5026 62456 67482
8264 99750 108014
5841 79121 84962
5293 71945 77238
5573 74797 80370
6957 88900 95857
3234 44125 47359
6384 88987 95371
6563 84335 90898
1213 18291 19504
5880 80547 86427
5237 59118 64355
5338 66928 72266
1453 19867 21320
2536 35434 37970
8636 121440 130076
2321 29231 31552
5685 71948 77633
5912 78651 84563
2431 32376 34807
11406 141708 153114
2586 33660 36246
2741 40127 42868
4177 54894 59071
2700 29089 31789
13519 180487 194006
12880 161724 174604
12695 134686 147381
7278 106853 114131
1990 29200 31190
6839 90430 97269
1980 27395 29375
4100 55784 59884
3094 49777 52871
1234 17106 18340
2023 29930 31953
15486 203050 218536
2396 34275 36671
1334 21989 23323
1856 24278 26134
1906 15862 17768
8109 95068 103177
16031 203048 219079
4811 57848 62659
4890 62405 67295
6304 81017 87321
8259 108672 116931
7486 96916 104402
7623 101665 109288
3161 33383 36544
7312 99986 107298
14039 149761 163800
9492 121217 130709
10421 141426 151847
10275 129903 140178
4329 58101 62430
2683 35412 38095
6157 77881 84038
7333 96942 104275
12340 160925 173265
5626 75850 81476
3783 49712 53495
5342 75415 80757
1517 24856 26373
2894 43689 46583
4001 54540 58541
6067 75273 81340
3888 51933 55821
15076 178866 193942
5068 69916 74984
5534 70830 76364
6580 83489 90069
5592 76100 81692
1507 23317 24824
5542 73492 79034
5343 73931 79274
2480 32697 35177
5795 81110 86905
10098 134781 144879
3844 48057 51901
4181 54562 58743
9935 116343 126278
7345 99090 106435
1840 15504 17344
11353 140253 151606
6430 85816 92246
1354 19586 20940
905 13837 14742
4071 51432 55503
2008 18218 20226
2829 39893 42722
4105 58248 62353
3673 48830 52503
6753 84742 91495
1325 17197 18522
3051 39714 42765
3743 47730 51473
16194 220403 236597
6554 84759 91313
5319 72322 77641
6477 87323 93800
9787 128852 138639
6900 94712 101612
5412 70630 76042
3536 53249 56785
5216 69337 74553
1726 25881 27607
4254 57682 61936
2899 40655 43554
1482 22210 23692
1570 15925 17495
1795 26919 28714
5496 82213 87709
6038 83563 89601
2737 37369 40106
4351 59041 63392
6679 91462 98141
3475 48689 52164
6440 82274 88714
10076 120408 130484
1365 21720 23085
2765 37853 40618
7965 100883 108848
3401 33197 36598
11176 147759 158935
8965 131786 140751
3083 43970 47053
5290 62917 68207
14149 176362 190511
5398 71704 77102
9413 121732 131145
4895 63310 68205
5652 73373 79025
4339 56590 60929
1682 25080 26762
3404 46799 50203
8654 105513 114167
6218 79765 85983
7015 91070 98085
3094 43449 46543
6204 86347 92551
1771 26243 28014
2535 34458 36993
2737 33882 36619
1269 19319 20588
2751 38896 41647
8846 116621 125467
5499 75280 80779
4251 57195 61446
1801 25471 27272
7198 99778 106976
2013 28146 30159
3887 54439 58326
5242 69330 74572
3097 44246 47343
2622 38182 40804
2155 31406 33561
2694 35975 38669
4732 63999 68731
3526 46844 50370
5852 77808 83660
2400 33529 35929
4931 63725 68656
6514 85198 91712
7939 107059 114998
5135 59056 64191
8037 107199 115236
2646 42625 45271
12696 162569 175265
8947 108547 117494
5802 78649 84451
3137 42096 45233
7111 91137 98248
3635 57133 60768
6247 80396 86643
2180 25433 27613
4444 64741 69185
6136 69091 75227
3622 45585 49207
9853 129283 139136
15686 174554 190240
3426 47977 51403
8835 108511 117346
4171 55292 59463
1582 24805 26387
3643 54946 58589
9349 122087 131436
6544 88990 95534
4479 59996 64475
4515 65428 69943
11414 131815 143229
6487 89196 95683
3938 55359 59297
5412 69333 74745
8446 104296 112742
6872 89929 96801
13445 176976 190421
2995 42391 45386
2496 38857 41353
1739 16777 18516
2699 38009 40708
4140 54119 58259
4973 65869 70842
8132 107083 115215
5468 71995 77463
2611 37292 39903
7181 98009 105190
4527 59912 64439
1071 19509 20580
7379 93378 100757
17212 264603 281815
5829 73314 79143
3136 34798 37934
7834 92270 100104
6386 82622 89008
1891 27425 29316
8192 104762 112954
3561 45418 48979
5566 71536 77102
14736 184074 198810
2688 37200 39888
7868 109830 117698
2599 35679 38278
1636 28512 30148
7645 79400 87045
6383 91933 98316
10723 101516 112239
9971 131190 141161
7009 95630 102639
10945 135702 146647
5848 73135 78983
9809 146756 156565
2793 38732 41525
2393 41142 43535
6626 84396 91022
15108 187196 202304
14725 181640 196365
5689 72528 78217
5585 64918 70503
3107 47251 50358
4098 51102 55200
11857 147721 159578
8058 105632 113690
5177 64809 69986
6463 76256 82719
6658 85093 91751
5162 67408 72570
6002 76152 82154
4893 68563 73456
2753 36988 39741
8067 100998 109065
5484 71460 76944
8467 107015 115482
1415 20825 22240
5976 85140 91116
3698 48241 51939
5498 72386 77884
2024 28082 30106
9029 118095 127124
5556 63273 68829
1284 22280 23564
16454 214625 231079
12958 165411 178369
6889 84205 91094
6104 90035 96139
3717 50936 54653
4773 58984 63757
5398 69428 74826
6869 88094 94963
11555 136474 148029
7221 93272 100493
13347 161169 174516
4539 58306 62845
13372 160332 173704
2975 41588 44563
5067 64457 69524
1797 22665 24462
4818 69023 73841
12414 160530 172944
3287 47251 50538
1711 21490 23201
