2841 69835 72676
1638 41789 43427
4258 89971 94229
4748 93989 98737
3522 80981 84503
4404 83521 87925
2857 56320 59177
2234 37479 39713
2978 58688 61666
5129 126047 131176
1337 37456 38793
4084 100224 104308
4859 123836 128695
2839 69853 72692
1373 39672 41045
2429 61551 63980
5389 119092 124481
1660 46193 47853
3549 86510 90059
5507 134627 140134
6630 162306 168936
2679 69063 71742
1987 53071 55058
1515 42116 43631
2420 68486 70906
3976 95586 99562
1510 37169 38679
900 23050 23950
975 26945 27920
3815 97662 101477
4679 104977 109656
2575 60057 62632
4593 105122 109715
3295 82905 86200
3105 76003 79108
2655 69150 71805
4342 103158 107500
1603 41431 43034
3791 96499 100290
3527 78815 82342
1086 19239 20325
3422 84256 87678
2249 61945 64194
2750 69044 71794
2316 20766 23082
1499 40256 41755
4493 113000 117493
2209 31472 33681
3378 83852 87230
2778 72294 75072
1284 32853 34137
6199 149505 155704
1974 34148 36122
1596 43623 45219
2512 61310 63822
1495 27836 29331
8203 196574 204777
7489 169577 177066
5796 143105 148901
4341 105320 109661
2070 29352 31422
4422 98075 102497
1434 26644 28078
2354 54520 56874
1832 52354 54186
2469 18002 20471
1100 31020 32120
9844 217506 227350
1421 39258 40679
934 23827 24761
1058 28763 29821
610 16505 17115
4442 107376 111818
9226 212622 221848
2416 60167 62583
2709 65381 68090
3168 75473 78641
4445 102856 107301
3807 91218 95025
4376 103478 107854
1065 29986 31051
4181 104722 108903
7156 166810 173966
5273 126001 131274
5507 136965 142472
5500 130816 136316
2517 56208 58725
1207 35435 36642
3205 78849 82054
4213 102336 106549
6013 141597 147610
3011 73672 76683
2088 53783 55871
3446 86995 90441
2798 23777 26575
1812 48680 50492
2207 55696 57903
3729 87858 91587
1998 49548 51546
8955 207726 216681
2741 70673 73414
2596 67497 70093
4098 98336 102434
2646 70007 72653
976 23349 24325
2945 70098 73043
2719 76990 79709
1351 34805 36156
3148 78034 81182
5828 153227 159055
2114 51026 53140
2436 55515 57951
5005 119355 124360
4136 103114 107250
2146 15843 17989
5878 141310 147188
3603 89616 93219
1418 19622 21040
505 14340 14845
2332 58438 60770
1067 18743 19810
1506 39233 40739
2279 60690 62969
2191 54433 56624
4007 91063 95070
2329 16856 19185
1486 40492 41978
2210 48529 50739
8746 204089 212835
3942 87856 91798
3012 77628 80640
3742 91450 95192
5283 122153 127436
4359 109651 114010
3159 74022 77181
1997 55217 57214
3108 76941 80049
1027 25190 26217
2685 64826 67511
1721 43021 44742
817 21600 22417
639 18449 19088
1199 30195 31394
3080 78837 81917
3820 96346 100166
1302 35147 36449
2681 61803 64484
3581 87991 91572
2111 57168 59279
3515 83472 86987
5228 115201 120429
1351 23512 24863
1808 41969 43777
4654 105892 110546
1681 38812 40493
6335 150532 156867
5380 144628 150008
2289 43202 45491
2587 64570 67157
7852 179892 187744
3336 83895 87231
5443 126159 131602
2539 60303 62842
2719 73953 76672
2376 57627 60003
943 24411 25354
1924 54857 56781
4552 100771 105323
3357 81008 84365
4236 104715 108951
1552 40636 42188
3114 83402 86516
1004 28092 29096
1346 37025 38371
1525 37692 39217
774 22582 23356
1661 43249 44910
5190 118131 123321
3526 87513 91039
2283 59332 61615
1240 28440 29680
4168 101892 106060
1155 32194 33349
2818 56428 59246
2814 72418 75232
1938 47059 48997
1445 39765 41210
1158 35474 36632
1418 34240 35658
2571 66746 69317
1617 42881 44498
3491 89019 92510
1260 35485 36745
2623 66963 69586
3487 79790 83277
4437 103634 108071
2570 67343 69913
5045 120642 125687
1544 39106 40650
6764 164438 171202
4910 111075 115985
2840 71907 74747
1755 44846 46601
3749 85539 89288
2019 56818 58837
3247 80862 84109
1238 27070 28308
2601 60646 63247
2604 67690 70294
1854 49332 51186
5033 122736 127769
7293 165892 173185
1783 48926 50709
4955 112478 117433
2390 58319 60709
1935 23129 25064
2055 52197 54252
4866 111624 116490
3484 81641 85125
2323 54859 57182
2387 57650 60037
6108 147431 153539
3940 92749 96689
1966 50060 52026
2519 64219 66738
4135 103438 107573
3679 93504 97183
7283 181629 188912
1706 43860 45566
1475 41080 42555
595 19635 20230
1439 38319 39758
2417 62186 64603
2646 62780 65426
4455 113788 118243
2552 72615 75167
1749 36749 38498
4140 110347 114487
2730 66630 69360
629 19101 19730
3700 99269 102969
9786 200928 210714
3417 84973 88390
1192 35182 36374
3736 90421 94157
4135 93481 97616
995 30449 31444
4276 111152 115428
2141 53410 55551
2686 71909 74595
8679 173446 182125
1452 43325 44777
4259 102443 106702
1451 39368 40819
796 20781 21577
4039 92238 96277
3714 103956 107670
5014 113244 118258
5419 121342 126761
4604 106890 111494
5812 149912 155724
3255 65763 69018
5020 163894 168914
1596 41811 43407
1362 38159 39521
3531 89116 92647
8770 179191 187961
7334 172355 179689
3103 79555 82658
2621 64916 67537
1906 52018 53924
2728 54588 57316
8427 161941 170368
5012 111501 116513
3828 68924 72752
3607 95825 99432
4333 110134 114467
2659 61959 64618
4012 93387 97399
2746 70563 73309
1663 42073 43736
4303 106975 111278
3415 87661 91076
5165 125492 130657
1080 25696 26776
3279 92246 95525
2227 51854 54081
3401 82322 85723
1660 35616 37276
4954 130562 135516
2799 77943 80742
1132 23154 24286
9372 221858 231230
8869 191051 199920
5080 118807 123887
3575 90304 93879
2318 60511 62829
2602 62638 65240
2508 69250 71758
4235 91965 96200
6737 219120 225857
5111 99142 104253
8949 175353 184302
2778 66751 69529
8882 188253 197135
2332 52143 54475
2909 74346 77255
1475 27993 29468
2744 64354 67098
6306 154328 160634
1776 46853 48629
1014 22801 23815
