35044 4837 39881
18317 2401 20718
41488 5660 47148
41800 5668 47468
39677 5540 45217
33641 4804 38445
23592 3165 26757
17103 2314 19417
25783 3479 29262
53227 7940 61167
15537 2034 17571
47264 6617 53881
51250 7600 58850
37574 5005 42579
16934 2121 19055
26475 3468 29943
58419 8089 66508
24422 3148 27570
39755 5535 45290
58765 8718 67483
74143 11432 85575
32585 4586 37171
29125 3398 32523
18692 2908 21600
38144 5531 43675
47410 7034 54444
13103 1903 15006
12282 1629 13911
11468 1680 13148
43767 6374 50141
48952 6745 55697
27528 3524 31052
54270 7535 61805
34504 4850 39354
35783 4760 40543
33330 4547 37877
43505 6183 49688
20957 2828 23785
43982 5918 49900
40466 5811 46277
8292 1036 9328
33892 4970 38862
29729 4236 33965
30803 4014 34817
9505 1349 10854
18356 2541 20897
51222 7629 58851
15237 1934 17171
37101 4961 42062
36335 5134 41469
15133 1953 17086
65646 9323 74969
17050 2202 19252
18673 2388 21061
28271 3677 31948
12151 1528 13679
87282 12982 100264
81561 12186 93747
61266 8873 70139
46939 6816 53755
13311 1895 15206
44320 5864 50184
12629 1668 14297
25643 3309 28952
21032 3567 24599
8377 1158 9535
11896 1643 13539
107811 15055 122866
16951 2241 19192
10095 1354 11449
11595 1438 13033
7319 1079 8398
50545 7180 57725
114542 15126 129668
31196 4101 35297
27591 3631 31222
38950 5462 44412
51774 7940 59714
44227 6281 50508
43720 6292 50012
13654 1902 15556
44656 6671 51327
76918 11442 88360
58457 8174 66631
64854 9889 74743
58783 8718 67501
26948 3548 30496
14668 1925 16593
39856 5439 45295
42698 6034 48732
75019 10734 85753
32622 4352 36974
23996 3186 27182
36112 5157 41269
10787 1311 12098
20575 2807 23382
23689 3132 26821
42414 5322 47736
22602 2790 25392
98138 13954 112092
35226 5131 40357
32248 4597 36845
44143 6198 50341
33579 5076 38655
10586 1390 11976
35837 5142 40979
32953 4761 37714
17175 2365 19540
37307 5431 42738
63812 10362 74174
28196 3534 31730
26347 3496 29843
61771 7876 69647
47352 7812 55164
7057 1076 8133
70767 10817 81584
41134 5865 46999
8858 1126 9984
5149 752 5901
27296 3611 30907
8635 1291 9926
19529 2454 21983
26035 3786 29821
23975 3210 27185
46988 6465 53453
7366 916 8282
17933 2432 20365
25289 3347 28636
108041 14970 123011
42744 5896 48640
34769 4971 39740
37795 5567 43362
56903 8170 65073
46733 7296 54029
35191 5038 40229
23896 3276 27172
35301 5057 40358
10552 1371 11923
26015 3770 29785
20512 2933 23445
9736 1350 11086
7197 1020 8217
12701 1705 14406
37291 5481 42772
41509 6308 47817
15254 1981 17235
27719 4144 31863
38218 5836 44054
24184 3305 27489
39739 5597 45336
56636 7976 64612
9031 1139 10170
19017 2622 21639
51345 7339 58684
17172 2358 19530
64160 10508 74668
58208 8671 66879
18935 2519 21454
31335 5407 36742
87770 13098 100868
37513 5529 43042
58832 8762 67594
28566 4008 32574
32310 4782 37092
28860 4237 33097
10248 1358 11606
22321 3089 25410
50201 7270 57471
36249 4871 41120
46533 6248 52781
19798 2711 22509
36895 5560 42455
11691 1485 13176
15911 2091 18002
17169 2012 19181
9397 1278 10675
18704 2441 21145
49158 7268 56426
36339 5165 41504
26369 3553 29922
12506 1741 14247
41748 5937 47685
12386 1681 14067
22174 2994 25168
33367 4584 37951
18841 2892 21733
16545 2169 18714
14462 2065 16527
16571 2291 18862
27932 3844 31776
19898 2929 22827
38437 5672 44109
15305 2077 17382
26736 4533 31269
40845 5959 46804
46087 6435 52522
30057 3813 33870
54412 7923 62335
18189 2356 20545
82276 11533 93809
54273 8239 62512
35434 5354 40788
20331 2660 22991
42241 5802 48043
23535 3385 26920
36619 5059 41678
11547 1663 13210
27383 4244 31627
31803 4469 36272
20829 2762 23591
58172 9503 67675
82626 12894 95520
20493 2769 23262
54919 7414 62333
27367 3893 31260
12092 1324 13416
23570 3110 26680
52838 7782 60620
38518 5523 44041
27776 3631 31407
27052 3575 30627
62540 9660 72200
42941 6358 49299
23882 3205 27087
29084 4146 33230
48511 6878 55389
49189 7385 56574
83467 12615 96082
21572 2995 24567
16607 2429 19036
8181 1164 9345
19210 2896 22106
24843 3389 28232
31906 5092 36998
52047 7410 59457
30475 4346 34821
17685 2240 19925
47146 7137 54283
27365 3820 31185
7684 1123 8807
41076 6047 47123
100799 15406 116205
34851 5003 39854
15447 2210 17657
42116 6088 48204
42375 6321 48696
11997 1687 13684
45745 6465 52210
23572 3151 26723
29983 4080 34063
91954 14146 106100
18199 2667 20866
50955 8156 59111
16909 2099 19008
9518 1280 10798
40251 5504 45755
43023 7471 50494
47916 6769 54685
61705 9193 70898
46111 6397 52508
68252 9924 78176
37787 5505 43292
54844 8792 63636
19982 2590 22572
16534 2244 18778
41454 6002 47456
96910 14248 111158
88283 13057 101340
35704 5008 40712
27481 3673 31154
18006 2616 20622
24897 3429 28326
82283 11820 94103
52059 8145 60204
28851 3778 32629
43445 5838 49283
43492 6217 49709
30155 4460 34615
43335 5969 49304
27540 4346 31886
20022 2902 22924
50163 7229 57392
37782 6052 43834
60410 8377 68787
10259 1372 11631
53232 5590 58822
25365 3785 29150
35838 5152 40990
12356 1780 14136
60398 8996 69394
31030 4196 35226
9087 1183 10270
96353 14421 110774
84215 18115 102330
45117 6486 51603
37114 5200 42314
24056 3332 27388
30671 4092 34763
29944 3998 33942
46650 6454 53104
57770 9324 67094
50159 6767 56926
83421 11897 95318
27327 3582 30909
87919 12323 100242
18393 2368 20761
32728 4767 37495
10004 1452 11456
32806 4832 37638
71024 11042 82066
21252 2967 24219
8417 1118 9535
