15304 45202 60506
8532 27136 35668
17735 54593 72328
19724 60661 80385
18049 53949 71998
18606 54048 72654
11045 35776 46821
8252 25062 33314
13097 36510 49607
24487 84209 108696
7620 23734 31354
22978 67938 90916
24622 76728 101350
16903 51234 68137
8223 25328 33551
12886 40761 53647
31447 89003 120450
9702 30910 40612
18494 60754 79248
28989 79198 108187
33769 110407 144176
14872 45144 60016
11020 34134 45154
8923 27263 36186
14062 40478 54540
19343 62059 81402
5743 18154 23897
4928 15456 20384
5237 16663 21900
19473 63300 82773
27120 71783 98903
13909 41801 55710
24735 70518 95253
17127 53435 70562
18351 53892 72243
14233 44684 58917
22881 66761 89642
9782 29518 39300
21992 66246 88238
19765 59002 78767
4069 13198 17267
17857 55180 73037
12526 48445 60971
15830 43703 59533
3929 13248 17177
8795 26443 35238
27787 84777 112564
7211 22332 29543
16590 50293 66883
17021 52175 69196
7290 21187 28477
32737 106547 139284
7878 24962 32840
9735 29108 38843
14244 42133 56377
6488 19222 25710
44886 138313 183199
40492 124770 165262
28095 82841 110936
22744 69126 91870
6003 18894 24897
23039 64866 87905
5869 18511 24380
13612 39166 52778
10316 33214 43530
3815 12466 16281
6375 20248 26623
46715 134583 181298
8456 25676 34132
4276 14092 18368
5105 16519 21624
3499 11495 14994
24935 71123 96058
51278 155915 207193
13454 38262 51716
13694 42620 56314
18490 55523 74013
23762 68932 92694
22544 67333 89877
20654 65261 85915
6601 20772 27373
24274 68952 93226
34335 101195 135530
26070 76436 102506
30702 97402 128104
28813 81139 109952
13917 40816 54733
6318 20021 26339
17094 51018 68112
21343 66907 88250
34215 96395 130610
15037 45184 60221
11178 33559 44737
17950 57957 75907
4691 16281 20972
8927 27690 36617
11558 33434 44992
17907 60135 78042
11943 31334 43277
44074 129251 173325
14862 45809 60671
14039 41863 55902
21305 65280 86585
15500 49767 65267
4388 14036 18424
16723 47565 64288
14469 49590 64059
7571 23599 31170
17296 53249 70545
29567 89487 119054
11073 31751 42824
13880 48307 62187
25312 79069 104381
22722 71363 94085
3247 9783 13030
32916 94720 127636
19339 60340 79679
4090 12488 16578
2515 9525 12040
11774 35756 47530
3583 11551 15134
8093 24562 32655
13845 42958 56803
11936 36007 47943
22023 61167 83190
3430 12193 15623
9220 29978 39198
12302 36033 48335
46987 145154 192141
23732 69972 93704
17836 59107 76943
18219 54944 73163
28033 80016 108049
21381 65489 86870
17829 53558 71387
10404 31751 42155
17649 52724 70373
5189 15546 20735
13116 43353 56469
8922 27135 36057
4548 14786 19334
3696 11968 15664
6049 19000 25049
17358 55034 72392
20050 62574 82624
7134 21626 28760
13373 43306 56679
20826 61825 82651
11410 35269 46679
17569 52680 70249
30624 84338 114962
4213 13487 17700
9136 28241 37377
25684 76112 101796
7269 21748 29017
32056 104950 137006
29609 90669 120278
8229 27398 35627
14369 44284 58653
42026 130882 172908
18066 54041 72107
30308 89273 119581
13002 38134 51136
14621 47504 62125
14471 40921 55392
5235 16572 21807
11257 34708 45965
22971 65499 88470
17627 53228 70855
22199 67472 89671
8491 25482 33973
16623 54720 71343
5450 16305 21755
7790 24786 32576
8250 24050 32300
4407 14261 18668
9292 28585 37877
25680 77341 103021
16571 51950 68521
12247 37340 49587
5508 16933 22441
20686 64168 84854
6262 18732 24994
10474 32657 43131
14813 45545 60358
8826 26475 35301
8139 25452 33591
6460 21809 28269
7500 23993 31493
14061 40866 54927
9280 30676 39956
18405 59961 78366
7458 23108 30566
13291 50321 63612
19869 57349 77218
22538 68752 91290
13587 40174 53761
25499 74371 99870
8864 28158 37022
38378 111874 150252
29872 79038 108910
15315 53605 68920
10560 32685 43245
21310 60197 81507
11420 37433 48853
16948 52481 69429
6109 19458 25567
14345 44859 59204
14199 52557 66756
10412 32271 42683
27331 95009 122340
39835 122380 162215
10309 32155 42464
25194 73788 98982
13449 36948 50397
5266 16416 21682
10587 37549 48136
27177 83137 110314
19438 58218 77656
13037 39128 52165
14153 41335 55488
31681 94172 125853
21438 60735 82173
11772 36323 48095
14432 46310 60742
23980 69400 93380
22397 68910 91307
43617 124303 167920
9418 33290 42708
8390 26127 34517
3556 11005 14561
8853 27435 36288
13782 39822 53604
13839 43491 57330
22044 68968 91012
14237 45611 59848
7829 23437 31266
20771 66286 87057
13458 40030 53488
3573 12371 15944
18136 58887 77023
47272 148895 196167
17736 54484 72220
6583 20810 27393
21004 63006 84010
20664 61361 82025
5344 16713 22057
25081 74058 99139
10988 31408 42396
15459 41513 56972
42872 122669 165541
7672 25625 33297
24094 79046 103140
8387 25902 34289
4495 14463 18958
20836 62669 83505
20404 63464 83868
23433 70218 93651
32295 90820 123115
22189 64675 86864
31588 99225 130813
15807 47028 62835
28496 105735 134231
9351 29450 38801
7504 23248 30752
19761 56865 76626
46942 136805 183747
42572 127949 170521
16801 50143 66944
13988 43302 57290
9236 30105 39341
11409 58108 69517
37541 113466 151007
26000 82881 108881
14690 44326 59016
18442 57942 76384
22306 67893 90199
14374 46202 60576
19976 62192 82168
13216 44650 57866
9368 29238 38606
26489 71794 98283
18225 57197 75422
28058 84032 112090
4870 15665 20535
18286 58907 77193
11531 36234 47765
17051 55541 72592
6063 21615 27678
27575 78374 105949
16669 49408 66077
4674 14617 19291
48940 157019 205959
42370 129224 171594
20795 59555 80350
18300 57847 76147
11139 34438 45577
14054 43657 57711
13587 39969 53556
22266 66896 89162
27225 86059 113284
23407 71022 94429
37802 111467 149269
13480 40393 53873
40221 119550 159771
8391 24921 33312
15076 47385 62461
4540 14098 18638
14463 43997 58460
32561 96132 128693
10227 31651 41878
4117 13585 17702
