13164 56424 69588
7074 32706 39780
15220 71446 86666
16921 72459 89380
13972 60054 74026
13107 56031 69138
8284 37098 45382
6170 25780 31950
10505 40532 51037
22234 91212 113446
5517 24832 30349
18644 71057 89701
21375 82449 103824
13912 59994 73906
6139 27944 34083
10938 45664 56602
22590 88059 110649
7788 35007 42795
14174 60208 74382
23779 99404 123183
27540 115746 143286
12535 50618 63153
9263 39961 49224
6312 29287 35599
11255 48016 59271
16070 72073 88143
4591 19418 24009
3745 16470 20215
3936 17474 21410
16290 70891 87181
21368 86948 108316
11043 42414 53457
20317 80488 100805
13933 56418 70351
15907 57923 73830
12721 57400 70121
18397 79336 97733
7599 30762 38361
17365 74390 91755
16214 68345 84559
3371 16016 19387
14403 64102 78505
11192 47482 58674
12077 49992 62069
3194 15901 19095
6672 31225 37897
20685 88516 109201
5919 24098 30017
14713 63829 78542
16871 56051 72922
6158 26708 32866
28131 112115 140246
5815 28752 34567
7163 30236 37399
11312 45768 57080
4722 20042 24764
35455 152108 187563
28795 120355 149150
24548 94578 119126
17888 73936 91824
4976 23808 28784
19979 78958 98937
4881 20253 25134
12502 44551 57053
8513 40923 49436
3096 14422 17518
5084 20984 26068
38062 240241 278303
6334 35001 41335
4025 18662 22687
5193 21870 27063
2955 14393 17348
22991 81685 104676
43722 160900 204622
12636 49024 61660
11612 42786 54398
17870 80415 98285
21143 87033 108176
16755 71630 88385
18586 78246 96832
5233 21374 26607
17763 77744 95507
29442 122060 151502
23835 97461 121296
25853 100434 126287
24637 97234 121871
10415 40226 50641
6093 25914 32007
14071 57813 71884
17655 67793 85448
27916 118020 145936
11844 51463 63307
9012 38619 47631
13685 58824 72509
3624 16779 20403
7223 31826 39049
9140 37731 46871
16202 65291 81493
8778 34932 43710
36024 143925 179949
12851 52863 65714
12085 48806 60891
16744 66373 83117
13110 58133 71243
3702 16184 19886
12992 53412 66404
12899 55848 68747
6025 26088 32113
14803 63843 78646
26232 106978 133210
9240 40011 49251
10520 41256 51776
20695 83050 103745
18949 83015 101964
2472 11701 14173
26737 108465 135202
15772 67909 83681
3383 14704 18087
2301 10544 12845
10086 39047 49133
3477 14922 18399
7473 31214 38687
10890 45589 56479
9303 38022 47325
18676 74351 93027
2591 12126 14717
6661 29589 36250
9031 36472 45503
37869 155443 193312
17640 74023 91663
13101 61065 74166
15254 67207 82461
22601 88328 110929
21833 84117 105950
13234 60164 73398
12093 37487 49580
14010 57572 71582
4199 19856 24055
11275 45536 56811
8286 35329 43615
3777 18043 21820
2832 15017 17849
4553 19133 23686
13156 58132 71288
15419 64698 80117
6445 28184 34629
10733 44471 55204
15188 65787 80975
8710 38107 46817
14501 58915 73416
24468 91762 116230
3459 18397 21856
9035 32228 41263
22079 85857 107936
6632 30241 36873
28535 126375 154910
23880 98957 122837
7277 33055 40332
13255 55282 68537
44580 156996 201576
14596 68517 83113
23113 91359 114472
11859 47361 59220
11839 50181 62020
11538 46876 58414
3809 17486 21295
9493 40757 50250
19068 78367 97435
14606 64715 79321
17320 75972 93292
7562 35866 43428
13974 63919 77893
4361 18408 22769
6388 30619 37007
6291 25591 31882
4324 15532 19856
7308 31791 39099
24988 89972 114960
17704 67123 84827
10379 43432 53811
4682 20270 24952
17875 69428 87303
5542 22887 28429
8787 38614 47401
13115 53488 66603
7039 31235 38274
6163 27842 34005
5704 25500 31204
5540 25509 31049
11317 48349 59666
7458 32584 40042
14780 61623 76403
5984 26069 32053
11794 44869 56663
16485 69079 85564
18624 75885 94509
12691 51216 63907
21839 102786 124625
7686 32487 40173
33570 120060 153630
21899 89164 111063
12574 53531 66105
8310 36042 44352
15516 63910 79426
9603 42003 51606
12969 56065 69034
4881 20182 25063
11213 48036 59249
13599 54928 68527
7781 32863 40644
22314 90848 113162
31184 126644 157828
8381 36787 45168
19512 76359 95871
11300 46018 57318
4207 18859 23066
8585 38091 46676
22049 90642 112691
15689 70376 86065
10025 39511 49536
11270 47351 58621
29521 103404 132925
16498 80247 96745
9912 41544 51456
13120 54614 67734
19708 79339 99047
15995 70629 86624
31382 140037 171419
8277 36178 44455
6101 27097 33198
2866 14053 16919
8027 28339 36366
11032 44153 55185
12159 48404 60563
19529 81551 101080
11585 46884 58469
6293 25999 32292
18772 79220 97992
10318 41701 52019
2815 14103 16918
15658 70296 85954
38755 167882 206637
13762 61274 75036
5664 23983 29647
16952 76793 93745
15632 68223 83855
4825 20036 24861
18706 80015 98721
8587 34527 43114
11601 48531 60132
30998 133294 164292
6552 28268 34820
17849 75136 92985
6732 28669 35401
3304 16231 19535
16822 69754 86576
16885 73377 90262
18888 77198 96086
24105 99265 123370
16294 68600 84894
27704 111007 138711
12144 49085 61229
20597 104288 124885
7592 33050 40642
6509 28446 34955
14587 62944 77531
36189 149444 185633
33918 147448 181366
18087 64855 82942
11637 48161 59798
7441 34793 42234
8374 34029 42403
26989 119549 146538
20665 90349 111014
11894 45829 57723
13971 61905 75876
16558 75361 91919
11936 45170 57106
15873 67552 83425
10983 43555 54538
6957 28985 35942
17469 71835 89304
14239 62248 76487
20783 83495 104278
3798 17470 21268
13465 63519 76984
11454 39031 50485
15046 62813 77859
6392 27044 33436
21482 89137 110619
13822 56426 70248
3658 17942 21600
42226 163826 206052
42447 142106 184553
18734 85414 104148
14608 60479 75087
10800 46554 57354
12843 52931 65774
12721 51994 64715
17909 75321 93230
25880 110030 135910
19705 81171 100876
34736 149936 184672
11219 45833 57052
33615 139352 172967
6866 28690 35556
12280 48592 60872
3563 16176 19739
12836 50237 63073
25579 113068 138647
8512 36185 44697
3056 14281 17337
