33041 9904 42945
18175 4710 22885
39774 11644 51418
40975 11267 52242
39569 11783 51352
37448 11251 48699
22959 6991 29950
17623 4650 22273
26201 8101 34302
49731 24960 74691
14887 3918 18805
43737 12786 56523
54166 16685 70851
36143 10760 46903
16970 5639 22609
29682 7866 37548
59436 15437 74873
18800 5432 24232
34395 10470 44865
56534 17178 73712
67493 21382 88875
31529 9120 40649
22010 6099 28109
17908 5013 22921
26959 8213 35172
38919 11979 50898
12778 3097 15875
10026 2763 12789
10688 2965 13653
38978 11572 50550
50685 14168 64853
26802 7558 34360
50857 14678 65535
32812 9265 42077
35306 10156 45462
29219 8447 37666
42128 12034 54162
19597 5394 24991
41839 12506 54345
36496 10323 46819
8425 2416 10841
35517 10913 46430
26278 7655 33933
30877 8817 39694
8491 2497 10988
17709 4985 22694
50538 16451 66989
14197 3909 18106
36051 10256 46307
34720 10199 44919
14620 4197 18817
68757 20807 89564
16033 4309 20342
17869 4534 22403
26768 7294 34062
12389 3504 15893
91318 26567 117885
76204 22974 99178
59628 18238 77866
43270 13312 56582
12606 3724 16330
44169 13419 57588
11757 3307 15064
25204 6959 32163
20581 6160 26741
7734 2226 9960
12300 3629 15929
105396 29537 134933
16258 4578 20836
8723 2539 11262
11454 3250 14704
7553 2050 9603
48827 14024 62851
107766 31346 139112
25931 7348 33279
27149 7775 34924
37566 11004 48570
53050 15656 68706
43350 13177 56527
44528 14033 58561
13615 4113 17728
44536 14256 58792
77393 22569 99962
51336 15102 66438
59880 19472 79352
55591 15812 71403
25463 7171 32634
14107 4006 18113
35811 9781 45592
41949 12442 54391
67693 20821 88514
32771 9364 42135
24033 6981 31014
37809 10649 48458
9677 2818 12495
20306 6689 26995
24581 7228 31809
43773 12684 56457
23818 6574 30392
97613 28643 126256
34414 10399 44813
31570 9616 41186
45234 13390 58624
33418 9468 42886
10055 3312 13367
36122 11452 47574
32197 10423 42620
16843 5294 22137
43053 10732 53785
66086 19819 85905
25442 7200 32642
26707 7235 33942
51773 15066 66839
41430 12485 53915
6987 1929 8916
69575 20568 90143
36004 10234 46238
8708 2454 11162
5375 1738 7113
23535 6305 29840
8612 2432 11044
18293 4916 23209
26033 7718 33751
21810 5738 27548
40014 11568 51582
7442 2118 9560
16628 4542 21170
23878 6101 29979
99360 29390 128750
41147 11325 52472
36397 10990 47387
41124 11255 52379
66770 17639 84409
41518 12783 54301
36805 10312 47117
20520 6951 27471
34563 9586 44149
10243 2899 13142
26964 8152 35116
18361 5208 23569
9402 2688 12090
7879 2231 10110
11423 3077 14500
36293 11337 47630
41465 11682 53147
16287 4495 20782
25196 7419 32615
40873 12062 52935
21824 6036 27860
39377 10827 50204
55512 15627 71139
8756 2375 11131
17530 5075 22605
57091 15085 72176
15428 4650 20078
64582 19828 84410
56166 16654 72820
17560 5087 22647
29627 8728 38355
88666 26825 115491
33951 9748 43699
58481 17781 76262
24463 8384 32847
31719 9351 41070
25962 7620 33582
10913 2955 13868
23403 6405 29808
49393 14096 63489
37815 10578 48393
45450 13310 58760
18882 5286 24168
39536 11166 50702
12770 3157 15927
16768 5120 21888
17287 4815 22102
8780 2735 11515
18651 4985 23636
51611 15359 66970
39129 10748 49877
24518 7391 31909
11023 2935 13958
42436 13245 55681
11814 3317 15131
22824 6497 29321
28210 10140 38350
19069 5412 24481
17597 4362 21959
13584 3703 17287
15262 4966 20228
27873 8709 36582
18352 5691 24043
38869 11211 50080
14292 3736 18028
27178 7971 35149
35665 10425 46090
41436 12204 53640
29597 8977 38574
55899 15977 71876
19208 5555 24763
83570 22613 106183
54284 17809 72093
32867 10037 42904
19093 5119 24212
41116 11169 52285
23291 6532 29823
36041 9541 45582
11652 3092 14744
24788 7221 32009
48845 8215 57060
19985 5171 25156
53722 14673 68395
82948 24539 107487
20053 5888 25941
49276 13652 62928
25409 6840 32249
10250 2874 13124
21605 5999 27604
53203 14334 67537
35152 10115 45267
25089 6539 31628
26545 7620 34165
62155 18133 80288
43060 12622 55682
22818 5786 28604
28159 9760 37919
45037 13097 58134
43286 12768 56054
76164 23024 99188
19794 5675 25469
16217 4243 20460
6955 2074 9029
17477 4470 21947
26242 7093 33335
25416 7195 32611
46489 13268 59757
26621 7609 34230
14839 3825 18664
44952 13102 58054
24569 6424 30993
6987 2098 9085
37563 11455 49018
100062 29112 129174
34274 10500 44774
14580 4099 18679
39336 11214 50550
41236 11454 52690
11076 2925 14001
43590 12283 55873
22834 5991 28825
27324 7822 35146
86510 24689 111199
16656 4737 21393
44220 13246 57466
15880 4136 20016
11031 2319 13350
41880 11355 53235
39662 11294 50956
46389 12917 59306
57600 16910 74510
44720 12195 56915
67658 18360 86018
32863 9129 41992
50143 16316 66459
17102 4825 21927
14671 3887 18558
38359 10770 49129
84406 24423 108829
81170 23728 104898
33622 9735 43357
26679 7013 33692
18967 5364 24331
21508 5536 27044
75929 22313 98242
48730 14191 62921
27913 7904 35817
35017 10060 45077
38766 11626 50392
27506 8173 35679
37318 10470 47788
25983 7720 33703
32627 7697 40324
45472 12703 58175
32777 9318 42095
81979 18051 100030
10472 3006 13478
38869 11878 50747
23789 6716 30505
33819 11886 45705
11298 3362 14660
49418 14258 63676
31933 8791 40724
8659 2355 11014
95635 29232 124867
78473 23366 101839
42125 12507 54632
46003 13232 59235
24356 7185 31541
31364 8952 40316
60291 11624 71915
44983 12851 57834
57578 16620 74198
47698 13500 61198
75713 23304 99017
25899 7116 33015
77004 22571 99575
19164 5042 24206
31556 8846 40402
8932 2591 11523
26271 7326 33597
70879 21249 92128
18877 5347 24224
8527 2455 10982
