9465 64762 74227
5350 35818 41168
11521 75343 86864
13928 77301 91229
12797 83856 96653
11191 74701 85892
6444 47661 54105
4828 33689 38517
7482 55606 63088
14511 106846 121357
4021 28753 32774
12814 89388 102202
14941 107039 121980
10106 77128 87234
5219 36117 41336
7653 53836 61489
15503 101483 116986
5474 39725 45199
10349 70197 80546
16458 115760 132218
19769 138193 157962
9057 64445 73502
5616 40288 45904
4881 37301 42182
8367 60107 68474
11696 83069 94765
3088 24422 27510
2544 21076 23620
2579 21126 23705
11543 80477 92020
13991 92268 106259
7533 50731 58264
14922 99477 114399
10884 66595 77479
11731 74426 86157
9526 63225 72751
13971 93790 107761
5860 37724 43584
12762 87412 100174
11331 73374 84705
2896 17401 20297
10526 74933 85459
8545 57903 66448
9020 60586 69606
2684 19144 21828
5088 35851 40939
14265 97487 111752
4139 30441 34580
12829 80168 92997
10251 69864 80115
4381 32944 37325
19663 126794 146457
5924 35674 41598
5920 38433 44353
8417 49671 58088
3348 25636 28984
27892 185297 213189
23755 155565 179320
19013 117861 136874
13707 95065 108772
3194 26904 30098
18323 84726 103049
3127 24454 27581
7347 51226 58573
6074 43975 50049
2321 16036 18357
3287 24139 27426
27262 186776 214038
4372 30929 35301
2545 19706 22251
3059 24168 27227
1982 15647 17629
13496 92103 105599
28468 207605 236073
8344 57259 65603
8117 56085 64202
9627 66272 75899
12957 88534 101491
12935 87189 100124
11809 82875 94684
3822 28919 32741
11795 78727 90522
22014 147126 169140
33871 108001 141872
18257 117774 136031
16132 112946 129078
6889 47013 53902
4182 30813 34995
10914 75309 86223
12399 85692 98091
20088 137997 158085
9437 66953 76390
5911 43673 49584
10749 78468 89217
2559 19257 21816
5798 41546 47344
6624 48600 55224
11522 75497 87019
6433 45667 52100
28416 180964 209380
10450 71385 81835
9100 64381 73481
12582 83368 95950
9212 67990 77202
2532 20403 22935
9875 67687 77562
8334 61457 69791
4642 33495 38137
10769 74343 85112
18654 131255 149909
6574 43846 50420
7355 52225 59580
14075 102097 116172
11994 88588 100582
1847 14091 15938
19281 126581 145862
11611 77665 89276
2486 18763 21249
1413 12816 14229
6919 46936 53855
2566 17342 19908
5217 36286 41503
7384 56920 64304
6566 47014 53580
13512 76009 89521
2019 15263 17282
5218 38844 44062
6086 40278 46364
26839 189695 216534
11589 74004 85593
10006 73285 83291
12489 72287 84776
16447 116896 133343
12584 94131 106715
9817 64441 74258
6509 47406 53915
9941 64485 74426
2744 20479 23223
7281 52603 59884
5812 40022 45834
2351 17583 19934
2393 14691 17084
3222 22919 26141
10702 76261 86963
12661 78832 91493
4953 30778 35731
8250 59224 67474
12177 86487 98664
6813 51351 58164
11367 76683 88050
16965 114089 131054
2630 19613 22243
5073 33911 38984
13783 91105 104888
4418 29835 34253
20290 144945 165235
14922 101360 116282
5150 35346 40496
8833 62259 71092
26183 177910 204093
9956 68074 78030
18685 121902 140587
8403 56516 64919
8510 64957 73467
7277 49470 56747
2724 20270 22994
7420 43825 51245
13578 96609 110187
10463 67755 78218
12918 91011 103929
5068 39500 44568
10511 77004 87515
3190 24836 28026
4347 30802 35149
4427 34564 38991
2215 17701 19916
5907 40974 46881
14801 112630 127431
10557 74177 84734
6801 52575 59376
3097 26264 29361
12816 86645 99461
3995 29642 33637
6675 49885 56560
8729 61705 70434
6027 41539 47566
4903 34018 38921
3650 32342 35992
5143 34059 39202
7893 58393 66286
6220 46275 52495
12403 79550 91953
4403 30961 35364
8149 57400 65549
11450 83875 95325
13862 92628 106490
8769 65262 74031
14713 94575 109288
5499 37468 42967
21920 145949 167869
15280 106642 121922
8537 64025 72562
5455 37050 42505
11522 71643 83165
6328 48758 55086
10253 72321 82574
2921 21610 24531
7878 60286 68164
11193 67380 78573
5951 38044 43995
15165 108932 124097
22496 147345 169841
5773 42857 48630
14659 97797 112456
7449 50330 57779
3071 21756 24827
6123 44610 50733
14972 105837 120809
11446 78597 90043
7267 52274 59541
6940 49221 56161
18703 128143 146846
11673 78317 89990
6397 45942 52339
7983 55609 63592
13280 89353 102633
16176 80010 96186
23559 160806 184365
5905 41728 47633
4999 36527 41526
2022 16606 18628
5059 36541 41600
7398 48990 56388
10719 52814 63533
12544 87047 99591
8773 61690 70463
4466 29370 33836
13552 92204 105756
6634 47596 54230
1962 15977 17939
11562 84262 95824
30445 191032 221477
9861 68843 78704
4531 36486 41017
12634 86058 98692
11336 78100 89436
3057 24762 27819
13348 91672 105020
7024 41366 48390
9155 61575 70730
24502 150993 175495
4718 33601 38319
12299 85494 97793
4552 30467 35019
2522 19362 21884
11324 71441 82765
13470 80387 93857
13995 97863 111858
16897 124802 141699
13246 86972 100218
17762 116153 133915
9435 64369 73804
13876 112856 126732
5024 33353 38377
4347 32627 36974
10460 69747 80207
27403 171551 198954
24975 148945 173920
9728 69102 78830
7330 49967 57297
4950 37038 41988
6283 43522 49805
21804 148728 170532
12731 92332 105063
8413 58036 66449
9822 70524 80346
12302 87158 99460
7957 52622 60579
10628 71573 82201
7888 57223 65111
4932 34298 39230
12787 89144 101931
10338 73577 83915
14858 105950 120808
2547 20474 23021
10092 71033 81125
6546 47981 54527
8900 63227 72127
3668 31333 35001
13149 93402 106551
9133 63552 72685
2678 17530 20208
26746 170834 197580
23830 169072 192902
11467 75725 87192
10014 68576 78590
6234 45535 51769
7582 52832 60414
8664 60615 69279
12428 79313 91741
17368 122627 139995
13271 91552 104823
23908 161475 185383
7423 51061 58484
23037 146194 169231
5378 37255 42633
8374 61096 69470
2634 20320 22954
8491 59060 67551
18716 130508 149224
5971 41213 47184
2365 18769 21134
