28307 17964 46271
16798 9355 26153
36411 21418 57829
38125 21617 59742
31424 19269 50693
29493 18289 47782
20249 12285 32534
15606 11199 26805
27313 15021 42334
42228 27730 69958
14431 8479 22910
41321 25391 66712
49069 31512 80581
28779 16992 45771
14249 8183 22432
22310 13061 35371
48833 30746 79579
15770 9530 25300
34725 21324 56049
60382 31350 91732
58875 43404 102279
25463 16047 41510
19938 12194 32132
17467 10156 27623
25023 16512 41535
35670 23142 58812
11195 6902 18097
9114 5353 14467
9566 5923 15489
36266 22903 59169
48131 27668 75799
24561 16063 40624
44892 26002 70894
33231 20062 53293
36530 21744 58274
27710 18097 45807
39902 25921 65823
20049 12049 32098
40226 25430 65656
36106 22806 58912
8278 4964 13242
32362 19470 51832
24832 16654 41486
27118 19780 46898
7478 4692 12170
15842 9534 25376
48311 32793 81104
12201 7643 19844
33638 20692 54330
33191 20975 54166
13739 9161 22900
60256 37931 98187
14314 7911 22225
15175 8925 24100
22505 13060 35565
11462 6858 18320
73613 49424 123037
66122 45176 111298
54649 35809 90458
39712 25922 65634
11720 7415 19135
38347 23213 61560
11165 7985 19150
22117 15278 37395
17324 10705 28029
7131 4508 11639
11303 7272 18575
121457 63217 184674
13597 9320 22917
9701 6095 15796
10694 7134 17828
6522 4057 10579
44316 26387 70703
86221 58114 144335
26161 17681 43842
24386 15492 39878
35744 23005 58749
43141 26263 69404
40779 26775 67554
42298 26258 68556
14181 8378 22559
41500 27817 69317
63223 40530 103753
50467 31573 82040
50042 39133 89175
56294 32698 88992
24874 14486 39360
11476 7295 18771
34061 21007 55068
38210 24932 63142
59454 41636 101090
25234 17834 43068
21667 13083 34750
32572 21701 54273
8046 5055 13101
18235 10975 29210
19913 12682 32595
37684 25081 62765
20536 19685 40221
91586 56618 148204
32994 22228 55222
30716 18725 49441
41599 25432 67031
29344 19232 48576
8802 5072 13874
31489 20704 52193
27303 19488 46791
15368 9867 25235
33596 22242 55838
59733 39653 99386
19219 12159 31378
23069 16994 40063
45554 28836 74390
41029 30543 71572
5644 3519 9163
53101 36124 89225
34541 21757 56298
8104 4936 13040
4350 3005 7355
25081 13519 38600
6746 4064 10810
14898 8793 23691
21425 13642 35067
21249 12625 33874
36783 26817 63600
6421 4078 10499
14749 8896 23645
21132 11958 33090
80737 50973 131710
36179 21782 57961
28655 18582 47237
35548 22255 57803
46728 30215 76943
40435 26528 66963
30012 17971 47983
20189 12713 32902
30890 18239 49129
10010 6074 16084
22995 15548 38543
16156 10357 26513
7794 4603 12397
6126 3889 10015
10835 6664 17499
29954 18944 48898
35564 22959 58523
16601 10161 26762
26755 14538 41293
37524 23351 60875
19104 11649 30753
31476 19079 50555
51193 30719 81912
8762 4716 13478
16224 9889 26113
44414 26218 70632
14496 8840 23336
52094 36933 89027
49580 31664 81244
15522 11664 27186
23908 14711 38619
76406 50532 126938
29172 18324 47496
62110 33466 95576
22711 14044 36755
26071 17817 43888
23089 13556 36645
8572 5255 13827
20495 12167 32662
43838 27485 71323
31408 19631 51039
40192 23543 63735
17105 10747 27852
29174 18735 47909
10648 6325 16973
13293 8139 21432
15191 8786 23977
7360 4696 12056
15569 9323 24892
46290 29174 75464
30943 19562 50505
22299 14090 36389
10043 6044 16087
38821 24515 63336
12385 6352 18737
18845 12448 31293
26713 17364 44077
17480 11112 28592
13662 8086 21748
10456 7204 17660
13923 8634 22557
23765 14370 38135
15420 9881 25301
31887 20455 52342
13112 8334 21446
22558 14604 37162
35718 22289 58007
36994 25726 62720
24924 16490 41414
51753 32214 83967
15845 8947 24792
63654 41502 105156
44628 27412 72040
27710 17851 45561
17914 11222 29136
35216 25125 60341
19276 12170 31446
29980 20143 50123
10358 7336 17694
23376 14263 37639
26057 18569 44626
20057 13195 33252
44469 28137 72606
76223 47696 123919
17370 10687 28057
42561 25687 68248
23009 14940 37949
9501 5684 15185
21485 13099 34584
46123 28151 74274
36011 22073 58084
23499 14026 37525
25486 15462 40948
51043 34011 85054
40020 25659 65679
19366 11093 30459
28312 17431 45743
43364 27577 70941
40975 26048 67023
77631 52906 130537
19306 11458 30764
15055 9308 24363
6817 4410 11227
15439 11358 26797
22954 13285 36239
22928 14363 37291
43546 29578 73124
26702 15142 41844
13573 8567 22140
42764 25902 68666
25132 14100 39232
6424 4100 10524
34685 25199 59884
87563 54698 142261
31052 18941 49993
11935 9203 21138
39415 27757 67172
36912 24676 61588
10378 5930 16308
47423 25750 73173
20381 12420 32801
30000 16975 46975
74075 45041 119116
18286 9802 28088
43766 25846 69612
14276 8205 22481
8225 5504 13729
35935 22379 58314
37153 24519 61672
40566 25262 65828
54040 33675 87715
41317 25533 66850
59759 39549 99308
26117 17277 43394
48468 35634 84102
19242 10142 29384
13704 8875 22579
34540 20734 55274
85089 50418 135507
76954 47657 124611
30005 18590 48595
24312 17410 41722
19951 12197 32148
21692 12487 34179
70699 44166 114865
49711 29338 79049
26508 16202 42710
30194 19468 49662
36929 23670 60599
22940 14747 37687
34787 21679 56466
21932 13666 35598
17331 9754 27085
40092 24828 64920
31449 19552 51001
45815 33084 78899
8711 5439 14150
33099 22127 55226
19356 11829 31185
29683 19591 49274
9967 6464 16431
43254 27616 70870
26653 17263 43916
7753 4653 12406
86905 56986 143891
70718 46406 117124
36365 22767 59132
33477 21883 55360
19999 12219 32218
23376 14595 37971
25971 16943 42914
39006 22908 61914
49899 36004 85903
40018 23758 63776
74361 47116 121477
22170 12611 34781
71385 43731 115116
16268 9125 25393
26547 15907 42454
8834 5566 14400
23972 15027 38999
59277 41142 100419
17413 11665 29078
7808 4920 12728
