2078 97074 99152
1292 60641 61933
2427 114183 116610
2783 117547 120330
2093 97920 100013
2243 105110 107353
1666 68222 69888
1083 48729 49812
1739 79808 81547
3608 152914 156522
1330 47266 48596
3377 124313 127690
3299 165204 168503
2687 87032 89719
1077 49736 50813
2377 78158 80535
4340 162149 166489
1233 60905 62138
2556 111212 113768
3891 162092 165983
4113 200251 204364
2221 90809 93030
1414 66227 67641
1060 49219 50279
1949 85000 86949
2208 105294 107502
870 37790 38660
689 27477 28166
1024 29511 30535
2397 102366 104763
3419 137317 140736
1743 70315 72058
3352 141714 145066
2235 102186 104421
2272 100194 102466
1857 83489 85346
2872 112713 115585
1130 50079 51209
2756 120986 123742
2287 98174 100461
617 26305 26922
2710 104188 106898
2144 82065 84209
2118 87385 89503
710 29341 30051
975 46729 47704
3638 154368 158006
1269 42241 43510
2049 93888 95937
2243 103451 105694
914 44707 45621
4209 181964 186173
893 41821 42714
1163 53974 55137
1640 68632 70272
848 38497 39345
4713 218108 222821
4416 199356 203772
3911 173976 177887
2949 128733 131682
869 41173 42042
2615 119964 122579
810 35844 36654
1586 70433 72019
1365 64917 66282
509 22185 22694
954 38439 39393
6075 266738 272813
1064 49850 50914
1561 27756 29317
747 35282 36029
465 21713 22178
3083 130973 134056
6239 278813 285052
1990 81195 83185
2255 76114 78369
2147 105752 107899
2976 127548 130524
2486 115397 117883
2800 126455 129255
963 41972 42935
2544 129034 131578
5659 204487 210146
3294 144407 147701
4283 183185 187468
3577 158444 162021
1641 67875 69516
973 38940 39913
2186 95161 97347
3502 126406 129908
3819 180785 184604
2065 91900 93965
1593 74374 75967
2194 109105 111299
629 32238 32867
1401 57599 59000
1521 61921 63442
2290 99527 101817
1401 59892 61293
5346 235047 240393
1862 90837 92699
2054 80309 82363
2739 109508 112247
2136 83445 85581
661 29742 30403
2297 95990 98287
2082 96277 98359
979 42705 43684
2199 106192 108391
3924 174789 178713
1446 65543 66989
1771 75981 77752
3749 131781 135530
2949 122450 125399
502 18563 19065
4668 188191 192859
2237 99013 101250
542 24550 25092
411 17213 17624
1969 72076 74045
537 25768 26305
1111 55106 56217
1804 89022 90826
1634 71729 73363
2609 118166 120775
564 21044 21608
1121 54826 55947
1573 81074 82647
5505 256038 261543
2616 111250 113866
2036 97033 99069
2521 113135 115656
3867 169550 173417
2931 137165 140096
2331 105198 107529
1597 69442 71039
2033 94199 96232
722 34646 35368
1751 76074 77825
1495 58652 60147
603 27442 28045
514 22660 23174
1721 34479 36200
2514 107966 110480
2534 117696 120230
1022 46038 47060
1782 79994 81776
2691 119583 122274
1557 72453 74010
2318 103318 105636
3847 153116 156963
579 26114 26693
1113 49732 50845
3414 143045 146459
983 42885 43868
4604 197939 202543
3310 154643 157953
1214 56883 58097
1915 87865 89780
5479 225010 230489
2340 105898 108238
3791 170009 173800
1959 74199 76158
2119 93967 96086
1776 75913 77689
786 33233 34019
1428 67384 68812
2991 127187 130178
2180 104684 106864
2723 131246 133969
1161 53196 54357
2231 106475 108706
779 40483 41262
1070 49424 50494
1414 46918 48332
1092 27277 28369
1195 54811 56006
3466 158077 161543
2363 109747 112110
1765 72914 74679
737 32653 33390
2716 123406 126122
893 44118 45011
1341 62456 63797
2446 86362 88808
1194 50293 51487
1003 43467 44470
945 45135 46080
978 41413 42391
1902 81899 83801
1280 59727 61007
2630 110994 113624
933 43564 44497
1929 81433 83362
2408 105582 107990
2671 126284 128955
1851 76621 78472
3370 144959 148329
1047 48815 49862
4369 202447 206816
3192 140958 144150
2039 103149 105188
1891 62445 64336
2794 118293 121087
1434 72361 73795
2127 94594 96721
763 35269 36032
1948 84971 86919
2011 83263 85274
1401 63602 65003
3465 138638 142103
4637 204739 209376
1244 59582 60826
3378 139487 142865
1926 83373 85299
667 32595 33262
1608 72127 73735
3709 145104 148813
2476 110318 112794
1775 75682 77457
1798 71976 73774
4124 186947 191071
2460 114892 117352
1402 60180 61582
2084 90298 92382
2859 126257 129116
2815 128811 131626
4449 206015 210464
1426 63202 64628
1082 51924 53006
526 26072 26598
1321 53357 54678
1811 76204 78015
2020 85733 87753
3099 140440 143539
2030 88177 90207
998 44571 45569
2706 130686 133392
1712 77481 79193
1105 23922 25027
2616 124598 127214
6414 281637 288051
2358 104262 106620
1020 42477 43497
2790 119586 122376
3294 124393 127687
771 38224 38995
2623 178748 181371
1719 59827 61546
1964 77265 79229
6272 197410 203682
997 46825 47822
3054 139711 142765
988 42429 43417
543 28213 28756
2444 101124 103568
2618 120325 122943
3502 136713 140215
3913 163084 166997
3329 124793 128122
4292 194675 198967
1928 89483 91411
4183 188748 192931
1072 47268 48340
1019 45911 46930
2279 96393 98672
4944 213669 218613
4650 201321 205971
2163 98051 100214
1665 69166 70831
1202 58607 59809
1316 55645 56961
3998 180619 184617
3007 133574 136581
1761 72122 73883
2337 110782 113119
2313 109026 111339
1986 84205 86191
2200 96168 98368
1945 82586 84531
1144 47547 48691
3024 128100 131124
1976 90238 92214
3393 150173 153566
628 28525 29153
2383 107960 110343
1385 62216 63601
2130 100536 102666
948 40374 41322
3005 144948 147953
2011 90968 92979
1074 29925 30999
5829 279701 285530
4721 204414 209135
2744 118768 121512
2014 94775 96789
1556 69071 70627
2117 82013 84130
1874 83179 85053
2540 111124 113664
3554 161500 165054
2785 118653 121438
4340 197356 201696
1531 71782 73313
4487 195458 199945
1159 54210 55369
2165 83642 85807
587 28161 28748
2033 85082 87115
3791 179488 183279
1275 59772 61047
533 23977 24510
