2596 81462 84058
1650 54274 55924
2969 96057 99026
3390 101472 104862
2992 93328 96320
2634 89025 91659
1986 60083 62069
1387 46332 47719
2111 69902 72013
3687 135893 139580
1274 39740 41014
3554 112522 116076
3875 135095 138970
2669 92986 95655
1353 42706 44059
1937 66935 68872
4040 138441 142481
1640 56778 58418
3386 95236 98622
4690 143663 148353
5861 196701 202562
2370 83709 86079
1880 60334 62214
1450 49306 50756
2301 84489 86790
3197 103645 106842
908 33954 34862
1899 28254 30153
979 29519 30498
3065 102580 105645
4137 121942 126079
2123 71835 73958
4073 125661 129734
2736 97305 100041
2697 88685 91382
2351 80970 83321
3533 123596 127129
1675 50656 52331
3767 116943 120710
3052 96962 100014
878 23358 24236
2818 93202 96020
2156 75808 77964
2307 76006 78313
724 26038 26762
1438 44975 46413
3710 141807 145517
1412 39817 41229
2815 91420 94235
2872 87417 90289
1226 39649 40875
4746 162676 167422
1353 44702 46055
1517 47663 49180
2106 73699 75805
964 34313 35277
7076 233649 240725
5782 186373 192155
4603 157195 161798
3556 124632 128188
977 36612 37589
3655 106922 110577
956 32316 33272
1929 66012 67941
1661 58263 59924
720 23131 23851
1029 35070 36099
8003 258362 266365
1286 46421 47707
871 27049 27920
899 32213 33112
610 19655 20265
4183 127862 132045
7793 251391 259184
2332 73719 76051
2202 71259 73461
2926 93742 96668
4088 128073 132161
3401 112240 115641
3494 115387 118881
1174 39922 41096
3336 114297 117633
5595 184015 189610
4281 148520 152801
4643 168412 173055
4166 145077 149243
2201 72529 74730
1136 40321 41457
2932 92903 95835
3360 111893 115253
5052 180594 185646
2688 91188 93876
2029 63590 65619
2722 98872 101594
1794 28810 30604
2075 55766 57841
2029 61324 63353
3365 100387 103752
1880 59236 61116
8105 244745 252850
2692 82982 85674
2638 93511 96149
3800 105784 109584
2683 93257 95940
840 28347 29187
2895 92196 95091
2530 91774 94304
1580 42023 43603
2864 100453 103317
4439 165905 170344
2084 71631 73715
2111 76632 78743
6483 149667 156150
4371 142973 147344
918 21589 22507
5929 189564 195493
3323 108468 111791
768 23576 24344
462 18020 18482
2305 64298 66603
813 24546 25359
1518 53604 55122
2106 83639 85745
2444 74959 77403
3946 111397 115343
650 19671 20321
1400 48018 49418
1861 57300 59161
7108 235751 242859
3196 102046 105242
2735 91170 93905
2952 97808 100760
4043 142881 146924
3923 133625 137548
2808 87116 89924
1960 67549 69509
2737 90533 93270
953 29956 30909
2041 77518 79559
1717 56619 58336
1242 25260 26502
643 20301 20944
958 33027 33985
2655 95612 98267
3515 115003 118518
1590 45082 46672
2004 73922 75926
3594 115455 119049
1890 62171 64061
2969 93858 96827
4060 135088 139148
764 24972 25736
1727 47483 49210
9257 125261 134518
1408 45585 46993
4781 173770 178551
4290 156691 160981
1568 48839 50407
2328 85735 88063
6348 211175 217523
2762 89436 92198
4479 146269 150748
2386 78556 80942
2296 82540 84836
2275 67812 70087
1027 31514 32541
1909 60952 62861
3840 114957 118797
3176 99630 102806
3517 111893 115410
1631 54011 55642
2655 90640 93295
1701 32520 34221
1237 41695 42932
1452 45273 46725
741 23885 24626
1716 55623 57339
4050 131121 135171
2815 95162 97977
1800 64256 66056
971 35818 36789
3214 108738 111952
1003 38728 39731
1815 61745 63560
2625 86373 88998
1680 52081 53761
1505 47324 48829
1038 38672 39710
1328 44904 46232
2086 72418 74504
1696 58090 59786
2885 96956 99841
1989 38974 40963
2072 75458 77530
3148 95278 98426
3569 111366 114935
2430 82964 85394
4112 131413 135525
1440 47807 49247
5608 182933 188541
3846 133196 137042
2722 95851 98573
1604 54843 56447
3676 111582 115258
2312 64283 66595
2764 90777 93541
848 31804 32652
2087 74323 76410
2607 88540 91147
1791 54333 56124
4047 147958 152005
6650 199200 205850
1742 58964 60706
4957 123613 128570
1988 70787 72775
940 28643 29583
2014 63380 65394
4265 146763 151028
2999 103013 106012
1922 67008 68930
2055 70968 73023
4746 162788 167534
3407 112327 115734
1906 59722 61628
2504 77746 80250
3804 113812 117616
3469 123806 127275
5897 202196 208093
1701 60448 62149
1475 49405 50880
1607 22781 24388
1802 45823 47625
1959 66830 68789
2330 78802 81132
3624 116221 119845
2783 83055 85838
1293 43575 44868
3762 127537 131299
2194 73258 75452
627 23010 23637
3437 114757 118194
7121 260926 268047
2860 90150 93010
1168 43841 45009
3296 113771 117067
3210 100297 103507
937 35384 36321
3634 117865 121499
2036 63263 65299
2424 84136 86560
6952 217836 224788
1446 48366 49812
3640 121412 125052
1429 41506 42935
801 24678 25479
3684 110957 114641
3144 107083 110227
3820 118270 122090
4608 160406 165014
3355 107100 110455
4621 160425 165046
2473 79502 81975
3769 167010 170779
1769 51157 52926
1234 39740 40974
3469 106912 110381
6638 208415 215053
7006 225259 232265
2555 88404 90959
2386 78232 80618
1495 50983 52478
1907 54269 56176
6258 200506 206764
4256 145432 149688
2298 71651 73949
3233 109194 112427
3204 107805 111009
3025 82812 85837
3364 98078 101442
2280 83664 85944
2139 45945 48084
3925 127800 131725
3073 99527 102600
3937 132249 136186
861 29684 30545
2866 95115 97981
1914 60800 62714
2514 96394 98908
1028 35353 36381
5361 154027 159388
2401 79271 81672
729 25865 26594
7401 278600 286001
7061 225764 232825
3379 104230 107609
2869 91885 94754
1891 63347 65238
2226 72136 74362
2297 83526 85823
3507 107292 110799
4187 152513 156700
3643 115853 119496
5960 195425 201385
2229 64100 66329
6054 191565 197619
1683 52928 54611
2395 81122 83517
827 26357 27184
2591 83835 86426
5097 183149 188246
1820 59859 61679
728 23714 24442
