8701 61838 70539
4724 36408 41132
8981 70535 79516
10964 80933 91897
8871 69558 78429
8893 70009 78902
5744 44001 49745
4196 32548 36744
6692 49874 56566
13695 103249 116944
3954 31960 35914
11906 88233 100139
13119 100325 113444
8120 63838 71958
4258 32529 36787
6627 50397 57024
13813 103940 117753
4686 38587 43273
9472 71422 80894
15155 110491 125646
16275 134849 151124
8664 63254 71918
5518 43411 48929
4341 34889 39230
7296 54907 62203
9486 90109 99595
3419 37421 40840
2626 19583 22209
2833 21619 24452
10310 81286 91596
12684 93114 105798
7411 51911 59322
13560 98134 111694
8446 69016 77462
9164 66770 75934
8165 60242 68407
12199 83306 95505
5182 39336 44518
10494 79251 89745
9435 72948 82383
2236 17883 20119
8480 68270 76750
7664 57877 65541
8464 59739 68203
2413 18819 21232
4356 33044 37400
13642 106496 120138
3805 26916 30721
8733 69613 78346
8075 65954 74029
4276 29364 33640
16567 119987 136554
4275 32330 36605
4719 35047 39766
7241 51917 59158
3327 24620 27947
20554 165908 186462
18081 139248 157329
15779 112284 128063
10956 86904 97860
3416 26439 29855
11758 84613 96371
3026 22610 25636
6660 48017 54677
5216 46028 51244
2030 16588 18618
3525 26433 29958
23159 176491 199650
4101 32364 36465
2515 19491 22006
3062 22512 25574
1912 15114 17026
11793 87812 99605
26061 195278 221339
7476 53592 61068
8326 54552 62878
8606 71339 79945
13222 98246 111468
10615 82532 93147
11405 89344 100749
3845 27690 31535
10612 83173 93785
17383 133731 151114
15110 97241 112351
17289 125745 143034
15057 109195 124252
7009 48621 55630
4093 30238 34331
8923 70026 78949
10085 83355 93440
17944 125533 143477
9193 66290 75483
6138 45527 51665
8757 70002 78759
2546 20273 22819
4940 38525 43465
5962 44521 50483
9948 73862 83810
5876 43305 49181
23622 176576 200198
8719 64170 72889
8992 58893 67885
10493 79994 90487
8317 64980 73297
2638 20701 23339
8855 63161 72016
7825 61234 69059
3974 31075 35049
9212 73281 82493
15816 118585 134401
6294 47188 53482
6758 48044 54802
13316 98985 112301
11115 87084 98199
1909 13606 15515
16986 122755 139741
10058 78394 88452
2306 17353 19659
1638 12667 14305
6537 45394 51931
2209 17364 19573
4485 33672 38157
6708 50890 57598
6293 47163 53456
10741 79210 89951
2380 15010 17390
4700 37918 42618
5930 41623 47553
23585 188471 212056
10490 78668 89158
8411 69029 77440
9692 78213 87905
14378 105822 120200
11668 94640 106308
8713 69550 78263
6127 47471 53598
8388 67304 75692
3049 21725 24774
7232 53329 60561
5486 40223 45709
2637 19951 22588
1958 15347 17305
3195 24206 27401
8433 71409 79842
10310 81166 91476
3903 33091 36994
7471 56360 63831
9625 78422 88047
6429 49306 55735
9188 69293 78481
14247 97991 112238
2373 18787 21160
4901 38274 43175
12892 90194 103086
4332 32596 36928
17012 130172 147184
13749 100605 114354
4639 36172 40811
8042 55336 63378
20536 159274 179810
9207 72059 81266
16171 115980 132151
7669 54123 61792
40351 60846 101197
7640 53946 61586
3037 21449 24486
6196 47201 53397
12722 93692 106414
9284 71201 80485
10975 90734 101709
4961 38379 43340
8690 73692 82382
3252 23933 27185
4227 34069 38296
4522 32747 37269
2471 19331 21802
4817 36125 40942
13677 100553 114230
9572 77313 86885
20250 46685 66935
3318 25125 28443
10665 79558 90223
3606 32898 36504
5773 44894 50667
8272 58869 67141
5071 39819 44890
4102 32787 36889
3934 27994 31928
4015 32510 36525
6882 52171 59053
5090 41934 47024
8883 72159 81042
4471 29099 33570
7704 56301 64005
9296 71342 80638
10860 84516 95376
7760 56868 64628
12710 92204 104914
4854 37310 42164
17092 131829 148921
14171 103048 117219
7753 65851 73604
5460 42396 47856
10390 78278 88668
5761 46212 51973
9057 70649 79706
3293 23922 27215
6983 53099 60082
15294 59640 74934
5450 40096 45546
13718 97169 110887
18856 147022 165878
5287 39926 45213
12397 92769 105166
6865 49979 56844
2659 20931 23590
5711 46275 51986
14294 103973 118267
9010 71618 80628
7186 51488 58674
6579 50416 56995
16323 114956 131279
10158 80967 91125
5761 43522 49283
8158 60655 68813
11597 84812 96409
11214 89262 100476
18357 147522 165879
5393 42524 47917
4126 33166 37292
1919 15689 17608
4489 34514 39003
7121 51717 58838
7418 55730 63148
11584 89428 101012
8189 60091 68280
3962 31602 35564
10922 84727 95649
7331 52312 59643
1977 16021 17998
9225 79219 88444
22374 174781 197155
9215 73386 82601
3952 29000 32952
10274 80988 91262
10353 79953 90306
2939 22555 25494
12165 84552 96717
5690 41534 47224
8606 60733 69339
19725 148720 168445
4372 35496 39868
12115 97274 109389
4416 31842 36258
2511 19627 22138
9863 73166 83029
10651 84455 95106
12021 91033 103054
15599 112629 128228
10665 84531 95196
17576 124668 142244
8529 58594 67123
13162 114158 127320
4698 34478 39176
4494 32210 36704
9371 71091 80462
22467 168395 190862
19165 149784 168949
8454 68746 77200
7109 50839 57948
4913 40206 45119
5792 41845 47637
18419 142539 160958
12502 94169 106671
8049 56386 64435
8748 72925 81673
10532 85031 95563
7621 54258 61879
10040 83038 93078
7546 55559 63105
5008 36931 41939
11406 84113 95519
8997 70371 79368
13682 96631 110313
2668 20836 23504
8855 71360 80215
6385 47098 53483
8078 65676 73754
3519 25706 29225
13542 101802 115344
8501 58400 66901
2537 19976 22513
22917 183383 206300
21066 162302 183368
11080 84644 95724
9053 72353 81406
6533 49045 55578
7674 54078 61752
8291 58705 66996
11341 86395 97736
14874 112922 127796
12104 86834 98938
19637 154354 173991
6843 47656 54499
21342 144549 165891
5002 37889 42891
8301 59169 67470
2551 19818 22369
7702 54493 62195
17658 131638 149296
5458 42044 47502
2192 17176 19368
