11924 44403 56327
7562 27465 35027
13862 50571 64433
16563 57642 74205
13969 49706 63675
13293 50587 63880
8751 31612 40363
6557 23687 30244
10739 36728 47467
20412 72092 92504
6454 22736 29190
16613 60063 76676
20518 72295 92813
12439 46412 58851
6145 22748 28893
10998 42516 53514
23473 79636 103109
7626 28299 35925
14596 53654 68250
22630 76505 99135
24850 97221 122071
12085 46564 58649
8332 30794 39126
7120 26146 33266
10974 42529 53503
14635 60196 74831
4952 17359 22311
4189 14965 19154
4527 16166 20693
14421 56105 70526
22888 68640 91528
10918 40721 51639
21624 71118 92742
12856 46844 59700
14033 50417 64450
11591 43442 55033
17642 62382 80024
7990 28024 36014
15675 58802 74477
15001 54481 69482
3397 12786 16183
13928 52582 66510
10135 40129 50264
11470 41626 53096
3801 14282 18083
6498 25069 31567
20874 77299 98173
5437 19512 24949
13951 48200 62151
12540 47281 59821
6072 22445 28517
23742 91182 114924
5846 21992 27838
7038 25518 32556
10924 35943 46867
5507 18818 24325
33310 121144 154454
28309 98758 127067
22719 87222 109941
16459 60784 77243
5500 18792 24292
17261 57732 74993
4788 16775 21563
11128 34819 45947
7762 30258 38020
3070 10993 14063
4932 19304 24236
34554 125375 159929
6705 24735 31440
3879 13554 17433
4672 16326 20998
2969 10839 13808
18705 67074 85779
40128 143336 183464
11107 39068 50175
10283 37702 47985
14106 51783 65889
20044 66955 86999
17278 63504 80782
16275 61134 77409
5395 21163 26558
15769 60519 76288
26590 95185 121775
21963 72620 94583
23756 93592 117348
24061 81676 105737
10826 35597 46423
5725 21933 27658
13989 49343 63332
15549 58720 74269
25477 98003 123480
11610 45019 56629
9628 36267 45895
12813 49497 62310
4122 15641 19763
7543 27482 35025
9971 32490 42461
14264 49679 63943
8751 30649 39400
33713 116479 150192
12559 48939 61498
10946 41977 52923
16989 60932 77921
11519 45866 57385
4007 14255 18262
12177 46526 58703
11179 44529 55708
6601 23693 30294
12904 49740 62644
21628 87846 109474
9621 32316 41937
15148 35907 51055
20353 69018 89371
17642 67205 84847
2679 10600 13279
25693 97370 123063
21470 52095 73565
3666 13173 16839
2323 9509 11832
11037 35945 46982
3523 12703 16226
6689 24946 31635
11223 40993 52216
10209 39276 49485
17415 60818 78233
3196 11303 14499
7024 26220 33244
9443 30520 39963
35856 134724 170580
16465 59945 76410
12799 48788 61587
14759 53091 67850
23923 82857 106780
17574 68894 86468
13300 47294 60594
9794 34224 44018
13447 51407 64854
4937 16628 21565
10400 42058 52458
7805 27453 35258
3911 14185 18096
3007 10822 13829
5220 18526 23746
13099 52242 65341
15100 55000 70100
7573 26699 34272
10561 41808 52369
15708 59320 75028
9422 32709 42131
13918 50722 64640
22637 72887 95524
3971 13239 17210
7013 26482 33495
21614 74668 96282
6466 24001 30467
23872 101611 125483
21976 76129 98105
7676 27779 35455
10709 41526 52235
32663 122281 154944
13946 52371 66317
22367 85004 107371
10639 39974 50613
11790 46367 58157
12000 39945 51945
4501 16081 20582
10006 34183 44189
18635 64144 82779
14130 50307 64437
16422 61070 77492
7547 27365 34912
13624 53414 67038
5219 17857 23076
6454 23761 30215
6826 23473 30299
3489 12901 16390
7684 27762 35446
21637 73452 95089
13206 50562 63768
10808 36288 47096
4944 17688 22632
16710 61580 78290
4904 21469 26373
9939 34494 44433
11811 44654 56465
7532 27790 35322
6350 22427 28777
5363 21612 26975
5806 23073 28879
11728 40610 52338
7545 29279 36824
14707 54309 69016
6211 22706 28917
10066 40760 50826
14903 54468 69371
17196 63900 81096
10587 39344 49931
21571 73407 94978
6955 25593 32548
26798 94900 121698
22090 76710 98800
12550 49812 62362
7511 27923 35434
16220 57255 73475
9989 34629 44618
13662 49710 63372
4797 16596 21393
10203 40885 51088
11808 46181 57989
7903 29390 37293
22297 75976 98273
31117 110669 141786
7774 28965 36739
21365 69736 91101
11575 38839 50414
4266 15616 19882
9508 33809 43317
22621 74932 97553
13989 52093 66082
11074 37487 48561
10790 37647 48437
23707 90102 113809
15661 58224 73885
9907 32927 42834
10310 41183 51493
18456 64364 82820
17039 60021 77060
28126 110899 139025
8049 30107 38156
6636 23414 30050
3083 11672 14755
7165 25910 33075
10563 35905 46468
10824 40939 51763
18412 67130 85542
10633 41397 52030
6026 21701 27727
17668 64340 82008
11514 37967 49481
3276 11514 14790
14364 53773 68137
34899 133303 168202
13745 51287 65032
5277 21538 26815
16409 58810 75219
16202 57153 73355
5063 17781 22844
17304 66068 83372
9287 32086 41373
11532 43824 55356
31722 112316 144038
7012 26564 33576
17782 67750 85532
6765 23555 30320
3634 13677 17311
15841 55799 71640
15684 59514 75198
18710 68326 87036
23242 78048 101290
16918 61033 77951
22873 84980 107853
11865 42975 54840
21027 87601 108628
7174 24476 31650
6081 22537 28618
14017 49959 63976
34000 120763 154763
63409 106251 169660
12231 45831 58062
9780 36425 46205
7028 26167 33195
9218 31245 40463
26255 96407 122662
20967 73676 94643
10073 41047 51120
14362 54071 68433
14814 57342 72156
11064 42188 53252
14260 52234 66494
9585 38159 47744
7064 25129 32193
17544 64453 81997
13573 51184 64757
22758 75565 98323
3969 13924 17893
14360 54097 68457
9654 32912 42566
12229 50242 62471
5193 20045 25238
21166 72546 93712
11982 54061 66043
13934 15554 29488
38410 146229 184639
39501 120872 160373
15665 55604 71269
14425 53402 67827
13212 44514 57726
10284 38520 48804
10524 38988 49512
16222 56992 73214
22200 87400 109600
16981 60922 77903
27980 105388 133368
11598 38160 49758
28585 101436 130021
7807 27400 35207
11128 42007 53135
3848 13966 17814
11529 43411 54940
23539 91911 115450
7891 28159 36050
4690 13230 17920
