6766 75070 81836
3856 42178 46034
8344 87764 96108
8353 87163 95516
7327 78611 85938
7135 81610 88745
4183 48943 53126
3634 38785 42419
4963 57359 62322
10108 121685 131793
3218 34397 37615
8547 93142 101689
10058 122042 132100
6722 77021 83743
3490 37177 40667
5256 56864 62120
11071 127188 138259
4138 48308 52446
7372 82679 90051
11349 129103 140452
13120 153581 166701
6270 68525 74795
4176 50518 54694
3636 39632 43268
5984 68005 73989
7701 87846 95547
2438 27575 30013
1964 22191 24155
2036 24364 26400
8284 93208 101492
9136 99555 108691
5819 64018 69837
9196 105946 115142
7450 82684 90134
6857 76774 83631
5986 68728 74714
8341 97696 106037
4388 45966 50354
8607 91031 99638
7884 82706 90590
1914 20824 22738
7063 79822 86885
5751 68255 74006
5950 63861 69811
2001 23039 25040
3614 38357 41971
9678 119481 129159
2883 30814 33697
6917 78785 85702
7126 80981 88107
3106 33662 36768
12178 140607 152785
3282 34892 38174
4004 43287 47291
5088 60067 65155
2430 27812 30242
16244 193478 209722
15545 170354 185899
11694 131037 142731
8838 95803 104641
2628 32172 34800
8025 92727 100752
2347 28126 30473
4859 54854 59713
3839 46997 50836
1677 18201 19878
2634 29880 32514
18231 211737 229968
3345 37117 40462
1890 22600 24490
2215 25894 28109
1664 17829 19493
9736 104923 114659
18336 210653 228989
6046 65722 71768
5503 58712 64215
7184 77366 84550
9714 112939 122653
7759 91765 99524
7914 93583 101497
2923 33060 35983
8821 93528 102349
15255 170003 185258
10929 126115 137044
12865 147357 160222
10608 119156 129764
5036 55559 60595
3169 35213 38382
7248 79145 86393
8138 92380 100518
12543 142495 155038
6320 70219 76539
4407 55254 59661
7134 79148 86282
1850 23010 24860
3946 42791 46737
4781 55078 59859
7488 77683 85171
4322 47469 51791
18079 180059 198138
6233 71696 77929
6513 72794 79307
8405 85718 94123
6079 72110 78189
2010 23053 25063
6608 70346 76954
5905 68991 74896
3569 38652 42221
6758 76686 83444
12492 148397 160889
4399 50805 55204
6261 54712 60973
9922 120050 129972
8191 100820 109011
1499 15479 16978
12612 142764 155376
8119 89533 97652
2064 21771 23835
1149 13989 15138
5230 56922 62152
1938 20186 22124
3769 39299 43068
4874 59999 64873
4791 54231 59022
8739 88168 96907
1667 17766 19433
3629 40997 44626
4322 47343 51665
16046 200422 216468
8243 91110 99353
6808 77649 84457
8396 90996 99392
10379 123156 133535
8733 105977 114710
7763 81813 89576
4536 55170 59706
7525 76553 84078
2236 26177 28413
5210 60868 66078
4388 46454 50842
1981 21101 23082
1636 17724 19360
2365 28569 30934
7555 86002 93557
7984 89125 97109
3123 35570 38693
5483 62337 67820
7980 88031 96011
4259 51181 55440
8102 85182 93284
11109 112402 123511
2096 21563 23659
3761 42773 46534
9364 112231 121595
3222 34913 38135
13361 157889 171250
10418 118948 129366
7289 44145 51434
5737 65489 71226
16124 180344 196468
7259 77781 85040
11688 131988 143676
5504 58780 64284
6423 73035 79458
5201 57858 63059
2184 24981 27165
4769 49724 54493
8772 100115 108887
7095 77653 84748
7896 94253 102149
4207 43293 47500
6748 80077 86825
2349 27813 30162
3233 36116 39349
3310 35280 38590
1809 23786 25595
3833 41505 45338
9189 113145 122334
7701 86785 94486
4645 53667 58312
2377 30648 33025
10231 95069 105300
2614 30352 32966
4259 50566 54825
6394 69752 76146
3934 42357 46291
3584 43893 47477
2891 34912 37803
3130 35161 38291
5185 60544 65729
4111 47257 51368
7337 81869 89206
3290 35646 38936
5290 62276 67566
7503 82981 90484
8768 98700 107468
5726 61908 67634
9916 114263 124179
4207 40122 44329
14263 152971 167234
10207 116488 126695
6585 76913 83498
4410 46714 51124
8091 85806 93897
4185 51612 55797
7352 80596 87948
2228 25545 27773
5226 60986 66212
6480 73616 80096
3855 44379 48234
10251 119655 129906
15637 168923 184560
4084 48139 52223
8895 101241 110136
5392 61569 66961
2093 23331 25424
4297 53897 58194
9632 110556 120188
7372 81630 89002
5225 58701 63926
4888 58029 62917
12703 141469 154172
8414 90734 99148
4222 48916 53138
6075 69165 75240
8499 96460 104959
9055 98762 107817
14999 168342 183341
4042 44606 48648
3597 37229 40826
1663 18842 20505
3650 39047 42697
4856 54994 59850
5347 65522 70869
8331 99311 107642
5854 63417 69271
3133 33635 36768
8135 93578 101713
5229 59003 64232
1557 17949 19506
7626 84522 92148
17365 209323 226688
7359 82492 89851
2935 33543 36478
8364 89669 98033
8023 87210 95233
2165 27093 29258
8746 103428 112174
4315 47416 51731
5910 69261 75171
16780 168544 185324
3700 42463 46163
8465 100601 109066
3473 36445 39918
1905 20928 22833
7915 85022 92937
8527 95610 104137
9095 100206 109301
11271 128147 139418
8568 94179 102747
14245 134728 148973
6716 71641 78357
9547 132584 142131
3923 39827 43750
3060 34494 37554
7371 81289 88660
18174 190187 208361
15863 172478 188341
7082 78264 85346
5229 58333 63562
4069 46475 50544
4129 48378 52507
13903 152996 166899
9153 110189 119342
5971 65089 71060
7188 82545 89733
8622 97769 106391
5519 62817 68336
8069 87582 95651
5396 60137 65533
3860 39630 43490
8824 99320 108144
6733 76974 83707
9804 112382 122186
1833 21881 23714
7266 82845 90111
4718 54217 58935
7297 75838 83135
2752 31496 34248
9477 113972 123449
6313 67176 73489
2048 21382 23430
16489 209993 226482
16877 172037 188914
8578 87917 96495
7305 79768 87073
4437 53061 57498
5999 65792 71791
6464 62739 69203
8537 96234 104771
13239 128820 142059
8988 104050 113038
16371 177030 193401
5021 55469 60490
16448 173775 190223
3893 40722 44615
6061 68032 74093
1901 22650 24551
5880 63222 69102
13784 161762 175546
3964 45235 49199
1830 20038 21868
