4143 79075 83218
2218 51069 53287
4296 90731 95027
4528 97858 102386
3844 88323 92167
4010 85569 89579
2712 61517 64229
1940 39660 41600
3247 71367 74614
5913 141291 147204
1850 39140 40990
5269 116142 121411
5710 128478 134188
4342 91202 95544
1977 45742 47719
2817 65769 68586
6042 135645 141687
2202 52218 54420
4232 97348 101580
6836 149079 155915
8415 191181 199596
3686 85378 89064
2607 62872 65479
2044 48004 50048
3203 74482 77685
4504 105706 110210
1790 32218 34008
1169 27503 28672
1361 28267 29628
4059 100415 104474
5952 125315 131267
3257 68290 71547
5979 129644 135623
4166 86016 90182
4437 91064 95501
3914 85454 89368
5109 114287 119396
2309 51271 53580
4629 106157 110786
4227 99149 103376
946 22583 23529
4433 95605 100038
3181 72916 76097
3610 78021 81631
1044 24815 25859
1978 45616 47594
6113 141159 147272
1709 36930 38639
4565 94174 98739
3862 87213 91075
1918 41786 43704
9282 167237 176519
1874 41206 43080
2161 48231 50392
3247 69943 73190
1554 35047 36601
9430 223907 233337
9142 189968 199110
7351 159086 166437
5207 119320 124527
1686 37285 38971
4865 103311 108176
1351 33370 34721
2918 63773 66691
2448 58567 61015
1046 22471 23517
1544 33117 34661
10916 242311 253227
1872 44923 46795
1789 26871 28660
1331 31893 33224
995 20764 21759
5153 112293 117446
11427 256037 267464
3523 75434 78957
3460 67571 71031
4148 93235 97383
5812 130582 136394
4820 113589 118409
4649 110695 115344
1667 37617 39284
6235 108177 114412
8606 182244 190850
6473 140440 146913
7212 157063 164275
6744 148759 155503
3195 68074 71269
2028 39841 41869
3990 89106 93096
4821 117652 122473
8023 176635 184658
4016 87356 91372
2868 66345 69213
3998 97120 101118
1100 27392 28492
2354 54759 57113
2849 63044 65893
4182 94343 98525
2663 58430 61093
10449 228154 238603
3848 90410 94258
3954 81880 85834
4521 104989 109510
20035 86092 106127
1154 25353 26507
4188 88386 92574
3799 87646 91445
2046 43405 45451
4240 90842 95082
7428 171667 179095
2669 60378 63047
2950 64778 67728
5765 131699 137464
4808 122967 127775
848 19120 19968
8063 174814 182877
4187 100076 104263
981 22721 23702
703 16839 17542
2892 64640 67532
1056 22606 23662
1981 44239 46220
3119 73711 76830
2721 58275 60996
5064 108282 113346
944 20672 21616
2199 46900 49099
2867 59444 62311
10318 243980 254298
5237 100743 105980
4363 94600 98963
8543 101331 109874
6308 140748 147056
5158 124204 129362
4311 84443 88754
2670 63107 65777
4173 90809 94982
1315 29702 31017
3385 75175 78560
2427 49652 52079
1165 25959 27124
1026 21416 22442
1493 34035 35528
3817 96562 100379
4336 105564 109900
2083 44183 46266
3379 76920 80299
4688 108380 113068
2754 63787 66541
4404 95335 99739
6629 137874 144503
1075 26058 27133
2238 48534 50772
5880 129860 135740
2221 44429 46650
7591 182288 189879
6137 136354 142491
2195 50632 52827
3557 79817 83374
9471 206576 216047
4133 93174 97307
6613 143514 150127
3365 72746 76111
3589 78970 82559
3198 71346 74544
1214 28218 29432
2774 61123 63897
5580 120563 126143
3918 86347 90265
5173 116555 121728
2112 49284 51396
3955 92676 96631
2007 31777 33784
2101 44365 46466
2072 40201 42273
1034 23802 24836
2032 47849 49881
5926 134536 140462
3929 92754 96683
2989 71505 74494
1504 33452 34956
6180 103540 109720
1646 34126 35772
2761 62692 65453
3914 80291 84205
2193 51373 53566
2180 43713 45893
1699 39989 41688
2008 43028 45036
3186 69982 73168
2284 53473 55757
4038 101120 105158
1964 40611 42575
3380 74483 77863
4079 91730 95809
4790 112255 117045
3709 78873 82582
5996 129366 135362
1977 45566 47543
8596 170309 178905
6162 138335 144497
3858 86070 89928
2215 52277 54492
4517 105070 109587
2556 61220 63776
4364 87280 91644
1294 29730 31024
3454 76910 80364
3601 79473 83074
2293 51679 53972
5845 132615 138460
8481 191125 199606
2209 52880 55089
5910 119768 125678
3319 72337 75656
1163 27426 28589
2885 66278 69163
5736 127684 133420
3952 91506 95458
2918 63775 66693
3010 67925 70935
7245 153679 160924
4815 115034 119849
2682 56492 59174
3646 80916 84562
5187 113033 118220
4887 117305 122192
8015 191965 199980
2445 51163 53608
1905 46122 48027
922 20125 21047
2320 48174 50494
2890 64284 67174
3549 75391 78940
5059 115379 120438
3741 79902 83643
1833 38319 40152
6465 109820 116285
3168 69463 72631
905 20132 21037
4051 96199 100250
9513 226214 235727
4083 94783 98866
1747 37694 39441
4773 108562 113335
4402 95889 100291
1390 33375 34765
4819 109552 114371
2492 54654 57146
3559 73514 77073
8863 205715 214578
1859 44684 46543
4936 116866 121802
1943 40559 42502
1017 24017 25034
4654 103463 108117
4212 102280 106492
5580 114755 120335
6179 137140 143319
4541 102764 107305
7097 152047 159144
17384 75677 93061
5510 147191 152701
2163 48625 50788
1767 38407 40174
4505 99825 104330
9054 202667 211721
9234 210450 219684
3875 85138 89013
3546 73041 76587
2242 49107 51349
2588 57883 60471
8452 172407 180859
6134 136359 142493
3412 71336 74748
4097 101718 105815
4332 106865 111197
3292 71643 74935
4444 100695 105139
3150 70194 73344
2134 45398 47532
4822 109936 114758
4285 85311 89596
5852 130615 136467
1423 25293 26716
4017 93840 97857
2591 59219 61810
3941 86516 90457
1517 33965 35482
5557 127983 133540
3664 83548 87212
1051 24270 25321
9818 232686 242504
10223 192194 202417
4973 109873 114846
3955 90709 94664
2960 66920 69880
3353 74188 77541
3650 79084 82734
4752 105711 110463
7145 159006 166151
5013 111777 116790
8162 188115 196277
2932 62954 65886
9146 201652 210798
2169 46145 48314
3664 79777 83441
1132 25534 26666
3503 72417 75920
9208 184113 193321
2324 52510 54834
1028 22972 24000
