3694 90479 94173
2078 54046 56124
4033 94683 98716
3995 100530 104525
4161 102162 106323
3443 95922 99365
2155 58643 60798
1977 45518 47495
2520 67336 69856
4724 134515 139239
1702 40050 41752
4211 109669 113880
6025 142689 148714
3396 82917 86313
1808 42886 44694
2558 73890 76448
5436 138057 143493
2128 55215 57343
4072 92960 97032
5680 155344 161024
7087 177500 184587
3128 79441 82569
2088 57850 59938
2026 50704 52730
2768 73055 75823
3897 97712 101609
1223 32287 33510
1010 28758 29768
1365 27903 29268
3920 97165 101085
4668 116324 120992
2689 68433 71122
4777 122524 127301
3636 96229 99865
3489 87345 90834
3070 80010 83080
4240 107912 112152
2022 53791 55813
4041 105474 109515
3999 101619 105618
901 24719 25620
3515 90461 93976
2813 72896 75709
2932 74131 77063
880 27706 28586
1718 43106 44824
4991 133495 138486
1468 36356 37824
3558 87145 90703
3320 88044 91364
1552 39114 40666
6814 176041 182855
1612 41147 42759
2110 51011 53121
2535 66150 68685
1219 32832 34051
8430 206861 215291
7726 200154 207880
5899 151745 157644
4086 114377 118463
2131 37491 39622
4115 105993 110108
1198 34166 35364
2467 64220 66687
2069 61430 63499
909 23330 24239
1287 33468 34755
9496 257063 266559
1795 42554 44349
953 27600 28553
1206 33593 34799
834 19660 20494
4784 126112 130896
10849 246730 257579
2985 71915 74900
2900 69661 72561
3703 90892 94595
5099 135155 140254
4170 108943 113113
4201 112157 116358
1438 36176 37614
8590 110856 119446
7625 188473 196098
5163 134909 140072
6205 161244 167449
6175 140218 146393
2696 66674 69370
1566 41465 43031
3769 94879 98648
4040 118739 122779
6395 172086 178481
3534 89140 92674
2245 63276 65521
3603 94908 98511
1176 29189 30365
1853 54353 56206
2508 65451 67959
3918 90059 93977
2172 57725 59897
8391 215271 223662
3244 83684 86928
3071 77916 80987
3962 103128 107090
3085 83489 86574
947 25426 26373
3715 89338 93053
2966 80727 83693
1828 44559 46387
3603 91028 94631
6560 175238 181798
2344 59964 62308
2575 65776 68351
11008 134086 145094
4376 117671 122047
735 18761 19496
7110 180204 187314
3943 97107 101050
1363 23519 24882
627 17164 17791
2461 64339 66800
1852 22048 23900
1956 45262 47218
2588 70426 73014
2583 59033 61616
4123 105948 110071
833 19447 20280
1798 50783 52581
2194 57445 59639
8325 237133 245458
3851 101164 105015
3557 89923 93480
3951 96686 100637
5351 141330 146681
4637 128023 132660
3696 85143 88839
2209 59383 61592
3474 88068 91542
1176 31887 33063
2839 71184 74023
1892 48886 50778
909 24932 25841
781 20004 20785
1239 32415 33654
3616 91255 94871
4109 99178 103287
1648 40028 41676
2950 79642 82592
4071 101012 105083
2175 59697 61872
3978 98779 102757
5263 134997 140260
1259 24599 25858
2101 45695 47796
5087 134064 139151
1757 43880 45637
6321 176628 182949
5622 150109 155731
2269 48699 50968
3064 75774 78838
8519 212942 221461
3906 96188 100094
5605 145027 150632
2725 73841 76566
2964 80870 83834
2918 74349 77267
999 28507 29506
2279 58399 60678
4874 125713 130587
3790 88820 92610
5581 110816 116397
2341 47418 49759
3428 99365 102793
1115 31652 32767
1663 42024 43687
1880 42933 44813
914 24274 25188
2008 49771 51779
5203 138217 143420
3799 94575 98374
2452 63950 66402
1178 33758 34936
4199 110643 114842
1337 36829 38166
2635 61345 63980
3222 83084 86306
2001 49281 51282
1842 45381 47223
1399 38640 40039
1586 41083 42669
2573 76349 78922
2107 55151 57258
3710 95389 99099
1664 38594 40258
2663 70248 72911
3946 95866 99812
4082 110697 114779
2849 71786 74635
5995 129825 135820
2023 49654 51677
7247 172436 179683
5343 140503 145846
3171 86023 89194
2161 50335 52496
3707 99761 103468
2106 60326 62432
3855 94298 98153
1130 32323 33453
2906 80986 83892
3120 77865 80985
2154 57036 59190
4786 129658 134444
7887 188781 196668
2019 52211 54230
4656 116592 121248
2877 73872 76749
1001 27054 28055
2331 64775 67106
4953 130868 135821
3767 97733 101500
2450 64665 67115
2773 67728 70501
6119 157402 163521
3819 106157 109976
2312 62307 64619
2856 76309 79165
4588 119318 123906
4212 119167 123379
7558 197474 205032
1920 56478 58398
1855 47078 48933
871 22450 23321
1851 45648 47499
2678 70288 72966
2789 72838 75627
4477 125713 130190
3024 75475 78499
2286 40299 42585
4423 123422 127845
2514 65907 68421
864 23145 24009
3954 99711 103665
8186 235205 243391
3598 88795 92393
1477 40024 41501
4195 111861 116056
4248 99181 103429
1150 31493 32643
4200 114707 118907
2341 60763 63104
2926 74592 77518
8063 194259 202322
1781 45537 47318
4264 125219 129483
1876 44803 46679
899 23576 24475
4552 105905 110457
3800 105419 109219
4482 118723 123205
6280 143707 149987
4276 117329 121605
6622 158730 165352
3244 81346 84590
5048 152479 157527
1974 49263 51237
1664 41119 42783
3931 93022 96953
8725 204590 213315
8006 194673 202679
3673 94889 98562
2792 68896 71688
2157 54499 56656
2113 54698 56811
17976 179361 197337
5114 138792 143906
3144 77308 80452
3692 96754 100446
3760 107264 111024
2768 77734 80502
4126 95271 99397
2947 77914 80861
2152 50469 52621
4199 112250 116449
3683 94285 97968
5031 134070 139101
913 28577 29490
4172 101678 105850
2217 60411 62628
3413 88678 92091
1359 35146 36505
4941 135065 140006
3060 77619 80679
1713 27275 28988
8517 233199 241716
8364 213160 221524
3904 102737 106641
20964 96571 117535
2333 63973 66306
3100 77867 80967
3045 78176 81221
4433 115706 120139
5656 149204 154860
4270 121214 125484
7711 191556 199267
2529 63458 65987
7948 189349 197297
1989 46949 48938
3170 80749 83919
921 25453 26374
2941 73107 76048
6508 172800 179308
1906 52108 54014
965 23352 24317
