4119 84815 88934
2640 46359 48999
5196 96895 102091
5859 102426 108285
5072 93313 98385
5098 90202 95300
3979 68950 72929
2180 40612 42792
3771 69188 72959
6587 126511 133098
2174 41277 43451
5762 106166 111928
7378 137182 144560
4192 87940 92132
2417 44953 47370
3459 64175 67634
7283 142910 150193
2437 47439 49876
5156 96560 101716
8393 134359 142752
8374 175610 183984
4158 76718 80876
3179 59232 62411
2230 44886 47116
3851 68245 72096
5424 103469 108893
1578 30232 31810
1314 24413 25727
1573 29597 31170
4921 91836 96757
7193 123549 130742
3837 64293 68130
7195 127013 134208
4216 83403 87619
4496 85078 89574
4013 76319 80332
5596 103111 108707
5146 46152 51298
5520 99947 105467
5265 97216 102481
1208 21332 22540
4414 88222 92636
3855 71114 74969
4461 77241 81702
1230 24482 25712
2614 42897 45511
6788 132348 139136
2247 37628 39875
4497 86564 91061
4244 83303 87547
2039 39953 41992
7978 152349 160327
2299 38386 40685
2514 46259 48773
3459 62141 65600
1846 34140 35986
11054 212533 223587
10617 191689 202306
8636 158414 167050
6117 115273 121390
1845 34625 36470
6027 107043 113070
1672 32000 33672
3632 67252 70884
2918 58124 61042
1828 20766 22594
1808 31978 33786
12636 237117 249753
2245 41678 43923
1367 26145 27512
1695 29442 31137
1016 19828 20844
6574 116325 122899
13406 250074 263480
4151 68738 72889
3998 67477 71475
4698 91997 96695
6996 125267 132263
5909 111028 116937
5711 106826 112537
2019 34970 36989
5696 113612 119308
9756 183112 192868
7650 136185 143835
8302 154062 162364
8032 134470 142502
3541 63323 66864
1920 39077 40997
4778 88497 93275
5649 111268 116917
8589 172235 180824
4221 84508 88729
3337 62859 66196
4599 96557 101156
2357 27261 29618
2731 49365 52096
3458 61795 65253
4971 87765 92736
3243 58114 61357
12315 222293 234608
4419 86291 90710
3920 79826 83746
5887 106650 112537
4143 87620 91763
1373 25110 26483
4555 86582 91137
4358 84981 89339
2085 40200 42285
6729 93815 100544
8243 158380 166623
3354 60531 63885
3842 67137 70979
7071 129137 136208
6259 121658 127917
1731 17831 19562
8460 168786 177246
5081 97914 102995
1449 23671 25120
835 16797 17632
3581 59608 63189
1247 21993 23240
2355 42681 45036
3520 71615 75135
3194 57530 60724
5863 100191 106054
1083 19544 20627
2337 45734 48071
3294 56999 60293
11471 224349 235820
5651 104971 110622
4329 90053 94382
5342 98662 104004
7504 137614 145118
5645 113900 119545
5495 84763 90258
3119 60308 63427
4376 84018 88394
1635 28173 29808
3679 69437 73116
2826 51356 54182
1280 23841 25121
1104 20285 21389
1760 32876 34636
4829 95385 100214
5168 97027 102195
2310 41282 43592
3794 73896 77690
5609 105409 111018
3335 61905 65240
4988 92143 97131
7522 140547 148069
1291 25317 26608
2493 46122 48615
7037 125936 132973
2206 42057 44263
8460 178394 186854
7165 131627 138792
2554 48450 51004
4352 78492 82844
10698 199479 210177
4913 92005 96918
7936 140091 148027
4080 71075 75155
3883 76994 80877
3713 66176 69889
1558 26876 28434
3265 59150 62415
6527 116598 123125
4929 89570 94499
6121 116699 122820
2523 46880 49403
4338 88737 93075
1690 31109 32799
2071 40524 42595
2241 41646 43887
1199 24552 25751
2654 49285 51939
6667 122487 129154
4809 94780 99589
3339 65068 68407
1721 32793 34514
5724 107263 112987
2014 35175 37189
3227 60647 63874
3810 73687 77497
2602 49482 52084
2350 43999 46349
2118 39320 41438
2012 39514 41526
3793 71916 75709
2607 52494 55101
4682 94238 98920
2061 39234 41295
3797 69263 73060
5086 94842 99928
6084 111513 117597
4022 70858 74880
6784 123027 129811
2482 46588 49070
9525 181097 190622
6648 123669 130317
3977 84616 88593
2807 54237 57044
5702 100794 106496
3064 59769 62833
4489 86710 91199
1625 30656 32281
3746 68851 72597
4230 83301 87531
2702 51998 54700
7274 134520 141794
10533 194513 205046
2874 54258 57132
6759 113707 120466
3739 69118 72857
1444 26980 28424
3218 62438 65656
6791 127062 133853
5007 96436 101443
3520 62387 65907
3590 69402 72992
8524 159098 167622
5795 109902 115697
4380 57923 62303
8009 73558 81567
6458 113154 119612
5919 111501 117420
9413 194911 204324
2755 53105 55860
2239 43443 45682
1398 20663 22061
2462 47223 49685
3808 66294 70102
3770 71587 75357
6233 118257 124490
4123 71996 76119
2168 39952 42120
5752 110533 116285
3451 66973 70424
999 21476 22475
5156 100649 105805
12374 237533 249907
4513 88214 92727
1891 39623 41514
5697 103254 108951
5527 101524 107051
1584 31411 32995
6395 116643 123038
3027 56335 59362
4097 73449 77546
10932 197506 208438
2397 46890 49287
6513 115240 121753
2219 42986 45205
2290 22711 25001
5385 98534 103919
5520 105277 110797
6086 112804 118890
7597 143217 150814
5914 107884 113798
8678 161455 170133
4236 79548 83784
6768 147907 154675
2591 46082 48673
2089 41170 43259
4873 90253 95126
11610 209951 221561
10651 203363 214014
4170 91802 95972
3994 67438 71432
2608 51376 53984
2958 52202 55160
9632 182385 192017
6511 125748 132259
4264 72138 76402
4533 90587 95120
5482 108076 113558
4045 73003 77048
5002 98679 103681
3923 72757 76680
2469 43511 45980
6205 113458 119663
4421 85555 89976
7470 133170 140640
1421 28403 29824
4986 95914 100900
3334 60900 64234
4231 85472 89703
1948 35436 37384
7237 132347 139584
3923 78756 82679
1336 23847 25183
12328 239241 251569
10956 200658 211614
5327 98333 103660
4957 95118 100075
3423 63598 67021
3986 68748 72734
6468 75068 81536
5883 103222 109105
8299 150923 159222
6449 116015 122464
10444 193716 204160
3606 65059 68665
10079 190601 200680
2659 44565 47224
4193 80993 85186
1416 26572 27988
4373 74647 79020
8660 179012 187672
2689 51290 53979
1284 23388 24672
