5431 80887 86318
3203 46795 49998
6023 87938 93961
7131 96007 103138
6043 89178 95221
5383 81509 86892
3717 53388 57105
2756 41217 43973
3942 60894 64836
8259 128826 137085
2430 36901 39331
7128 108175 115303
32696 127501 160197
5577 83128 88705
2896 43188 46084
4054 64682 68736
8401 126437 134838
3249 48206 51455
6256 91781 98037
8913 139535 148448
11153 174514 185667
4849 74769 79618
3834 55192 59026
3005 45092 48097
4307 73316 77623
6390 99215 105605
1882 32625 34507
2071 25579 27650
1882 27617 29499
6448 92645 99093
8229 116251 124480
4152 63034 67186
7899 121059 128958
6989 80700 87689
5902 89704 95606
5081 79196 84277
6802 99753 106555
3317 48407 51724
6686 102663 109349
6243 86689 92932
1415 21389 22804
5761 88597 94358
4458 71688 76146
4510 68461 72971
1592 25281 26873
2866 44301 47167
9103 132906 142009
2173 35412 37585
5742 89345 95087
5107 84916 90023
2534 37424 39958
9419 152850 162269
3942 40560 44502
3234 45596 48830
4145 65539 69684
2092 33006 35098
13759 190638 204397
12275 179443 191718
9673 148523 158196
7528 108323 115851
2118 35772 37890
6813 92606 99419
1941 30079 32020
4220 63957 68177
3296 54191 57487
1450 21200 22650
2112 33065 35177
15705 223535 239240
2607 39080 41687
1709 24931 26640
1920 27938 29858
1231 19263 20494
7914 112231 120145
16646 240976 257622
4761 70416 75177
4236 62604 66840
6014 88818 94832
8239 120891 129130
6680 96609 103289
7398 108493 115891
2047 32384 34431
7112 108789 115901
10901 164114 175015
8397 131953 140350
9123 144953 154076
8113 124901 133014
4128 64625 68753
2174 34400 36574
5836 89880 95716
7326 106755 114081
9754 155571 165325
5340 80967 86307
3947 55077 59024
5892 93374 99266
1701 26888 28589
3515 50940 54455
3894 59279 63173
5884 80778 86662
4077 56164 60241
14055 196105 210160
4863 76673 81536
5011 77749 82760
6563 96335 102898
5196 83656 88852
1775 25247 27022
5698 83545 89243
4444 75192 79636
2526 40596 43122
5948 91507 97455
8804 149755 158559
3999 58550 62549
3934 60906 64840
8549 126397 134946
30127 105716 135843
1077 16505 17582
10915 167752 178667
5891 89914 95805
1516 20685 22201
960 16062 17022
4282 58139 62421
1354 20539 21893
2803 42608 45411
3841 70007 73848
3745 53536 57281
6749 93655 100404
1355 18459 19814
2930 44978 47908
3981 55506 59487
15280 232023 247303
6581 93896 100477
5382 85203 90585
6169 88219 94388
8830 141532 150362
7170 107820 114990
6214 88013 94227
3749 54823 58572
5902 87480 93382
2061 28885 30946
4071 66707 70778
3220 46698 49918
1536 22953 24489
1345 19062 20407
1995 32076 34071
5366 88128 93494
6090 93493 99583
2503 37894 40397
4383 72396 76779
6183 92712 98895
3848 56033 59881
5878 85213 91091
8538 121536 130074
1566 22271 23837
2952 42023 44975
8017 113225 121242
2558 37977 40535
9821 158962 168783
12575 134747 147322
2906 43578 46484
4893 73711 78604
13146 192361 205507
5405 82888 88293
9624 138046 147670
4194 65162 69356
4579 71761 76340
4348 67738 72086
1814 25633 27447
4219 52968 57187
8402 105385 113787
9004 86896 95900
7498 101691 109189
2939 45176 48115
5442 85134 90576
1950 27869 29819
2730 42216 44946
2884 39804 42688
1494 22115 23609
3294 47009 50303
8173 117337 125510
5616 86999 92615
4270 57398 61668
1938 30848 32786
6450 95686 102136
2164 34242 36406
3996 59016 63012
4709 71199 75908
3242 48039 51281
2609 39255 41864
2127 37462 39589
2506 39761 42267
4157 65792 69949
3324 50125 53449
5687 89701 95388
2566 39285 41851
4506 70310 74816
6400 94092 100492
7116 101194 108310
4971 70611 75582
8306 123552 131858
3182 45517 48699
11815 173963 185778
8641 126354 134995
5043 80609 85652
3420 51725 55145
6597 89838 96435
3825 58873 62698
5828 88103 93931
1962 27483 29445
4014 66101 70115
4786 73832 78618
3653 51139 54792
8989 130375 139364
12178 180464 192642
3232 47766 50998
8577 117822 126399
3928 62379 66307
1930 28320 30250
3788 56790 60578
8429 118987 127416
6360 96133 102493
3870 59988 63858
3894 62709 66603
10215 156892 167107
6655 99997 106652
3904 52275 56179
4329 70578 74907
36488 100075 136563
7245 108688 115933
11758 180897 192655
3141 48025 51166
2693 40688 43381
1288 20428 21716
2939 45368 48307
3789 62691 66480
4217 64580 68797
7079 106892 113971
4546 73771 78317
2410 35971 38381
6824 103771 110595
3922 59827 63749
1271 20835 22106
6004 89917 95921
14196 209819 224015
5406 82920 88326
2233 35872 38105
6378 92502 98880
6099 96005 102104
2153 27861 30014
7074 102220 109294
3773 50375 54148
4931 75701 80632
12386 174748 187134
2782 46658 49440
7147 107245 114392
2625 41302 43927
1574 23480 25054
6245 89436 95681
6144 91719 97863
7473 104660 112133
8001 129845 137846
6665 93794 100459
9883 155448 165331
5143 71008 76151
8802 149541 158343
3240 44781 48021
2691 40815 43506
5814 87448 93262
14072 190765 204837
13239 199312 212551
5509 85696 91205
4250 63872 68122
3031 45966 48997
3549 50074 53623
11698 179063 190761
7956 120743 128699
4342 66099 70441
5491 89243 94734
6287 95588 101875
4710 68154 72864
6509 95945 102454
4070 64270 68340
3059 41080 44139
7256 100185 107441
5353 80910 86263
8268 119200 127468
1644 23520 25164
6322 95082 101404
3816 55715 59531
5527 87526 93053
1969 31797 33766
8159 118813 126972
4669 74410 79079
1512 22588 24100
15343 232388 247731
13133 180730 193863
7322 102235 109557
5843 86454 92297
4062 61537 65599
4372 68438 72810
4790 72095 76885
6888 100985 107873
9249 148888 158137
7535 105235 112770
12931 192966 205897
3863 60063 63926
13269 190997 204266
3045 42535 45580
4750 74083 78833
2016 25404 27420
4683 67760 72443
10664 172185 182849
3343 49676 53019
1536 20830 22366
