6199 54008 60207
4365 33490 37855
8557 64268 72825
9301 68856 78157
8077 63651 71728
7551 66194 73745
4756 39473 44229
4382 26082 30464
5606 45582 51188
10409 81197 91606
3605 28254 31859
8693 72543 81236
9647 80789 90436
6682 54535 61217
3549 26641 30190
4974 40030 45004
16510 97788 114298
3759 29778 33537
8272 64152 72424
10424 87012 97436
13061 107984 121045
6372 52854 59226
4029 33498 37527
3661 31093 34754
5367 48042 53409
8091 66564 74655
2410 20444 22854
2254 17880 20134
2044 18084 20128
8799 69196 77995
11576 72500 84076
5423 47852 53275
9236 75480 84716
6882 53769 60651
7119 54790 61909
6819 55226 62045
7969 64642 72611
4520 34061 38581
8416 66378 74794
7879 59804 67683
1766 14097 15863
7998 65011 73009
5370 46390 51760
6240 50095 56335
1988 15718 17706
3547 27505 31052
10641 90395 101036
2953 21797 24750
8062 62478 70540
7151 52878 60029
3556 27062 30618
12516 97139 109655
3614 27799 31413
3659 28444 32103
5602 45688 51290
2504 19647 22151
17770 143711 161481
15692 125870 141562
13069 104763 117832
8132 67840 75972
2606 20975 23581
8043 65873 73916
4170 18626 22796
4840 38888 43728
3645 34822 38467
1678 12798 14476
2720 21337 24057
17006 140183 157189
18864 29940 48804
1900 15665 17565
2281 18950 21231
1862 14163 16025
10685 76405 87090
19758 171514 191272
6509 49254 55763
5341 42232 47573
7509 63388 70897
10695 79271 89966
7957 67505 75462
9346 73719 83065
3105 24900 28005
9630 69506 79136
15469 117496 132965
13023 93489 106512
14760 110771 125531
17692 83534 101226
5115 40261 45376
3309 25689 28998
7188 55866 63054
9159 71295 80454
12721 105006 117727
6987 55406 62393
5316 41928 47244
8400 64627 73027
2019 18246 20265
4771 34683 39454
4480 36353 40833
7626 61456 69082
4971 39916 44887
19030 129908 148938
6631 52940 59571
6004 49288 55292
11267 66532 77799
6493 57258 63751
1924 16155 18079
7928 60067 67995
6372 53617 59989
3436 27806 31242
7343 58645 65988
16914 102069 118983
5989 40229 46218
5426 40040 45466
9672 107771 117443
8952 77362 86314
1543 12623 14166
13646 107775 121421
9179 68811 77990
1989 16388 18377
1470 10752 12222
5449 40157 45606
2001 15719 17720
4555 28131 32686
5718 48643 54361
5685 43284 48969
12216 70926 83142
1969 12272 14241
4124 32066 36190
4312 33443 37755
17490 155564 173054
9287 70084 79371
6726 55191 61917
8251 66719 74970
10537 84909 95446
9183 78315 87498
7880 59943 67823
4804 40433 45237
7677 59858 67535
2378 19347 21725
5721 48383 54104
4073 31255 35328
2136 16382 18518
1669 12865 14534
2349 19617 21966
7756 62587 70343
8670 69072 77742
3236 25621 28857
5836 48864 54700
8597 68358 76955
4631 40299 44930
9162 63121 72283
11043 83103 94146
2133 16743 18876
3957 28420 32377
10325 83467 93792
3583 27747 31330
13954 117791 131745
10658 84504 95162
3951 33038 36989
6340 50897 57237
16171 126939 143110
7813 61685 69498
12153 97927 110080
6007 46723 52730
5805 48435 54240
5911 46409 52320
2022 17748 19770
4802 39137 43939
8698 72394 81092
8028 61359 69387
9095 73999 83094
3753 29667 33420
8091 60601 68692
2394 19399 21793
3259 25705 28964
3686 28797 32483
2885 16565 19450
4013 29601 33614
10938 86527 97465
8463 65710 74173
5231 42581 47812
2632 22705 25337
9076 68733 77809
2650 22663 25313
4511 40168 44679
7642 57567 65209
9750 48699 58449
3874 29458 33332
3159 32608 35767
3864 32653 36517
5955 48698 54653
3889 30651 34540
7873 63400 71273
3624 26518 30142
5308 42354 47662
7936 60305 68241
8797 68001 76798
6393 50662 57055
10521 85300 95821
3636 28550 32186
14392 109721 124113
12937 80744 93681
9388 54368 63756
4288 35900 40188
9647 72520 82167
4437 37928 42365
7907 62193 70100
2582 21450 24032
6131 50546 56677
7074 54990 62064
4562 38370 42932
10071 79711 89782
17014 132618 149632
3654 31626 35280
10149 80332 90481
5610 45803 51413
2239 18144 20383
4379 37079 41458
9479 78250 87729
8455 65388 73843
4729 39739 44468
5575 46036 51611
13489 107476 120965
8173 64233 72406
4240 34745 38985
6322 51773 58095
8538 67431 75969
9516 72611 82127
14664 120227 134891
4321 33599 37920
3869 29730 33599
1794 14151 15945
3985 31252 35237
5699 44900 50599
6333 49236 55569
9622 78778 88400
5768 45437 51205
3135 25758 28893
10224 76572 86796
6129 45259 51388
1577 12757 14334
8797 71836 80633
18363 156346 174709
10447 61571 72018
3133 27571 30704
8710 71884 80594
9969 68070 78039
3030 21118 24148
12255 70652 82907
4964 38367 43331
6687 52865 59552
18135 137079 155214
4032 32388 36420
9693 80493 90186
4199 29210 33409
2305 16676 18981
8281 62690 70971
9053 72803 81856
9843 79880 89723
11831 96925 108756
9608 73779 83387
11620 93535 105155
6431 49776 56207
10935 107780 118715
4491 32520 37011
3667 28432 32099
8827 67790 76617
19162 144473 163635
16108 122997 139105
7453 58717 66170
5976 47814 53790
3744 30576 34320
4140 32541 36681
21568 112425 133993
10281 86346 96627
5862 45711 51573
8348 66421 74769
9483 73939 83422
6068 47267 53335
8878 68636 77514
6297 49819 56116
4254 29179 33433
11249 72439 83688
8531 61129 69660
13909 85528 99437
2085 17248 19333
7062 57152 64214
4967 40301 45268
6483 56465 62948
2933 23888 26821
9659 79252 88911
6127 49003 55130
2001 14821 16822
17717 149258 166975
18796 139405 158201
8661 64236 72897
8404 66542 74946
5256 44781 50037
5767 50208 55975
5626 44777 50403
9182 72377 81559
11103 89581 100684
9546 76963 86509
15151 121724 136875
5564 43794 49358
15751 118155 133906
3868 28781 32649
6885 54099 60984
1835 15777 17612
5747 43986 49733
13148 108655 121803
4564 35906 40470
2035 16121 18156
