3910 61524 65434
2037 33249 35286
4882 70439 75321
4971 76529 81500
5681 64860 70541
6978 65674 72652
2744 43991 46735
2740 29051 31791
3022 51747 54769
6299 105812 112111
2157 33441 35598
6132 90126 96258
5609 91921 97530
4100 65699 69799
1866 28382 30248
3267 50991 54258
8701 117563 126264
2635 42092 44727
4506 71776 76282
8473 107273 115746
8815 137746 146561
4399 61404 65803
2467 39325 41792
2030 32035 34065
3279 51528 54807
4159 68477 72636
1830 22562 24392
1266 19459 20725
1336 21512 22848
4376 69419 73795
6428 96414 102842
3705 54102 57807
5896 93058 98954
6468 62184 68652
6149 73874 80023
4264 66614 70878
5490 83315 88805
2148 33103 35251
4543 70710 75253
4792 72538 77330
1071 15691 16762
4126 70765 74891
3416 59044 62460
3692 58367 62059
1315 18247 19562
2044 33748 35792
7665 97790 105455
1743 27002 28745
4177 60423 64600
3987 58987 62974
2133 30825 32958
9008 125228 134236
1945 28651 30596
2307 35912 38219
2998 45414 48412
1664 25245 26909
9580 160824 170404
8339 122182 130521
7634 117119 124753
5190 84934 90124
1622 27144 28766
4727 71864 76591
1433 24320 25753
3365 49826 53191
2569 42472 45041
1101 15984 17085
1711 26179 27890
9894 159852 169746
2085 31155 33240
1108 17163 18271
1453 24013 25466
956 15000 15956
5750 88583 94333
11855 189162 201017
3341 49899 53240
3259 52626 55885
4433 67864 72297
6055 94686 100741
5113 83538 88651
4551 74193 78744
1836 27903 29739
6320 81438 87758
9202 135138 144340
6722 102390 109112
7568 123499 131067
6841 105733 112574
2880 44818 47698
1867 29556 31423
3949 63129 67078
5014 82603 87617
7759 117654 125413
21122 59296 80418
3008 47271 50279
3843 63280 67123
1218 20813 22031
2181 35224 37405
2985 46590 49575
4181 63258 67439
2859 44379 47238
9833 151794 161627
3929 64668 68597
3733 60245 63978
4530 72419 76949
3892 63733 67625
1128 17795 18923
3922 59368 63290
3647 61027 64674
2130 31028 33158
4162 67673 71835
7992 120143 128135
2901 46984 49885
3410 51071 54481
6013 97498 103511
5843 92343 98186
861 14016 14877
8225 131836 140061
4212 64491 68703
1246 18919 20165
759 11260 12019
3092 48935 52027
1003 16911 17914
2492 40333 42825
3972 67123 71095
2625 40664 43289
5553 81199 86752
982 13374 14356
1967 31904 33871
3030 43662 46692
10892 187318 198210
4944 79416 84360
4354 68226 72580
4582 75139 79721
7088 108696 115784
5358 89803 95161
4943 64369 69312
2440 40120 42560
4534 66864 71398
1635 22172 23807
3064 51074 54138
2089 34497 36586
1045 16758 17803
971 15029 16000
1409 22736 24145
4501 69730 74231
6860 69440 76300
2036 31658 33694
3510 55728 59238
4678 77100 81778
2663 41034 43697
4605 69250 73855
6091 108156 114247
1058 17039 18097
2374 32249 34623
6164 95655 101819
2187 31803 33990
8020 132716 140736
6786 105122 111908
2306 36729 39035
19500 54391 73891
8945 141547 150492
4333 67160 71493
7411 111001 118412
3524 53081 56605
3740 55263 59003
3539 52547 56086
1318 21424 22742
2911 44452 47363
5140 80341 85481
4056 67035 71091
5256 84796 90052
2075 32867 34942
4415 69412 73827
1444 23647 25091
1943 30542 32485
2204 30311 32515
1049 18371 19420
2319 36724 39043
6232 96294 102526
4416 70759 75175
3084 48577 51661
1957 22891 24848
4993 80309 85302
1702 26483 28185
2791 45879 48670
3619 64508 68127
2124 33403 35527
2338 32982 35320
1638 26853 28491
2103 31806 33909
3171 48446 51617
2423 40206 42629
4694 74168 78862
2143 30007 32150
3338 49391 52729
4151 70971 75122
4688 73911 78599
3883 50929 54812
7588 104763 112351
1992 34428 36420
8854 121045 129899
6454 100605 107059
6832 59224 66056
2478 40214 42692
4401 67410 71811
2589 41626 44215
6945 66588 73533
1282 20853 22135
3516 55435 58951
3544 54508 58052
2726 41164 43890
5669 104117 109786
8153 130859 139012
2539 41194 43733
6154 92581 98735
3036 47191 50227
1492 18779 20271
2643 41280 43923
5651 88607 94258
3977 63462 67439
3233 49915 53148
3156 46685 49841
7120 109464 116584
4612 74309 78921
2603 39161 41764
3828 58647 62475
5225 75936 81161
4525 74674 79199
8946 147471 156417
2172 35981 38153
2077 33314 35391
909 13731 14640
1922 31088 33010
2991 44049 47040
3537 54176 57713
5027 79079 84106
3932 59190 63122
2145 30927 33072
5793 105721 111514
3331 50762 54093
2094 14637 16731
4777 77833 82610
9609 158678 168287
4288 68241 72529
1968 30171 32139
4949 82879 87828
5101 77265 82366
1438 24452 25890
4870 87954 92824
2838 39518 42356
3945 56217 60162
8935 143649 152584
2062 35790 37852
8711 90650 99361
2499 31603 34102
1294 18897 20191
5033 77982 83015
4592 91849 96441
5973 91411 97384
7475 112099 119574
5236 82072 87308
7095 107310 114405
3863 61349 65212
6483 124073 130556
2300 33027 35327
1876 31014 32890
4069 62705 66774
10284 159867 170151
8357 133504 141861
3993 62196 66189
3775 53972 57747
2411 41957 44368
2834 42655 45489
10847 142271 153118
6029 92455 98484
3268 51355 54623
4260 73463 77723
4324 73056 77380
3796 58169 61965
5036 67602 72638
3645 56609 60254
2448 35747 38195
6558 84989 91547
4438 67866 72304
5701 90715 96416
1220 20215 21435
4363 72594 76957
3014 47582 50596
3974 60751 64725
2015 26629 28644
6875 93618 100493
3897 60503 64400
1399 19130 20529
9812 172908 182720
9781 153169 162950
4629 70978 75607
4065 63967 68032
2704 44472 47176
3509 50614 54123
3409 52247 55656
5222 82780 88002
7001 113801 120802
4976 79977 84953
8360 134809 143169
3451 50976 54427
8605 133837 142442
2378 39733 42111
3775 59924 63699
1557 18909 20466
3937 59790 63727
8460 135108 143568
2348 41415 43763
1354 17389 18743
