2814 56765 59579
1723 39061 40784
3098 66877 69975
3471 73239 76710
2956 68336 71292
2981 70160 73141
3003 45242 48245
1487 32010 33497
2037 48840 50877
4234 107276 111510
1535 28764 30299
3629 81831 85460
3922 105621 109543
2657 66071 68728
2812 44364 47176
2236 54879 57115
4655 119054 123709
1687 40262 41949
3398 75947 79345
4585 113021 117606
5766 129407 135173
2542 58249 60791
2023 46354 48377
1604 36791 38395
2160 52746 54906
3543 80957 84500
949 23419 24368
968 21394 22362
892 20885 21777
3520 81258 84778
4110 89347 93457
2298 57278 59576
4356 99395 103751
3098 70328 73426
2752 62103 64855
2344 65503 67847
3668 87908 91576
1670 34954 36624
3680 83958 87638
3173 66260 69433
736 18143 18879
2939 63100 66039
2275 54276 56551
2629 61089 63718
864 20289 21153
1433 30709 32142
4400 108815 113215
2901 27917 30818
3256 97613 100869
2991 68167 71158
1829 28301 30130
5574 129290 134864
1310 28267 29577
1483 33924 35407
2273 53877 56150
1021 26233 27254
7204 166386 173590
6025 151150 157175
4683 106950 111633
3650 83413 87063
1001 25379 26380
3623 85643 89266
1065 26095 27160
3071 48476 51547
1842 44512 46354
679 15320 15999
1049 24083 25132
7429 166903 174332
1342 32098 33440
1139 22258 23397
851 21377 22228
672 13481 14153
4394 96179 100573
8610 218872 227482
2498 53807 56305
2480 51321 53801
2853 66155 69008
4293 94576 98869
3664 84202 87866
4071 89574 93645
1090 27011 28101
4118 96755 100873
5738 144405 150143
4535 117637 122172
5303 127872 133175
4514 111710 116224
2263 53084 55347
1331 27192 28523
2934 64491 67425
3276 76314 79590
5659 135878 141537
2495 59776 62271
2227 50492 52719
2809 65432 68241
901 20365 21266
1748 37776 39524
2348 56275 58623
3138 66307 69445
1877 41002 42879
7332 156053 163385
2852 65677 68529
2279 56552 58831
3377 73090 76467
2767 69136 71903
1332 18291 19623
2550 61706 64256
2308 58811 61119
1300 29036 30336
2890 63344 66234
4711 116570 121281
1976 43356 45332
2032 46597 48629
4429 101769 106198
3760 86144 89904
578 13513 14091
5862 135250 141112
3102 68087 71189
1277 19404 20681
486 13459 13945
2243 47682 49925
669 16260 16929
1649 32759 34408
2114 56524 58638
2302 49699 52001
4099 84568 88667
1808 15393 17201
1387 34937 36324
2471 44530 47001
7617 190399 198016
3837 83423 87260
2782 65181 67963
3542 79278 82820
4378 113091 117469
3544 84922 88466
2821 62199 65020
2074 48181 50255
2895 61569 64464
1017 23774 24791
2322 57948 60270
1632 37253 38885
1774 18729 20503
693 16173 16866
1032 26190 27222
3194 73964 77158
3619 86239 89858
1450 33256 34706
2113 53418 55531
3630 83857 87487
1951 44747 46698
3621 64061 67682
4548 107746 112294
866 19003 19869
1720 37563 39283
4418 99985 104403
1510 33654 35164
5611 142898 148509
4306 111369 115675
1864 38875 40739
2629 65292 67921
7228 169178 176406
2887 63741 66628
6695 119435 126130
2152 48972 51124
2765 64428 67193
2090 49388 51478
985 23148 24133
2141 47188 49329
4377 94269 98646
3029 62202 65231
4080 90087 94167
1594 38776 40370
3095 72864 75959
999 25058 26057
1443 33693 35136
1324 28627 29951
742 19058 19800
1733 39103 40836
4214 90807 95021
3259 74950 78209
1925 44360 46285
1001 25541 26542
3711 85630 89341
1068 28073 29141
2089 48449 50538
2663 62187 64850
1666 39288 40954
1735 29693 31428
1757 27099 28856
1360 28158 29518
2114 53031 55145
1653 35725 37378
3389 76294 79683
1523 30325 31848
2076 50862 52938
2984 68742 71726
3590 78043 81633
2247 51539 53786
4178 103424 107602
1542 32682 34224
5794 126665 132459
4121 105093 109214
2494 61656 64150
1621 41711 43332
3274 70767 74041
2195 49479 51674
3060 65082 68142
1095 23847 24942
1968 55152 57120
2468 57916 60384
1964 40906 42870
4408 107694 112102
6098 149723 155821
1668 44579 46247
3972 86093 90065
2335 55731 58066
854 19556 20410
2373 46650 49023
3803 92786 96589
3370 75923 79293
1948 53318 55266
1959 49953 51912
4754 115039 119793
3227 77633 80860
1886 41653 43539
2490 61326 63816
3873 78365 82238
3651 80479 84130
6677 159865 166542
1732 49162 50894
1431 33252 34683
1322 18346 19668
1545 36422 37967
2587 53650 56237
3679 52037 55716
4242 95041 99283
2372 53093 55465
1230 27439 28669
19910 86407 106317
2221 52718 54939
644 14608 15252
3548 79391 82939
7038 166556 173594
3208 71896 75104
1835 29348 31183
3638 82320 85958
3700 81223 84923
918 23002 23920
3821 91862 95683
1826 40490 42316
2656 63373 66029
6248 138634 144882
1462 32412 33874
4441 98447 102888
1512 34996 36508
848 20238 21086
3380 73548 76928
4833 89634 94467
4424 97536 101960
5624 125173 130797
4294 89696 93990
5655 133397 139052
3266 64872 68138
4545 121016 125561
1875 34136 36011
1773 39694 41467
3252 67089 70341
7145 152239 159384
6380 157273 163653
2973 67373 70346
2092 56067 58159
1667 40374 42041
2204 45901 48105
6035 133606 139641
5361 124742 130103
2997 62531 65528
3567 91399 94966
3865 89485 93350
2536 60093 62629
3100 68625 71725
2235 50080 52315
1672 36893 38565
4150 89957 94107
3240 75845 79085
4050 94611 98661
861 18572 19433
2975 70605 73580
2192 49626 51818
3399 72278 75677
1386 28441 29827
4293 104712 109005
2808 63653 66461
839 20441 21280
7899 188420 196319
7243 158602 165845
3929 83855 87784
3059 73857 76916
2067 44483 46550
2281 52453 54734
2486 57913 60399
4085 85572 89657
4970 120564 125534
3783 80968 84751
6886 154420 161306
2214 52567 54781
6281 140072 146353
1824 37648 39472
2762 64743 67505
937 21158 22095
2269 52266 54535
5098 122982 128080
1900 42541 44441
736 16416 17152
