3734 64640 68374
1913 33431 35344
4223 73970 78193
4616 80597 85213
3932 70467 74399
4467 66543 71010
2572 87444 90016
2001 33327 35328
3930 56070 60000
5750 106580 112330
1928 31182 33110
4728 97232 101960
6233 108536 114769
4015 68399 72414
2346 34686 37032
2954 54607 57561
6346 116887 123233
2362 39067 41429
17271 103860 121131
5568 101210 106778
7379 124733 132112
3272 59766 63038
2067 47186 49253
1994 36534 38528
2874 56796 59670
4450 79257 83707
1534 26363 27897
1051 20622 21673
1134 21806 22940
4195 120306 124501
4866 106115 110981
3461 55280 58741
4911 105572 110483
3372 69590 72962
3818 68831 72649
2984 55864 58848
4343 86576 90919
2299 37956 40255
4331 82694 87025
4464 75289 79753
890 16253 17143
3551 62940 66491
3105 59045 62150
3459 59507 62966
1268 16917 18185
2049 34538 36587
4912 91607 96519
1625 28963 30588
3613 62133 65746
3905 71381 75286
1596 29553 31149
7096 126304 133400
1867 32593 34460
2184 33609 35793
2972 52477 55449
1411 26370 27781
8896 162711 171607
7900 142149 150049
5848 105954 111802
4582 87488 92070
1233 24179 25412
4767 83777 88544
1162 22791 23953
2908 51679 54587
1952 38708 40660
933 16577 17510
1527 26986 28513
9521 162631 172152
2073 34348 36421
939 17662 18601
1274 24624 25898
796 13691 14487
4385 79627 84012
10256 194014 204270
2906 50480 53386
3234 55733 58967
5204 70627 75831
5423 97464 102887
4458 85654 90112
5598 78509 84107
1346 24961 26307
4309 87361 91670
7216 121840 129056
5920 106900 112820
6050 111424 117474
6104 110715 116819
2805 46831 49636
1688 30654 32342
4292 72247 76539
3702 75051 78753
7341 133655 140996
3676 65134 68810
2462 44040 46502
4102 72064 76166
1003 19414 20417
1944 40632 42576
2396 44356 46752
4360 73342 77702
2282 41745 44027
9051 170512 179563
3741 66726 70467
3202 58728 61930
4476 81901 86377
3287 59164 62451
1026 20068 21094
3606 62939 66545
3320 63920 67240
1906 32335 34241
3714 63822 67536
6682 127145 133827
2299 42166 44465
2901 51994 54895
4825 96159 100984
4770 91984 96754
806 14795 15601
7127 136761 143888
4419 75069 79488
1020 18157 19177
590 11365 11955
2500 47732 50232
1265 16319 17584
2072 35665 37737
2881 55520 58401
3539 60568 64107
4237 84135 88372
827 15229 16056
1865 32545 34410
2306 45168 47474
12538 201636 214174
4065 75252 79317
4147 71240 75387
4362 75499 79861
6760 100726 107486
5673 79405 85078
4092 59437 63529
2178 41035 43213
3522 61554 65076
1468 20888 22356
3177 58073 61250
2442 41231 43673
992 20065 21057
1009 14910 15919
1306 26269 27575
4384 75789 80173
5371 88525 93896
4315 38285 42600
3237 60843 64080
4561 88586 93147
2450 46540 48990
7533 80695 88228
6154 107682 113836
957 20105 21062
2296 34826 37122
5133 102661 107794
1804 33637 35441
7668 138310 145978
5936 106654 112590
2382 37198 39580
3889 56240 60129
9026 189425 198451
4122 73147 77269
7053 125402 132455
2691 48197 50888
3470 63710 67180
3019 54152 57171
1156 22343 23499
2156 41037 43193
5113 92232 97345
3706 62531 66237
4475 87359 91834
1893 34212 36105
3918 71734 75652
1080 21423 22503
1852 33324 35176
1988 31667 33655
950 18967 19917
1934 33251 35185
7469 97037 104506
3864 64805 68669
2339 43890 46229
1305 25229 26534
3813 75354 79167
1539 27293 28832
2404 47247 49651
3626 61465 65091
2176 38536 40712
2173 29702 31875
1546 29266 30812
1531 28685 30216
3100 55747 58847
2264 39870 42134
4314 74425 78739
1641 26916 28557
3097 55521 58618
3858 64728 68586
4096 83759 87855
3278 56697 59975
4814 89706 94520
2118 36531 38649
7743 136402 144145
5658 102282 107940
3721 67849 71570
2160 40345 42505
3889 70107 73996
2464 47858 50322
4085 68619 72704
1232 23665 24897
3090 55999 59089
3143 54767 57910
2171 41049 43220
4929 93675 98604
8509 150366 158875
2012 37374 39386
4689 84046 88735
2649 51951 54600
1029 19151 20180
2510 47775 50285
5603 103270 108873
4325 73738 78063
2899 45486 48385
2866 53648 56514
23637 110507 134144
4458 84183 88641
2338 40333 42671
3307 59126 62433
4608 79193 83801
4229 79253 83482
7773 148763 156536
1971 37179 39150
1996 30926 32922
899 15586 16485
1866 32082 33948
2883 50900 53783
2882 51466 54348
4798 89883 94681
2895 56051 58946
1708 30854 32562
4068 80163 84231
2837 50995 53832
777 14524 15301
4337 76780 81117
8569 163689 172258
3800 63071 66871
1493 28257 29750
4306 79144 83450
4150 70767 74917
1137 22689 23826
4702 87610 92312
2195 39886 42081
3364 59720 63084
8420 139473 147893
1865 32557 34422
4527 92153 96680
1755 29293 31048
877 17052 17929
4611 75441 80052
3859 73428 77287
4545 84624 89169
5778 110497 116275
4063 75421 79484
6640 119654 126294
3289 57050 60339
5397 124183 129580
2080 35081 37161
1741 31352 33093
3978 71691 75669
8881 145440 154321
11612 137460 149072
3649 66435 70084
2734 48921 51655
2096 34480 36576
2415 42218 44633
7060 124452 131512
5308 95582 100890
3302 55334 58636
3840 72412 76252
4059 81258 85317
2841 51834 54675
4354 73182 77536
2823 54742 57565
2127 35456 37583
4679 85252 89931
3532 62046 65578
5610 101251 106861
1020 20320 21340
4091 71632 75723
2333 46627 48960
3473 62253 65726
1363 24751 26114
5406 100495 105901
3545 61279 64824
1035 19359 20394
8455 165542 173997
8690 151117 159807
4032 73394 77426
3871 70300 74171
2589 48333 50922
3220 55720 58940
3253 57410 60663
10212 78670 88882
6262 115468 121730
4622 88265 92887
8345 147418 155763
2587 46175 48762
8098 134378 142476
2031 35134 37165
3250 57106 60356
981 19832 20813
3273 56754 60027
6650 122559 129209
2200 36687 38887
973 17208 18181
