9385 49002 58387
4771 28176 32947
10574 59370 69944
12222 58608 70830
8935 50569 59504
8898 52783 61681
6511 33563 40074
4485 24419 28904
7022 38620 45642
14906 81407 96313
4965 24192 29157
13036 69545 82581
14855 86837 101692
9282 52023 61305
4405 25900 30305
7537 39068 46605
13930 73279 87209
4792 27002 31794
10132 57604 67736
14717 75569 90286
16796 98605 115401
8188 43588 51776
6123 34027 40150
4434 26602 31036
7419 39662 47081
9523 55469 64992
3608 18895 22503
2786 14348 17134
3081 16987 20068
9602 55452 65054
13813 72629 86442
7174 37499 44673
12639 68965 81604
8515 48421 56936
10033 48592 58625
10375 49145 59520
10876 58123 68999
5344 29245 34589
10073 56783 66856
9222 50629 59851
2444 13510 15954
8452 49228 57680
7180 39192 46372
7773 39595 47368
2347 12823 15170
4797 26455 31252
12748 70630 83378
4406 21975 26381
8729 48347 57076
8069 46163 54232
4834 20842 25676
17963 94776 112739
3883 21799 25682
4989 28203 33192
6601 34601 41202
3303 16991 20294
21714 126475 148189
17700 99015 116715
17299 89919 107218
10802 61081 71883
3382 17943 21325
10545 57660 68205
3094 16060 19154
6546 33848 40394
5177 29424 34601
2151 11327 13478
3669 17777 21446
23148 127861 151009
4147 23640 27787
2804 15313 18117
2960 15587 18547
1857 10328 12185
13119 70930 84049
25691 134628 160319
7678 38052 45730
7408 36490 43898
8922 48240 57162
12218 66403 78621
10592 58729 69321
11981 67420 79401
3956 19293 23249
11686 67325 79011
18484 97435 115919
14040 71592 85632
16509 85220 101729
16410 84052 100462
8144 50177 58321
4079 23173 27252
8791 53408 62199
10237 58153 68390
18228 95911 114139
8468 43672 52140
6316 33241 39557
10841 56710 67551
2556 14380 16936
5651 31234 36885
6137 37976 44113
10801 57041 67842
6094 31673 37767
23602 122696 146298
10054 51553 61607
9204 47532 56736
10546 57064 67610
9332 51192 60524
2690 16025 18715
8417 48031 56448
7973 42479 50452
4642 25634 30276
11833 65279 77112
17728 97196 114924
6105 32297 38402
7681 39730 47411
12778 67679 80457
12854 71520 84374
1997 9928 11925
17303 90563 107866
10266 58127 68393
2714 14555 17269
1681 8920 10601
7586 38036 45622
2160 12395 14555
5098 27969 33067
6545 37178 43723
6886 36211 43097
12225 64294 76519
1848 10652 12500
4897 26291 31188
6784 34508 41292
22156 129145 151301
10291 56759 67050
8822 50431 59253
10725 60728 71453
16030 84805 100835
11199 65269 76468
8608 48019 56627
6586 36305 42891
8613 47973 56586
3409 17822 21231
7210 38652 45862
5656 31175 36831
2356 13122 15478
2114 11460 13574
3769 19443 23212
9807 59413 69220
10086 61892 71978
4451 25794 30245
8201 42660 50861
13388 60684 74072
7060 36911 43971
11040 58884 69924
16905 83570 100475
2441 13482 15923
5267 28819 34086
14642 74896 89538
4482 24951 29433
19074 103205 122279
15731 82284 98015
5366 29419 34785
11607 39265 50872
22544 127822 150366
9651 48353 58004
16848 87374 104222
8227 41481 49708
9117 48357 57474
8035 41343 49378
2695 15129 17824
6700 35639 42339
11955 64361 76316
9815 54653 64468
10924 60348 71272
4859 28213 33072
9341 55162 64503
3454 18197 21651
4406 25793 30199
4751 25204 29955
2304 13246 15550
5389 29345 34734
12948 67760 80708
9368 53942 63310
22397 34432 56829
3246 17536 20782
10297 60194 70491
3712 18209 21921
5961 33142 39103
8336 41913 50249
5462 31582 37044
4834 27942 32776
3872 19917 23789
4375 25329 29704
7200 41337 48537
4717 27608 32325
10305 66872 77177
4284 21174 25458
8247 43199 51446
9429 53064 62493
12651 68952 81603
7668 38370 46038
14677 78841 93518
4744 26150 30894
19886 109501 129387
13364 68726 82090
9090 56045 65135
6270 31671 37941
11846 62530 74376
6822 36908 43730
9969 55043 65012
3443 16438 19881
8014 43860 51874
11637 49232 60869
5917 32395 38312
14568 77039 91607
20662 116330 136992
5840 32721 38561
13812 72224 86036
7652 39443 47095
3731 16039 19770
6248 35495 41743
14376 74425 88801
11413 59528 70941
7544 39921 47465
7138 41625 48763
17089 85032 102121
11811 67077 78888
6819 35993 42812
7931 43267 51198
13277 70928 84205
12192 69224 81416
20076 114818 134894
5513 36638 42151
4572 25695 30267
1985 14417 16402
6105 38912 45017
8254 41741 49995
8403 42811 51214
11192 62116 73308
8634 45144 53778
3767 21091 24858
12390 71008 83398
8526 47952 56478
1850 11266 13116
9273 54349 63622
22244 128781 151025
9627 54999 64626
3924 20519 24443
10201 65674 75875
9721 53727 63448
3149 16678 19827
11173 63796 74969
7311 48662 55973
9711 46297 56008
19413 106525 125938
4240 29576 33816
11282 64991 76273
4669 25428 30097
2440 13295 15735
11089 60050 71139
10033 57023 67056
12300 66687 78987
15960 90626 106586
10370 57654 68024
16336 83363 99699
8523 43785 52308
14009 93238 107247
5277 27941 33218
4170 21831 26001
10342 57472 67814
21244 113075 134319
19731 108760 128491
7917 45518 53435
8113 41527 49640
4659 26793 31452
5591 30073 35664
17357 96320 113677
13038 66619 79657
7507 38482 45989
8612 51330 59942
10377 57815 68192
7461 38813 46274
9407 52170 61577
7091 37019 44110
4575 25143 29718
12730 68564 81294
8393 48065 56458
14781 78416 93197
2531 13866 16397
10185 57586 67771
6027 31870 37897
8012 46652 54664
4026 20910 24936
14124 76358 90482
8214 43000 51214
2635 15088 17723
22585 131287 153872
21662 121744 143406
10520 59461 69981
9870 51223 61093
6023 34279 40302
7715 38879 46594
8046 40734 48780
12732 65597 78329
16439 83090 99529
11421 61981 73402
18695 104877 123572
7070 34889 41959
20260 106723 126983
5329 25589 30918
8256 41844 50100
2496 14112 16608
8693 49105 57798
18444 91853 110297
5866 29621 35487
2578 13800 16378
