12412 31836 44248
13599 19825 33424
15979 42331 58310
16184 41044 57228
15351 40835 56186
12924 36385 49309
8942 23693 32635
6263 16759 23022
11158 27567 38725
24035 60279 84314
6169 16662 22831
16892 44115 61007
20841 52418 73259
13688 42529 56217
7017 18051 25068
10847 27688 38535
24167 67403 91570
7915 19984 27899
17436 43403 60839
24295 65357 89652
26937 78030 104967
11249 31973 43222
10332 22410 32742
6678 18365 25043
10548 30054 40602
14806 40370 55176
5247 12990 18237
4081 10090 14171
4992 12908 17900
15132 40368 55500
20414 67561 87975
11449 32703 44152
22370 56248 78618
14484 39160 53644
14724 39657 54381
11362 35354 46716
20977 54953 75930
7732 19347 27079
18517 48389 66906
16856 43939 60795
3958 9804 13762
15892 40801 56693
11885 34040 45925
12434 34392 46826
3845 10902 14747
7490 19945 27435
22143 58037 80180
5958 17241 23199
15652 41917 57569
15745 39623 55368
7136 18976 26112
25358 72058 97416
6874 18483 25357
8239 20999 29238
11630 30857 42487
5933 15329 21262
35331 95508 130839
29836 76331 106167
24082 70282 94364
20696 48129 68825
6328 16222 22550
18749 48347 67096
5403 13884 19287
10835 25665 36500
9726 33100 42826
3599 9201 12800
4748 12889 17637
35068 93398 128466
6167 16564 22731
4263 11114 15377
4647 11927 16574
2996 7579 10575
19695 51788 71483
39767 110431 150198
12817 28347 41164
11426 31487 42913
12967 35936 48903
19477 49175 68652
17538 43826 61364
16088 44079 60167
4952 14089 19041
15653 43610 59263
25880 72635 98515
24218 60512 84730
24222 71019 95241
22318 55633 77951
10709 28193 38902
5332 14938 20270
14048 37138 51186
15224 43743 58967
23754 68265 92019
12970 36954 49924
9629 24506 34135
13659 36669 50328
4377 11780 16157
9110 20386 29496
10809 27209 38018
14441 38388 52829
8834 22861 31695
36643 96711 133354
11983 33893 45876
11044 31787 42831
15838 42068 57906
11644 33815 45459
4214 11047 15261
12289 36709 48998
11821 35426 47247
6533 15992 22525
13431 35936 49367
24303 71955 96258
9718 23799 33517
11109 28891 40000
22220 56124 78344
18474 51474 69948
2710 7393 10103
26001 74026 100027
14833 41133 55966
3798 10597 14395
2454 7160 9614
11573 27840 39413
3615 9458 13073
6755 17741 24496
11603 30650 42253
9707 24891 34598
17943 46720 64663
3146 8228 11374
6708 18232 24940
10444 24984 35428
34235 95839 130074
17253 45721 62974
13112 36289 49401
15659 42698 58357
22717 58226 80943
18124 51681 69805
13189 35321 48510
9323 23627 32950
13720 38352 52072
4793 11526 16319
10816 31871 42687
7618 21973 29591
3711 9628 13339
3328 8788 12116
5036 13627 18663
14303 40024 54327
15892 44476 60368
5946 16383 22329
10595 31280 41875
16538 44800 61338
10260 26140 36400
15396 40419 55815
24143 59736 83879
4174 10635 14809
7886 20285 28171
22066 55106 77172
6650 18086 24736
25604 76151 101755
22140 55510 77650
7894 21355 29249
10563 31954 42517
33401 92087 125488
14632 39179 53811
22745 65385 88130
10100 29257 39357
12493 35544 48037
12168 30255 42423
4649 12278 16927
10246 25659 35905
18522 47302 65824
14952 39382 54334
18869 66587 85456
7917 22305 30222
13441 40011 53452
5316 13292 18608
6893 19005 25898
7466 18394 25860
3742 10319 14061
7733 20687 28420
21911 56506 78417
15004 41018 56022
11003 27442 38445
5545 13721 19266
16835 46555 63390
5374 15005 20379
9339 23351 32690
12356 34196 46552
7563 19235 26798
6909 18253 25162
5592 15947 21539
6558 17946 24504
11218 28891 40109
7858 21604 29462
14938 41417 56355
6874 17064 23938
10610 30833 41443
14074 37936 52010
17940 48591 66531
11087 29735 40822
22359 55954 78313
6752 18054 24806
29385 71158 100543
23262 75596 98858
11765 36779 48544
7655 21965 29620
17166 48229 65395
10039 23982 34021
14590 38432 53022
5375 13226 18601
10883 31983 42866
12675 36515 49190
9626 23617 33243
22983 59484 82467
31729 86954 118683
8763 23971 32734
22235 53798 76033
13295 28648 41943
4409 11865 16274
9579 23977 33556
20969 54929 75898
15694 43159 58853
11368 25978 37346
10810 28572 39382
24853 69414 94267
17261 47463 64724
10767 27760 38527
12219 36574 48793
19908 52952 72860
18517 49218 67735
33998 79646 113644
12026 22773 34799
6989 19852 26841
3524 10878 14402
7810 23123 30933
11014 31641 42655
11375 31904 43279
19109 52089 71198
13573 35871 49444
6385 18504 24889
19739 52262 72001
12139 30649 42788
3453 9400 12853
15415 41585 57000
36977 104657 141634
15372 50755 66127
5186 14993 20179
14927 40358 55285
16361 44294 60655
5340 14037 19377
19152 50374 69526
9002 24107 33109
13494 36972 50466
32778 89601 122379
6454 17940 24394
19223 52462 71685
6355 16478 22833
3854 10376 14230
16741 43504 60245
16548 45617 62165
19289 52663 71952
22754 58171 80925
17920 46857 64777
22450 64141 86591
12731 35206 47937
22971 70308 93279
6913 18104 25017
5736 16095 21831
14266 36985 51251
31633 83901 115534
32174 87531 119705
11912 34210 46122
11044 30772 41816
7354 19926 27280
9561 23879 33440
28628 78306 106934
21827 56746 78573
11432 31970 43402
14186 37801 51987
16735 46601 63336
10633 29401 40034
15685 42739 58424
10997 31004 42001
7772 20134 27906
17267 45063 62330
14103 38462 52565
22873 59268 82141
4172 11154 15326
14880 41284 56164
10699 26557 37256
12473 35065 47538
5447 15306 20753
22579 57571 80150
12435 35092 47527
4072 11062 15134
35925 104481 140406
31332 80329 111661
18383 48329 66712
15046 41780 56826
12157 30946 43103
14687 41021 55708
11217 35834 47051
16939 44144 61083
30330 80715 111045
19932 54201 74133
33317 87058 120375
11715 29860 41575
29467 89759 119226
9313 22471 31784
12481 34792 47273
4703 15027 19730
12312 45550 57862
26334 76438 102772
8761 22917 31678
3797 9992 13789
