1881 56440 58321
1080 34583 35663
2504 77403 79907
2796 81876 84672
2205 70729 72934
2302 75556 77858
1425 48122 49547
1720 31104 32824
1650 48373 50023
3576 109112 112688
1017 35460 36477
3180 92171 95351
3605 106797 110402
1876 61010 62886
1407 31354 32761
1795 48236 50031
3854 112950 116804
1123 35307 36430
2364 67392 69756
3975 118000 121975
4064 127006 131070
2019 55913 57932
1351 42532 43883
1121 33481 34602
1903 53483 55386
2386 88445 90831
830 24006 24836
640 21310 21950
667 20690 21357
2473 71306 73779
3538 99472 103010
1973 53917 55890
3391 104728 108119
2290 71737 74027
2284 71557 73841
2204 60791 62995
3563 94030 97593
1475 41312 42787
2873 86329 89202
2407 77414 79821
526 18642 19168
2203 65381 67584
2204 57937 60141
1994 55191 57185
930 18373 19303
1105 35933 37038
3583 109380 112963
1052 30364 31416
2092 65317 67409
2065 60978 63043
877 29247 30124
4273 118539 122812
981 33605 34586
1268 38129 39397
1904 54136 56040
821 24181 25002
5642 169930 175572
8004 130979 138983
3958 126312 130270
2964 90709 93673
814 25225 26039
2950 86324 89274
751 22520 23271
1825 52812 54637
1624 44670 46294
530 17374 17904
896 27815 28711
6304 192548 198852
1086 35179 36265
631 21142 21773
810 25441 26251
526 15726 16252
3047 94528 97575
6497 199828 206325
1854 59319 61173
1921 50903 52824
2347 73715 76062
3105 90261 93366
2602 82332 84934
2906 90831 93737
1272 28727 29999
2999 91983 94982
5694 145083 150777
3526 114607 118133
4385 134383 138768
3511 105134 108645
1919 54837 56756
1606 28632 30238
2511 77744 80255
3113 87677 90790
3779 117924 121703
2332 62433 64765
1827 57349 59176
2325 77378 79703
920 23313 24233
1448 45515 46963
2054 48385 50439
2748 74969 77717
1792 43383 45175
5606 180937 186543
1877 58651 60528
1901 55286 57187
2558 92015 94573
1968 58830 60798
652 21060 21712
2705 60940 63645
2238 67516 69754
1226 29504 30730
2015 68334 70349
4196 132429 136625
1696 43708 45404
1673 48924 50597
3039 94448 97487
3096 98841 101937
501 12928 13429
4750 132275 137025
2293 69714 72007
570 18189 18759
720 13344 14064
1735 47047 48782
523 16997 17520
1135 37226 38361
1631 51080 52711
1604 48994 50598
2538 75646 78184
615 15256 15871
1075 33680 34755
1516 41387 42903
5944 191946 197890
2405 74049 76454
2023 65384 67407
2294 72091 74385
3429 103008 106437
2708 87233 89941
3652 63399 67051
1436 44017 45453
2045 70377 72422
737 21049 21786
1679 52634 54313
1198 40341 41539
600 17943 18543
542 14763 15305
784 23416 24200
2391 73789 76180
3547 88003 91550
965 32540 33505
1829 60439 62268
2819 84474 87293
1431 43907 45338
2542 75043 77585
4016 116953 120969
584 19164 19748
1425 42944 44369
3602 102922 106524
1351 31276 32627
4816 140404 145220
3842 115322 119164
1185 40124 41309
1864 68047 69911
7862 183176 191038
3415 73460 76875
3946 120627 124573
2138 60858 62996
2309 69306 71615
2050 60732 62782
752 23889 24641
1571 50862 52433
3589 89947 93536
2150 73700 75850
2760 88055 90815
1755 36395 38150
2025 75749 77774
927 24874 25801
1045 38086 39131
1259 32506 33765
887 21015 21902
1435 46215 47650
3732 106268 110000
2211 77144 79355
1942 50241 52183
801 24664 25465
2562 85727 88289
877 28042 28919
1569 47021 48590
2038 60845 62883
1192 36926 38118
1008 32183 33191
892 29809 30701
1024 33601 34625
2119 58958 61077
1175 37704 38879
2231 73247 75478
993 31963 32956
1824 54352 56176
2309 72727 75036
2943 85233 88176
2267 54942 57209
3227 105957 109184
1300 37945 39245
4811 144736 149547
3231 99335 102566
2293 69905 72198
1791 39684 41475
2608 85710 88318
1551 51962 53513
2359 71996 74355
746 24129 24875
1732 54770 56502
2049 66893 68942
1601 40826 42427
3233 103741 106974
5305 165173 170478
1339 43038 44377
3484 100311 103795
1855 57407 59262
1037 23305 24342
1606 60098 61704
3183 117505 120688
2489 79558 82047
2126 63563 65689
1822 57176 58998
4430 123573 128003
2779 88315 91094
1927 47995 49922
2017 58156 60173
3224 93587 96811
3148 84911 88059
4515 151958 156473
1333 44587 45920
1116 36108 37224
464 16106 16570
1316 37550 38866
1737 51406 53143
1894 58662 60556
3461 96273 99734
1912 60046 61958
1484 31896 33380
2617 86711 89328
2085 58540 60625
463 15300 15763
2529 83549 86078
6974 177169 184143
2342 71377 73719
1517 29934 31451
2443 74489 76932
2747 86220 88967
1007 25147 26154
2669 81364 84033
1441 40781 42222
1852 54845 56697
4755 139901 144656
1011 32898 33909
2791 98164 100955
1039 33828 34867
625 21328 21953
2498 73303 75801
2422 76822 79244
3025 98152 101177
3572 106215 109787
2795 79996 82791
4356 127986 132342
1927 56777 58704
3153 118606 121759
1593 35861 37454
997 33279 34276
2503 75656 78159
5938 176378 182316
7051 166298 173349
2209 68859 71068
1861 54207 56068
1238 41068 42306
1375 42301 43676
4157 138400 142557
3330 106890 110220
2074 58943 61017
2029 66801 68830
2403 79848 82251
2039 61748 63787
2216 70849 73065
1669 50830 52499
1814 34806 36620
2623 79636 82259
2094 62945 65039
3696 107376 111072
622 19150 19772
2181 69354 71535
1414 43311 44725
2229 70756 72985
1237 28893 30130
3455 106543 109998
2019 57359 59378
603 20074 20677
5469 173377 178846
5430 211488 216918
2545 86685 89230
2244 69740 71984
1707 51457 53164
1911 50980 52891
1857 53772 55629
2759 91496 94255
4159 123504 127663
2698 87988 90686
4403 145301 149704
1639 47087 48726
6920 152643 159563
1167 34704 35871
2228 65789 68017
610 21009 21619
1953 54425 56378
3838 127769 131607
1273 38456 39729
999 16956 17955
