6091 63046 69137
2419 36832 39251
7981 87412 95393
5296 85025 90321
4664 59172 63836
4220 58151 62371
3458 44111 47569
2371 30504 32875
3894 50598 54492
7472 99251 106723
2258 30561 32819
5689 81089 86778
7101 86996 94097
4299 58057 62356
2197 28863 31060
3919 51213 55132
7348 93394 100742
2821 37238 40059
4750 62965 67715
7789 107509 115298
8236 117773 126009
4386 61401 65787
3333 42454 45787
2658 34299 36957
3904 49151 53055
5641 75160 80801
1740 22169 23909
1540 19672 21212
3128 18758 21886
5560 68560 74120
7389 91779 99168
3915 52393 56308
7303 92454 99757
4708 66336 71044
4503 67270 71773
4196 59953 64149
6479 80971 87450
2664 32350 35014
6152 78244 84396
5419 70202 75621
1122 16162 17284
6754 65502 72256
3949 55344 59293
4103 49900 54003
1352 18372 19724
2193 29006 31199
7481 100131 107612
2277 27203 29480
5099 69058 74157
7358 57993 65351
2003 29041 31044
7936 108685 116621
2275 30921 33196
2451 31235 33686
3684 49341 53025
2201 25300 27501
16051 156491 172542
10395 139402 149797
8160 102501 110661
6528 83512 90040
2242 24066 26308
5687 70175 75862
1765 20407 22172
3602 48568 52170
3207 42924 46131
1230 16588 17818
1867 23169 25036
12477 156981 169458
2472 33148 35620
2367 19483 21850
1805 22196 24001
968 13728 14696
6712 84198 90910
14127 188876 203003
4549 55960 60509
4262 52015 56277
4726 59490 64216
7624 91196 98820
6416 82843 89259
6851 93715 100566
2501 30311 32812
5701 80885 86586
10491 142845 153336
8361 105306 113667
9252 157131 166383
10858 104953 115811
3608 50217 53825
1907 26959 28866
5230 68380 73610
5717 73080 78797
10060 144095 154155
4956 59438 64394
3192 42159 45351
4964 70414 75378
1286 18084 19370
2991 39313 42304
3173 40960 44133
4901 61550 66451
3237 38552 41789
12683 168451 181134
4269 59604 63873
4082 62015 66097
6119 71486 77605
6157 68963 75120
1346 16996 18342
4900 65921 70821
4840 57670 62510
2374 32274 34648
5250 70527 75777
9858 125001 134859
3163 45084 48247
3449 44442 47891
7047 93805 100852
6636 89625 96261
1009 14296 15305
9267 126687 135954
4918 64722 69640
1513 16691 18204
905 12619 13524
3549 45801 49350
1146 14673 15819
2289 30708 32997
3533 49589 53122
3592 45654 49246
6508 79662 86170
1075 15019 16094
2626 35550 38176
3731 39432 43163
12565 175583 188148
6106 77672 83778
4456 63823 68279
5531 72277 77808
7591 96922 104513
6321 86912 93233
4973 67416 72389
3036 40271 43307
4495 61278 65773
1743 21668 23411
3896 54637 58533
2621 34502 37123
1413 18516 19929
1674 14072 15746
1814 24078 25892
5116 70554 75670
5086 69234 74320
2310 31308 33618
4093 55139 59232
5730 75571 81301
3501 45640 49141
5046 62908 67954
8198 106156 114354
1342 17708 19050
2849 35974 38823
7230 91935 99165
2515 32392 34907
8953 128231 137184
8115 112063 120178
2827 36278 39105
4612 57400 62012
12930 164737 177667
7904 60164 68068
8126 111330 119456
3699 49183 52882
4336 61186 65522
4227 52207 56434
1699 22377 24076
3447 43468 46915
6170 75728 81898
5089 66056 71145
6458 83184 89642
2846 35399 38245
4739 68667 73406
1817 23346 25163
2007 28309 30316
2402 31635 34037
1329 18122 19451
2834 35938 38772
6971 93383 100354
5129 70235 75364
3822 47089 50911
1592 21257 22849
6008 79702 85710
1795 23089 24884
3394 45059 48453
4305 58812 63117
2510 32362 34872
2473 32628 35101
1933 25087 27020
2305 31271 33576
3840 53713 57553
2515 34876 37391
5327 71178 76505
2084 26572 28656
4219 53074 57293
4777 67543 72320
6407 81754 88161
4460 55472 59932
7345 95745 103090
2625 34456 37081
9995 134113 144108
7552 97442 104994
4945 59407 64352
3003 39682 42685
5419 67724 73143
3388 45162 48550
4825 66628 71453
1713 22631 24344
19191 50155 69346
4503 58140 62643
3246 39995 43241
7537 99837 107374
10263 134842 145105
3024 35744 38768
6534 80184 86718
3864 51007 54871
1409 18659 20068
3237 42047 45284
6949 88157 95106
5356 71158 76514
3695 43489 47184
3637 46841 50478
16796 120259 137055
5290 74070 79360
3093 38063 41156
4163 51339 55502
6330 77417 83747
5821 71658 77479
10797 146799 157596
2740 39621 42361
2811 34637 37448
1112 16739 17851
2515 31979 34494
4281 50816 55097
5695 56448 62143
8278 100136 108414
4806 60066 64872
1965 26472 28437
6430 85035 91465
3446 43690 47136
1053 15402 16455
4776 66047 70823
12755 173628 186383
4470 60744 65214
2046 29041 31087
5202 68679 73881
5785 75147 80932
1552 20284 21836
5736 76416 82152
3066 38023 41089
4594 58331 62925
10317 131747 142064
2272 30739 33011
6722 90927 97649
2133 28137 30270
1317 17915 19232
5382 64438 69820
5923 77659 83582
6369 80079 86448
8136 106819 114955
5457 71059 76516
9453 111971 121424
4071 52638 56709
7673 120426 128099
2895 35191 38086
2045 29469 31514
6462 65603 72065
10809 136107 146916
11339 148964 160303
4202 67017 71219
3786 50406 54192
2360 33267 35627
2905 36441 39346
9069 120077 129146
7396 96216 103612
4424 54229 58653
7453 62537 69990
5790 79093 84883
3995 50965 54960
4896 62233 67129
3820 47185 51005
2493 30405 32898
6523 84517 91040
4473 66410 70883
7121 90239 97360
1438 19165 20603
5308 70406 75714
3339 42055 45394
4223 60128 64351
1887 26284 28171
8189 100024 108213
3970 56371 60341
1392 16789 18181
15100 166251 181351
10252 143467 153719
6153 69906 76059
4868 71392 76260
3389 47399 50788
4459 57320 61779
6341 52903 59244
6621 81955 88576
8996 109066 118062
6931 94671 101602
9651 132974 142625
3561 48779 52340
9787 125768 135555
2483 30512 32995
3979 52877 56856
1369 17112 18481
4009 48949 52958
8037 114923 122960
2803 39008 41811
1867 15550 17417
