5506 58539 64045
2960 30500 33460
6686 68380 75066
7162 64641 71803
5756 63201 68957
5920 63608 69528
3730 37112 40842
2650 27260 29910
4204 47577 51781
8084 86720 94804
2437 26064 28501
9867 78977 88844
8954 93859 102813
5304 56389 61693
2962 31214 34176
3939 43004 46943
8505 91871 100376
3106 32361 35467
6501 68374 74875
8244 91877 100121
11026 129117 140143
5141 57757 62898
3507 36782 40289
2884 30563 33447
5063 47854 52917
6163 66267 72430
2010 22954 24964
1668 17097 18765
2240 22074 24314
6521 64380 70901
8115 75896 84011
4143 43884 48027
8700 88066 96766
6372 57228 63600
5366 56797 62163
4675 50922 55597
6737 77505 84242
3534 34856 38390
6541 66148 72689
6880 67224 74104
1413 13979 15392
5548 58976 64524
4710 53860 58570
4481 48012 52493
1478 15491 16969
2796 28432 31228
8837 95793 104630
2207 23384 25591
5627 58473 64100
5141 56079 61220
2314 25465 27779
10698 114815 125513
2425 25993 28418
2927 29072 31999
3878 41933 45811
1879 20863 22742
12449 133192 145641
11946 118971 130917
8834 97537 106371
7825 79248 87073
2002 22161 24163
7772 75364 83136
1766 19536 21302
5407 40424 45831
3678 39910 43588
1307 13442 14749
1986 21747 23733
14476 148278 162754
2937 31367 34304
1666 16032 17698
1901 19406 21307
1182 12711 13893
7373 73512 80885
15174 156957 172131
4266 46642 50908
4305 46200 50505
6199 65825 72024
7857 79380 87237
7207 76824 84031
7005 72027 79032
2156 23524 25680
7454 79813 87267
12570 129330 141900
25197 88728 113925
10335 113341 123676
8203 91239 99442
4269 47491 51760
2339 25195 27534
6515 66754 73269
7072 75819 82891
10202 112849 123051
5504 58846 64350
3943 40945 44888
6111 66731 72842
1599 17445 19044
3557 33351 36908
18052 40205 58257
5973 59385 65358
4198 41083 45281
14112 142260 156372
5159 55563 60722
5064 56097 61161
6787 67872 74659
4828 54813 59641
1726 17843 19569
5241 55320 60561
4853 57860 62713
2828 30088 32916
5522 60113 65635
9747 107630 117377
4057 42065 46122
4180 43117 47297
8101 82841 90942
7114 78999 86113
1118 12137 13255
9902 109828 119730
5889 63457 69346
1713 14733 16446
951 11256 12207
4168 41142 45310
1517 14387 15904
3143 32676 35819
3906 44766 48672
4255 42381 46636
7194 65874 73068
1290 13918 15208
2917 32741 35658
20814 36209 57023
13818 150201 164019
6629 65652 72281
5517 59134 64651
6810 68456 75266
10236 90177 100413
7760 82356 90116
5535 57976 63511
4004 41809 45813
5924 63521 69445
2060 20269 22329
4506 51296 55802
3191 33935 37126
1695 17266 18961
1390 14807 16197
2023 23113 25136
6011 66390 72401
6173 66905 73078
2762 29671 32433
4152 48075 52227
6147 65329 71476
3845 39633 43478
5674 60469 66143
8842 95705 104547
1901 15758 17659
3263 32437 35700
8319 81109 89428
2627 27760 30387
10796 124268 135064
8846 98490 107336
3389 33984 37373
4907 52997 57904
13989 146762 160751
6055 64614 70669
8731 97389 106120
4679 49433 54112
5023 57228 62251
4137 44852 48989
1901 19715 21616
3843 37764 41607
8036 82432 90468
6429 61843 68272
7180 73656 80836
3070 30209 33279
5833 65213 71046
2083 21367 23450
2859 30293 33152
2657 26711 29368
1561 17000 18561
3398 33529 36927
8173 82392 90565
6146 67346 73492
4422 44808 49230
1954 21058 23012
7172 74639 81811
2047 22693 24740
3978 38681 42659
4955 55274 60229
2950 31554 34504
2984 28885 31869
2297 26538 28835
2463 26859 29322
4163 50153 54316
3077 32756 35833
6367 68340 74707
2674 27660 30334
4099 46009 50108
6498 68598 75096
8152 73580 81732
4670 51286 55956
8616 90102 98718
3172 32128 35300
12186 127119 139305
9839 84021 93860
5390 61622 67012
3253 33644 36897
7104 71002 78106
3700 41922 45622
5442 58423 63865
2104 21095 23199
4092 48882 52974
6564 55955 62519
3513 36815 40328
8700 93073 101773
12850 129297 142147
3608 37357 40965
8671 83945 92616
4468 48367 52835
1756 17714 19470
4213 43018 47231
8717 92465 101182
6450 68005 74455
3990 42621 46611
4100 48414 52514
10228 110938 121166
7259 76057 83316
3931 40714 44645
4865 54536 59401
7357 76154 83511
7300 78658 85958
12388 139069 151457
3147 34197 37344
2961 31438 34399
1309 13645 14954
3122 31471 34593
4271 45651 49922
4311 46156 50467
7419 82429 89848
6097 54152 60249
3069 31423 34492
8342 79981 88323
4547 46744 51291
1237 13485 14722
6622 68704 75326
15385 167710 183095
5939 64252 70191
2234 25153 27387
7081 73685 80766
6848 69768 76616
2099 21977 24076
7297 71950 79247
3797 39932 43729
5002 54764 59766
13137 138884 152021
3046 33820 36866
7531 76748 84279
2928 30417 33345
1553 15463 17016
6947 68156 75103
7170 74185 81355
7948 84403 92351
8550 92723 101273
7703 76694 84397
10461 117550 128011
6168 58889 65057
11015 120472 131487
3183 32288 35471
2500 28149 30649
6574 67086 73660
15049 148281 163330
14873 182867 197740
7096 72460 79556
4459 50817 55276
3330 35304 38634
3655 38947 42602
12792 130129 142921
8354 81608 89962
4820 51688 56508
5556 61372 66928
7135 74442 81577
5175 55458 60633
27790 67877 95667
4301 50070 54371
3322 32291 35613
7953 79121 87074
5315 57333 62648
9240 93595 102835
1766 18741 20507
6030 67179 73209
4158 45818 49976
5030 55532 60562
2268 24723 26991
9091 92238 101329
5130 56186 61316
1514 15661 17175
15235 164866 180101
13633 141418 155051
6733 65597 72330
6357 68679 75036
3764 39423 43187
4835 52115 56950
5053 53728 58781
6704 67752 74456
9498 106855 116353
7560 81377 88937
13108 146171 159279
4583 47084 51667
12501 124913 137414
3156 29345 32501
5124 62116 67240
1842 17620 19462
4701 47499 52200
11628 128798 140426
3744 39302 43046
1442 14422 15864
