52471
46795
42136
22102
27319
28261
26982
34532
58147
56285
56028
36142
43709
38689
46505
43863
38239
12244
44902
41520
14871
14612
8286
39597
24992
18762
18025
15769
20102
20059
19961
27501
23599
27906
22180
41987
42155
8270
8092
7975
34265
28073
22779
11487
20503
18697
9616
9438
10270
26571
7504
8103
15089
14100
14878
14300
47300
44384
28376
23462
16287
15074
23665
42196
39998
52645
60044
60037
69141
79695
20347
40976
27723
45619
51997
86334
89392
70580
44386
70053
50016
20728
21312
17555
34970
13952
15706
14665
13582
14709
25100
31095
29330
74123
82218
81371
15425
12596
19907
70697
73464
78588
43359
50015
46572
17041
13638
13502
14334
26929
28103
27849
40438
39448
37165
17751
22186
10766
12933
15589
13324
22224
21557
17982
21180
18355
25462
38057
26276
16058
15511
38896
8043
7207
7076
33927
21542
42322
8376
6729
9489
22056
22273
20114
20302
11792
40774
20290
6205
6183
49717
53779
40933
39459
14127
10352
11029
9369
25529
35287
41547
49224
38406
39213
21240
17424
17554
21191
9890
37343
78202
70031
20993
10488
14553
26290
38910
20591
19919
14811
10071
9718
10794
14906
22890
28331
14425
13042
19140
27324
45356
46585
45220
8757
8467
9936
37721
39306
39515
26413
20421
24617
28335
29629
26259
17382
15879
33894
36911
41058
46837
34773
25532
26132
16248
38611
23331
24476
19790
26669
24642
27309
18165
12533
36286
37211
51952
12541
18539
21803
11328
61706
59035
46344
55554
56999
54429
50185
16209
15979
27424
59149
70163
66024
53069
37981
37624
27260
28116
14187
12592
20004
16101
56086
66935
22535
25986
21708
20989
17806
40454
50767
7728
7419
8039
7355
56101
38901
34438
50024
12975
8039
79652
76876
65102
6530
6956
21488
22264
43099
14332
14700
13679
19724
17071
17705
6486
7656
7573
21974
23236
25597
39792
44948
56735
60665
22514
23799
27147
27002
24972
27240
26256
24080
11786
12366
17938
9149
9023
6294
35380
24283
