46375
46744
42281
22198
27005
28317
26890
34522
58290
56205
56033
37908
38424
38872
41017
38616
38359
14617
46235
38036
16728
17226
9661
39488
24927
20032
19228
15992
20136
20049
20069
27196
23546
27859
22001
41728
42051
8258
8075
8595
34240
28046
22753
11485
20444
18703
9880
9439
10254
26448
7533
8163
15177
14005
14977
14247
46865
44417
28300
23345
16348
15011
23746
39892
39982
46367
60963
60234
78647
85440
20202
40720
27757
47385
52122
86400
89585
71788
43071
75095
50015
17504
17957
14714
35079
12623
13211
13168
12303
13277
22691
28433
26627
80578
85656
80848
13999
12563
17985
70943
80310
71598
43574
45056
41177
17062
13744
13526
14450
26953
28052
28243
40469
39466
37165
18077
22462
10769
12943
15601
13542
22159
21583
18049
21235
18293
25380
38235
26192
16068
15606
39078
7789
7204
7354
34088
21622
42362
9436
7213
10638
24372
23696
21019
20531
11814
40579
20319
6853
5955
49709
61646
46516
45038
13729
10573
11009
9400
25553
35343
41688
54791
37730
34434
22579
18580
17547
22717
9849
37438
78104
70400
20977
10547
14550
26418
39100
20632
19761
14718
9999
9767
10798
14873
22846
28265
14368
13028
18985
27232
45373
46803
45167
8747
8442
9929
37709
39119
44792
26440
20401
22907
28312
29704
26331
17451
15928
38541
42038
36476
41328
36383
25450
26028
16238
34005
25679
27350
21907
28633
27198
29062
20151
12535
37003
37066
45840
12564
18643
21878
11322
60843
66717
51358
55795
56970
54422
50172
16329
16065
27290
59197
70534
71882
53188
41312
42823
27402
28326
14156
12643
20046
16141
56098
66501
22476
25994
21907
21080
17835
36116
50677
7660
7403
7197
7412
55966
39033
34166
50384
12995
8075
72719
81319
65601
6584
7009
21403
22355
43368
14430
14668
13513
19681
17074
17781
6587
7615
7580
22509
23263
25664
39881
44906
56872
60699
22603
23991
27042
27013
25054
27285
24974
24063
11746
12311
17930
8664
8977
6555
35341
24270
