49111
53042
46679
22200
26903
28329
26927
34354
62874
57669
56062
41179
43797
38821
43706
43751
43276
12267
46424
42847
14833
14421
8157
34742
24945
18959
17973
15729
20296
20218
19940
27090
23850
27786
22133
45915
47891
8227
8187
7903
38864
28395
22736
11677
20481
18877
9573
9389
10236
26336
8305
7800
15148
14150
14835
14321
48328
50304
28456
23667
16427
15018
23711
45521
39986
52647
60499
54649
69152
79067
20425
36103
27870
51962
52198
81646
83844
77996
43913
74618
46597
17438
17918
14817
39714
12609
13180
13143
12269
13273
22673
28144
26641
80391
79985
79568
13982
12637
17944
70678
73361
71934
41682
50178
46634
17147
13656
13471
14433
26983
27955
27858
46001
44830
42209
17748
21981
10733
13005
15495
13402
22200
21494
18033
21177
18377
25419
38134
26283
16063
15530
44230
7890
7145
6679
33907
21580
42294
8363
6494
9687
21966
22303
20161
20358
11754
46414
20344
6693
6066
56477
55190
43149
44870
13877
10409
10984
9398
25383
38828
47062
56114
42598
39324
21287
17389
17620
21334
9870
41026
82629
77195
21017
10594
14482
26313
38942
20703
19830
14682
9953
9748
10742
14872
22860
28255
14392
13128
19129
27246
45222
47934
45457
8994
8513
9958
37781
44465
44724
23956
18406
20791
25759
26978
23764
15845
14489
35499
41870
37893
46857
39237
23076
23663
14814
38614
23136
23909
21107
26728
26325
27369
18195
12507
39847
36934
45750
12710
18619
21824
11126
61512
58819
48459
55887
53014
50242
49903
16226
15927
27321
62551
70170
65532
54870
43225
42795
27292
28090
14089
12648
20065
16105
56320
65995
22613
25922
21600
20929
17960
40395
50903
7567
7110
7217
7365
49326
42494
38528
56960
13111
8070
79162
74481
65671
6582
6307
21436
22493
46464
14514
14726
13639
19723
17031
17666
6983
7756
7628
21861
23283
25658
40017
50896
65017
60333
22507
23902
27123
26912
24860
27230
25045
24107
11764
12366
17821
8641
8981
6174
39416
24502
