50345
52792
45047
22171
28672
28205
28715
39027
60746
57259
56294
36138
39735
41080
41003
42374
43250
12230
47093
40920
14967
14433
8284
34845
24929
18872
17961
15787
20202
20072
19987
27084
23614
27758
22166
41685
47667
8251
8086
7965
35512
28046
22840
11457
20524
18731
9566
9477
10368
26408
7505
7986
15097
14172
15059
14183
49148
50625
28344
23322
16278
15092
23711
39950
45634
52653
61239
53047
69176
85043
20319
39985
27841
46351
52070
86299
85003
70428
42201
67117
46361
17486
17888
14763
39833
12698
13375
13101
12318
13341
22924
28203
26738
73941
85466
80191
14024
12567
17998
79011
78456
71644
41245
49980
46698
17099
13706
13576
14420
26935
28032
27799
44937
43114
37188
17751
22172
10751
12997
15579
13347
22258
21480
17918
21328
18220
25454
41511
26305
16113
15584
43807
7705
7939
7297
38370
21528
41782
8379
6516
9611
22031
22250
20168
20475
11811
46406
20338
6392
6492
51917
54552
46289
42740
13764
10329
10984
9372
25447
39908
41506
56101
37750
39157
21248
17405
17623
21225
9871
37514
83245
70252
21062
10459
14455
26407
44380
20679
19795
14830
10016
9697
10849
14856
22994
28311
14397
13028
18965
27296
45337
46701
47545
9034
8457
10244
42675
41745
40071
23912
18543
20692
25674
26849
23899
15676
14339
38490
39550
41407
46862
39249
23014
23595
14834
38559
22930
24354
19792
26743
24607
27220
18218
12512
40361
42029
51886
12557
18589
21917
11172
61521
59561
47174
55999
49875
50725
44218
16251
15863
27190
59502
72007
65861
53525
40633
42664
27273
28047
14215
12612
20347
16091
56214
65826
22510
26155
21603
20984
17852
39547
57575
7648
7989
7669
7892
52072
39053
38611
56953
13878
8650
78303
79458
65411
6490
7247
21435
22283
49307
14398
14667
13543
19711
17073
17700
6711
7646
7577
21684
23591
25500
39940
51200
57001
60411
22890
23915
27454
27277
24796
27344
24978
24073
11713
12506
17910
8661
9091
6389
40145
24210
