52512
53110
48037
22165
26889
28326
27054
34363
58336
63755
56330
39722
38544
38879
41483
38523
43207
13777
44818
40690
16426
16021
9305
39091
24954
18750
17991
15725
20038
20130
19988
27124
23594
27708
22138
41835
46800
8237
8298
8070
38113
28011
22729
11455
20462
18699
9973
9609
10254
26394
7532
8097
15545
14280
15273
14587
46570
50273
28450
23307
16395
15031
23644
39856
39999
52948
59990
60083
69177
79611
20357
41046
27733
45929
52256
86304
84649
70258
39993
74779
50101
17512
17976
14807
35047
14653
13242
13103
12312
13404
22821
28178
26604
79181
80225
79759
13962
12642
17957
70682
73800
72638
40144
44158
41170
18939
15054
14934
15876
27008
28177
27788
40811
43245
37277
19665
23528
11446
12984
15454
13340
23620
21600
19160
22653
18334
25504
38060
26274
16241
15532
44717
7797
7332
6548
31870
21689
37342
9977
7210
10560
24286
23440
20294
20407
11800
39025
20318
6429
6480
47632
53655
40803
39530
15590
10349
10997
9390
25519
35246
41591
54015
43076
34667
23380
19200
19481
23486
10898
35799
78799
70385
20996
10459
14452
26315
38253
20582
19833
14720
9948
9741
10767
14826
22896
28452
14375
13073
18973
27239
45370
46635
45799
8982
8499
10240
42854
39365
44713
25666
19785
20814
25625
27015
23809
15771
14413
33979
36939
41147
42109
39249
25431
26370
16318
34015
27347
28898
21822
29469
27220
30182
20151
13804
36052
37109
45779
13962
20527
24077
12321
61625
58893
47400
55729
56572
54406
49899
16189
15957
27413
59176
70156
76620
52930
37910
37608
27344
28067
14147
12639
20083
16035
63693
65582
22496
25969
21634
20952
17868
35902
50470
7758
7726
7151
7891
49239
44071
34039
57113
12968
8075
72946
81043
74639
6714
6165
21565
22304
43161
14342
14646
13594
19655
17040
17702
7509
7772
7573
21731
23400
25489
39907
47913
64439
68925
22635
23869
27233
27145
24837
27289
24960
24195
11712
12347
17876
8835
8957
6302
35391
24304
