48591
52994
48032
22122
26859
28225
26873
38771
65713
64010
56037
41001
43619
43972
46597
43764
43237
12350
44806
42172
15188
14559
8108
39477
25064
18787
18012
15910
20197
20043
20053
27256
23622
27858
22187
41751
42137
8372
8075
8135
34352
28079
22792
11440
20453
18796
9594
9414
10174
26520
7550
7919
15150
14328
14840
14496
50345
50288
28460
23309
16381
15082
23604
41889
45326
46607
60234
60334
71389
79635
20415
40983
27830
48101
46392
86648
84860
70130
42421
65266
48272
17536
17926
14714
36399
12811
13182
13158
12484
13423
22711
28121
26647
73672
80614
79931
14018
12556
17935
79127
75281
79076
41193
50039
41175
17091
13705
13521
14391
26908
27972
27909
45995
39726
42250
17795
22105
10790
12929
15521
13403
22209
21472
17955
21223
18239
25355
38928
26273
16030
15556
39044
7693
7183
7348
37923
21540
37299
8361
6650
9736
22058
22381
20199
20274
11802
46267
20380
6270
7045
53323
55660
40749
42700
13713
10404
10988
9382
25465
35179
41458
55930
43124
39235
21220
17594
17570
21214
9885
42451
78001
71966
21087
10699
14453
26463
44267
20694
19828
14670
9991
9815
10797
14852
22860
28401
14387
13074
19114
27288
47022
53044
51724
8969
8899
10216
42497
39756
44673
24037
18439
20792
25686
26760
23887
15897
14509
38724
42073
41351
47020
39470
23117
23587
14658
34073
22985
24257
19819
26886
24624
27319
18226
12545
40922
42065
51894
12543
18565
21886
11121
61374
63950
49195
56635
52015
47869
49790
16352
15896
27207
59437
70146
65789
60099
43076
40107
27292
28159
14151
12626
19948
16096
56166
65699
22589
25915
21691
21342
17872
40547
57550
8181
7434
7591
7927
50461
42319
38672
50304
12972
8044
78827
74534
65361
7037
6194
21656
22443
43328
14374
14706
13503
19719
17009
17690
6883
7869
7790
21608
23374
25454
40289
47585
64867
60513
22491
23802
28919
26934
24883
27255
25030
24214
11692
12322
17853
8680
9010
5420
35413
24408
