52720
47697
42111
22076
26862
28196
26912
39295
58152
55935
56841
40963
43584
43951
40971
38493
39496
12270
45089
40720
14827
14423
8145
34761
24941
18969
18106
15811
20272
20425
20048
27124
23679
27941
22122
42058
48049
8250
8083
7963
34402
28095
22887
11682
20400
18698
9567
9415
10304
26410
7584
7848
15117
14142
14980
14456
50918
44465
28381
23334
16297
14994
23670
40039
45516
52599
60305
60042
69226
85059
20446
40848
27767
51827
46010
80922
85124
70253
43742
73284
50196
17650
17928
14728
38462
12596
13239
13160
12245
13369
22786
28216
26725
80343
79899
85389
14093
12536
18058
70591
72891
71828
40921
44064
43557
17113
13635
13587
14382
26996
28025
27835
40457
45196
42067
17732
22189
10852
12989
15551
13389
22200
21554
18003
21160
18261
25427
43231
26260
16049
15539
41982
7872
7736
7439
38173
21560
37419
8692
7156
9762
21954
22266
20252
20328
11815
41557
20353
6286
7028
57306
53784
40771
42045
13777
10388
11024
9346
25444
39000
47053
49213
42054
37285
21276
17375
17715
21236
9846
42489
77626
70171
20975
10487
14470
26404
42257
20583
19854
14781
9997
9727
10781
14933
22945
28393
14481
13056
18970
27294
45330
46928
47321
8756
8445
9947
42592
45009
44690
23900
18430
20718
25917
26822
23749
15845
14310
33907
36894
38763
46781
39280
23110
23619
14789
34050
23017
24498
19745
26702
24772
27359
18190
12529
37089
37818
52398
12534
18561
21866
11094
69786
66545
47922
48875
51823
47664
45060
16227
15930
27319
59282
70246
65811
54358
43328
42677
27411
28093
14154
12626
20015
16060
56415
66140
22526
25880
21688
21044
17824
40477
57814
7688
7221
7363
7707
56832
44271
34131
56901
12996
8144
73880
75111
65473
7212
6163
21437
22324
45709
14424
14651
13525
19643
17066
17795
6518
7558
7977
21551
23451
25591
44766
51164
57290
60681
22615
23780
27231
27376
24915
27298
24884
24097
11690
12353
17847
8668
8947
5682
40135
24389
