46505
46556
48004
24424
29695
31185
27202
38193
58935
56242
56222
36282
38672
39256
41313
38694
38294
14656
51056
37917
17017
15963
9736
34752
24938
18757
18015
15792
20047
20025
20018
27183
23575
27862
22106
41679
42384
9840
8085
8044
37894
28232
22701
11463
20516
18735
9590
9587
10370
26908
7934
7866
15431
14319
14942
14375
52912
50448
28341
23391
16385
14993
23662
39889
40148
46373
68739
52841
72365
80333
20439
40722
27815
45687
45899
84615
84621
70372
44166
74596
44040
17460
18007
14755
39851
14130
13180
13212
12628
13386
22836
28115
26733
73559
84437
81558
13955
12658
17953
78238
73013
73392
41738
44163
41120
18918
15092
14597
15876
29642
30642
30412
40546
39591
42504
19620
24331
11867
14321
17051
14782
23741
23731
19150
23469
19484
28033
38110
29092
17156
16631
39026
9184
7143
6538
38487
21532
42301
11177
6684
9507
22128
22197
20170
20302
11781
40758
21696
6642
6506
49675
60889
40778
44994
13768
10371
11032
9386
25402
38929
46707
49190
37739
36681
23413
19254
19315
23423
10512
41495
79662
71987
21033
10472
14459
26249
39083
20573
19781
14692
10045
10143
10771
14976
22828
28393
14321
13081
19029
27234
48194
52932
47358
10251
8700
10115
42638
39340
39314
26412
20506
22909
27528
29748
26272
17410
15880
33884
36884
41225
46645
39294
25555
26088
16233
34173
25456
26946
21832
29780
27274
29165
20112
13406
36154
36942
45728
14827
20523
24212
12303
61272
58744
45605
48861
49783
47638
43886
16785
15922
27220
62958
78354
66081
60435
40604
42683
27337
28052
14115
12664
19952
16145
56178
66164
22595
26143
21729
21232
17860
35798
50700
7553
6992
7511
7384
51832
41939
38517
54829
14349
8947
79902
75377
65179
6816
6178
21630
22491
49035
14426
14652
13545
19813
17002
17827
7248
7636
7789
22066
23789
25535
45289
45027
56813
68782
22532
23801
27126
27065
24857
27190
25065
24160
11702
12363
17861
8656
9004
5918
35756
24406
