46559
53140
47992
22240
26970
28158
26930
34512
58142
63711
63743
36403
43664
44081
46681
43958
43408
12237
47133
38457
14935
14460
8196
34854
25056
18777
18172
15728
20043
19984
19967
27130
23615
27789
22224
41943
47866
8266
8488
7971
34411
28119
22782
11439
20682
18703
9571
9418
10292
26456
7494
7926
15262
14200
14948
14252
53143
50448
28477
23396
16365
14969
23604
42936
45396
52941
68569
52964
68852
79445
20548
35917
27773
45617
47931
86709
85376
76683
38940
66890
44287
17488
17966
14751
35438
12790
13193
13184
12254
13255
22603
28171
26695
80683
80507
81713
14026
12541
18006
72255
81391
76337
38814
50200
46711
17115
13775
13533
14478
27053
27963
27820
46230
43380
42105
17722
22025
10815
13040
15493
13653
22120
21651
18008
21186
18228
25427
41717
26237
16124
15497
39367
7672
7228
6551
33868
21523
38948
8372
7116
9578
21978
22253
20276
20308
11975
43644
20311
6908
6494
52363
60979
40883
44848
13794
10351
10977
9620
25503
35297
41909
54485
42908
38997
21167
17425
17688
21178
9869
41746
84587
77537
21014
10504
14480
26371
39019
20595
19831
14743
10198
10045
10839
14957
23014
28343
14406
13040
19002
27218
45356
53199
51640
8799
8516
9989
41819
39121
39256
23925
18594
20733
25716
26889
23920
15706
14429
38421
41869
41210
46681
39348
23017
23633
14704
38767
23012
24323
19753
26764
24698
27301
18158
12566
40981
40160
51941
12593
18602
21867
11135
70287
66895
45386
52955
56897
49838
47518
16129
15963
27334
65638
70386
74874
60344
37997
40935
27533
28204
14173
12665
19965
16065
56253
66469
22563
26080
21696
20987
17831
40580
57618
7735
7013
7183
7429
49333
44149
36979
54217
13110
8054
72683
74575
65721
6564
6167
21506
22474
49414
14356
14633
13545
19699
16997
17699
6691
7704
7576
21742
23431
25547
42881
45033
64728
60414
22649
24004
27088
26967
24986
27252
24972
24211
11719
12362
17823
8691
8999
5285
40063
24251
