46410
47098
46798
24397
28823
28317
28876
34732
58125
63867
63726
40987
43471
43880
46627
38654
38220
13635
45038
43039
16755
15954
9145
39559
27660
20736
18047
17439
20074
22093
20023
29922
23846
29606
22200
42208
42149
11034
8244
7945
38770
28041
22795
11430
20421
18717
9554
9847
10354
27049
7515
7976
15344
14124
14874
14351
46695
44367
28292
23396
16292
14948
23739
39930
39980
51876
60418
60445
69436
79334
20340
40731
27719
47557
52196
84939
84703
76584
44290
74812
50056
17378
17984
14853
35033
13626
13226
13180
12331
13373
22670
28130
26650
73949
80912
81063
14236
12778
17910
70831
74137
72067
38336
49946
46528
17050
13719
13465
14352
26921
28125
27774
38018
38572
37129
20589
24347
11857
14295
17098
14725
24409
23731
19914
23406
20221
28033
38066
28925
17724
16590
39061
9175
7784
7000
38457
23259
42326
9415
7082
10202
23549
23850
21654
21790
12614
40954
20362
6370
6591
49750
53880
40790
39383
15645
10335
11017
9403
25500
35341
41549
49252
37836
38998
23400
19251
19508
23503
10903
42444
79978
70120
21001
10472
14418
26350
38953
20624
19801
14684
9981
9760
10760
14897
22917
28375
14399
13046
19092
27323
45240
47554
45451
8784
8487
9947
37950
39280
44574
25587
18585
22094
27424
28605
25428
15718
14457
33956
36948
36363
41192
37758
25527
25987
16289
36507
25537
26913
21784
29580
27210
30311
20065
13883
39743
36956
45690
12539
18573
21914
11130
61455
66830
48787
55571
56895
54359
50019
16227
15902
27244
67247
66741
65823
57066
43117
37769
27351
28099
14175
12626
20114
16186
64062
65782
22481
25980
21742
20966
18019
35686
50463
7579
7004
7641
7427
51997
44125
38502
57118
13000
8064
72880
76593
65548
6487
6175
21392
22486
48982
14508
14658
13503
19738
17049
17701
6916
7643
8013
21691
23357
25592
39863
49646
56768
60436
22518
23816
27155
27087
25075
27204
25162
24181
11808
12299
17904
8836
9027
6524
35431
24623
