46147
49289
48079
22153
26917
28225
26784
35001
58151
56418
56417
36278
38645
42758
41103
38581
38135
14154
50937
40248
17698
14435
8685
34806
24942
18819
18038
15683
20068
19987
19982
27103
23623
27894
22140
41926
41983
9352
8056
7992
38874
28048
22915
11465
20409
18722
9599
9650
10321
26518
7521
8027
15297
14213
14864
14257
46532
44433
28402
23312
16438
14995
23743
39941
39967
46427
68418
60105
68964
80465
20306
40468
27870
47102
48350
85330
84033
68127
38961
72646
46606
17384
18003
14668
32985
15011
13248
13196
12371
13386
22688
28271
26606
73398
79067
80526
13946
12594
18029
70988
73553
71642
40099
49970
40954
17022
13677
13585
14426
27042
28127
27851
40433
39470
42169
19637
23696
11880
13862
17156
13390
24469
23873
19844
21407
20232
28061
38002
28930
17722
17141
38881
9181
7149
6515
38442
21577
42299
8553
6476
9481
21927
22289
20187
20305
11749
40776
22416
7272
6924
49602
53974
40870
39624
15578
10353
11044
9361
25557
35307
41626
49276
37888
34871
25251
20716
19397
23400
10887
42657
77957
70343
20972
10457
14519
26308
38934
20583
19849
14733
10004
10066
10896
15013
23041
28394
14493
13059
19182
27372
51506
46783
49812
9085
8626
9900
42688
39118
39315
26502
20499
22183
28347
28590
26255
16930
15904
33984
36881
41036
41302
34746
25761
26127
17470
34124
25800
26924
23446
29647
29268
32308
20037
13785
36302
37127
45890
14164
20521
24132
12325
61590
67146
51616
49263
54767
54187
44009
16206
15966
27215
59368
70465
74746
53189
37997
37609
27287
28108
14183
12575
20026
16147
56116
65789
22761
26039
21703
21000
17898
35731
50449
7728
7345
7150
7698
49192
44102
33932
56940
15451
9711
72727
80906
66297
6814
7207
23094
22370
49269
15474
16262
13468
19634
17025
18844
7500
7830
7545
21732
23215
25545
39909
44922
56678
61237
22528
23786
27188
26976
24788
27226
24936
24105
11710
12474
17842
8689
9051
6575
35489
24374
