46379
53173
48080
22232
26889
28198
26898
34417
57965
56065
56102
36294
40526
42095
45252
38539
43385
13547
50930
42835
18410
15940
8984
34742
24945
18762
18021
15765
20039
20012
19992
27323
23674
27716
22124
41735
41975
11050
8248
8013
38952
28785
22763
11650
20475
18712
9947
9449
10245
26527
7503
8022
15687
14181
15762
14373
50519
48301
28086
23312
16383
15034
23815
39859
40169
46576
60470
53304
69518
80079
20395
35934
28047
45717
46164
85789
83661
78423
40799
65939
50100
17557
17963
14769
39831
13481
13165
13187
12366
13359
22861
28182
26769
73855
84938
85021
13948
12601
18031
78985
73482
72004
43453
44018
46579
18916
15084
14922
15871
29787
31078
30795
40598
45031
40053
19220
24362
11889
13883
17065
14281
23608
22948
19236
22678
19552
27063
38139
28052
17150
17134
44253
8980
8167
7054
34030
21550
42284
9776
7268
9705
21953
22288
20222
20293
11892
41444
22000
6317
7080
49959
53986
40916
39556
16408
10332
11026
9393
25753
35364
41710
49473
37890
34639
25271
20785
20948
25257
10881
37454
80358
70556
21049
10458
14477
26425
39146
20658
19827
14952
10010
9766
10789
14979
23585
28274
14356
13177
19031
27161
45212
51272
51017
8974
8451
9937
40599
39111
39342
26540
20424
22875
28265
29571
26199
17444
15911
34027
37044
36406
41198
34733
27432
27999
17497
34055
25677
27135
23462
29613
27166
30500
20151
13825
36054
36959
45643
14881
20519
24149
12326
61287
58936
45136
49630
54345
51774
45884
16216
15919
27203
64759
78274
74625
61187
43154
42639
27277
28065
14142
12614
20006
16032
64151
73312
22668
26011
21627
20957
17886
35817
50661
9014
6992
7123
7387
56367
38876
34033
50122
14351
8936
73161
75578
65302
7256
6369
21581
22438
43397
14368
14635
13533
19657
17010
17628
6562
7637
7564
21774
23698
25491
40021
48490
56902
68966
22665
23778
27113
27027
24967
27300
24912
24077
11751
12321
17936
8698
9039
5126
36304
24369
