46212
46593
42105
22106
26853
28233
26971
34410
58042
63888
58685
36253
38611
39073
41174
43703
43232
12232
48978
42831
14840
14484
8098
37547
25045
18776
18014
15751
20127
19992
19951
27184
23577
27765
22166
47288
47829
8256
8093
8434
38757
28587
22759
11477
20457
18685
9603
9446
10572
26437
7513
7834
15478
14277
15139
14365
46734
44400
28356
23372
16353
15079
23674
39915
40002
46444
60162
60325
78432
85476
20432
40277
27786
48936
47880
84512
87614
76961
43735
74567
49966
17454
17886
14686
34957
12600
13157
13166
12259
13277
22711
28117
26701
74221
80242
79849
13965
12652
17957
70771
73556
71654
43305
50030
41022
17299
13651
13483
14400
26927
28148
27794
37903
37069
37160
18963
23490
11912
13839
17087
14251
23735
21492
19229
21188
19487
25345
35482
29269
16111
15514
37252
8797
8051
7085
32080
23092
35681
9318
7206
10169
24281
23102
20153
20348
11841
39098
20321
6840
6343
47682
53847
40748
39662
13734
10322
10970
9393
25398
35192
47164
50544
38035
34691
23516
19275
17627
23462
10277
37302
78615
70180
21164
10456
14406
26441
44323
20530
19799
14819
10077
9824
10838
15064
22891
28459
14489
13162
18973
27367
45169
46797
51581
8935
8433
9954
42837
40192
44393
23763
18439
20709
25665
26899
23752
15759
14415
33962
36994
36282
46696
39400
24659
23713
16207
38631
25474
26892
21842
29513
27314
30153
20150
13898
36233
37033
45794
14116
20510
24054
12273
61462
58711
51397
55703
56603
54316
49909
16160
15916
27324
67056
70102
66823
52986
38169
37622
27336
28463
14166
12608
19969
16087
56229
65814
22481
25889
21692
21099
17765
35721
51073
7739
7717
7181
7443
49315
41933
34169
57289
14388
8663
72808
81963
65250
6990
6628
21789
22402
43164
14302
14665
13478
19693
17060
17705
6778
8319
7918
21795
23242
25435
39739
44839
56730
60872
22675
23850
27136
26956
24912
28282
24938
24103
11718
12275
17851
8668
8995
6457
35398
24263
