46252
46659
42238
24418
29908
30174
28725
34366
65825
56093
59189
41100
43824
43993
46675
43714
43294
14249
51063
39276
17851
17196
9153
38844
25085
18774
17938
15796
20017
20004
20051
27396
25186
27762
22263
41714
41973
9834
8401
8813
34305
28028
22771
11500
20484
18785
9597
9440
10235
26512
8522
7823
15445
14118
15004
14448
46622
48599
28402
23355
16285
15000
23689
39965
40028
46735
60232
60212
77169
83845
20344
40774
27703
49696
47279
80003
87271
76485
38950
72786
50188
17619
18011
14769
35114
15027
13284
13137
12416
13473
22652
28170
26699
73903
80824
79604
13949
12570
17867
70853
73395
71866
38244
43993
41017
18958
15099
14878
15905
29707
31097
30604
40563
39609
37236
21135
26191
11924
15419
17092
15866
24548
22891
18049
21495
18301
28055
38087
28935
17783
16606
39075
9327
7153
7598
38429
23812
42307
9999
7454
10520
24358
24248
20253
20314
12605
40810
21897
6606
6810
51256
61059
40856
39433
14301
10363
11003
9740
25455
35313
41982
55802
40461
34416
23401
19219
20904
23410
10890
40820
79736
70320
21033
10445
14413
26427
44182
20553
19850
14690
9948
9744
10777
14975
22855
28259
14360
13080
19080
27326
45144
53188
51316
8936
8489
9962
40002
44607
42318
26376
20367
24658
27479
31822
25488
17435
15423
34061
37045
36377
41130
34741
27451
27864
17516
34032
27270
28835
23521
29488
27272
30136
20073
13859
36275
36974
47998
13883
20534
24065
12278
61425
67007
51612
49249
56769
48071
49845
16254
15900
27195
67172
70475
65708
53370
38066
37775
27529
28324
14141
12729
19970
16051
64045
66026
22645
26249
21681
20973
17950
35716
50445
9015
6999
7394
7467
49394
39051
33998
50303
15537
9746
80815
75562
65327
7143
6160
21477
22379
43369
14358
14636
13540
19727
17058
17657
6460
7685
7823
21661
23189
25515
39915
44916
64436
68915
22530
23795
27122
26984
24865
27268
24953
24056
12969
12331
19692
8646
9607
5290
40268
24430
