46162
53086
47837
22109
26835
28199
26951
34339
57837
64114
63949
41163
40749
38721
42971
49483
38166
14898
51111
38500
18257
14409
8409
34749
25025
18965
18316
16063
20074
20161
20060
27122
23645
27970
22093
41842
41985
11005
8556
7965
38283
28096
22813
11457
20417
18718
9567
9376
10379
26419
7614
7839
15354
14100
15079
14257
46726
44272
28203
23505
16377
15041
23697
45444
45478
46414
60530
59931
77169
83493
20443
39375
27756
46063
52065
84646
87536
76606
44155
65728
50001
17363
17959
14754
34925
14152
13186
13339
12303
13290
22723
28159
26722
74602
85186
84834
14094
12553
17993
70866
73975
71559
38358
44288
41222
19450
15104
14919
15986
26997
28151
27795
40509
39498
37142
20852
24379
11530
14406
16546
14728
23625
23820
19149
23487
19518
27171
38202
26502
16068
17167
44273
9150
7916
7236
38588
22138
37492
9989
7226
10515
24197
23779
22281
21717
13080
40712
22452
6637
6505
49812
53939
40944
39626
13817
10357
11044
9402
25808
35383
41686
49559
42332
34508
23428
19268
19416
23356
11000
37522
81314
70382
20952
10483
14428
26467
38978
20686
19812
14683
10031
9892
10779
14892
22930
28339
14405
13108
19071
27274
51403
47155
45379
8914
8457
9908
38498
39220
41211
26491
20379
22978
28338
29641
25349
17385
15329
36900
39739
36277
46590
39287
25191
28093
15712
34032
25367
26939
21885
29557
27227
30082
19463
13839
41034
36938
45954
13990
19948
21923
11943
61340
58991
45247
48891
49803
54216
43857
16442
15914
27252
67276
78214
65522
53008
43153
42691
27283
28231
14185
12997
20006
16077
56188
75271
22518
25934
21748
20975
17853
35739
50436
8446
6998
7346
7352
52996
41928
38730
54084
14148
9064
72873
74201
65707
6967
7079
21812
22380
43153
14342
14690
13524
19695
17030
17638
6466
7560
7609
21624
23233
25560
40048
45124
57143
68990
22496
23835
27143
26939
24818
27259
24930
24284
11721
12378
17824
8671
8976
6291
35378
24537
