46182
46594
42153
24437
29688
31246
29715
34403
57953
64301
63955
41124
43681
43992
41151
43863
43284
13882
49192
40475
16721
16336
9190
34742
24993
18791
17994
15802
20300
20049
19970
27158
23587
29594
22148
47313
42074
9091
8168
8624
34184
27997
22823
11510
20397
18756
9764
9413
10362
26440
7498
8440
15155
14193
15020
14281
46720
50260
28253
23350
16374
15030
23675
40026
40208
46596
60654
60237
69088
78646
20399
40781
27806
45666
46036
84146
89052
70700
43263
74766
48041
17404
17921
14715
34995
15055
13167
13145
12292
13347
22780
28452
26708
74430
81298
80449
13949
12532
17966
70972
79520
71889
43347
46953
41794
17114
13709
13542
14346
26896
28025
27880
40480
39514
37208
20467
24375
11898
14356
17125
14750
23811
23850
19201
22753
19460
28037
38071
28940
17250
16707
38982
9428
8079
6673
33927
21964
39555
9970
6738
9633
21972
22446
20115
20312
11922
40776
20571
6808
6676
56679
53737
40794
39417
13767
10342
11025
9372
25449
35230
41467
56282
43124
34518
23534
19240
19500
23445
10862
37303
77844
77656
20983
10510
14411
26354
44205
20539
19853
14752
9947
9899
10729
14964
22839
28271
14391
13040
18958
27229
45167
46709
48400
8752
8439
9928
37567
39063
39353
26850
20363
22888
28317
29750
26344
17370
15878
33960
41955
41287
46777
39396
25866
26094
16227
34125
25472
26899
23515
29581
27360
30130
20053
13418
36301
37575
45930
14349
20513
23249
12298
61786
58725
45521
48840
49730
47918
43938
16412
15925
27166
59413
70854
74794
53922
38069
37700
27258
28157
14190
12598
19970
16091
56374
66076
22535
25939
21664
20913
17826
35780
50508
7798
6983
7399
7387
49430
39035
34077
50143
13264
8067
73322
75071
65290
7370
6258
21489
22389
43430
14371
15054
13598
19686
16999
17623
6480
7969
8250
21587
23587
25491
45188
44920
60824
60621
22565
23784
27206
26921
24816
27343
24939
24086
11746
12323
17837
8739
8988
5590
37468
24391
