48763
46783
44229
22289
26795
28227
27008
34443
58214
57405
56034
36246
38523
43631
41840
38807
38341
14646
50920
42885
16452
16049
8972
38397
24943
18846
18092
15857
20075
20015
20068
27244
23644
27750
22141
44857
47588
8249
8048
7950
38802
28017
22843
11474
20454
18707
9599
9459
10521
26938
7524
8465
15328
14422
15128
14420
46599
44336
28267
23380
16238
15026
23740
40078
40146
46670
61309
55252
69363
80158
20430
40854
27753
51993
52086
84914
84472
77092
44278
65626
50000
17458
17962
14792
35556
16372
13192
13190
12288
13351
22721
28265
26710
74425
80921
80653
13942
12563
17878
70895
73550
71586
43549
44051
41775
17256
13618
13556
14385
27024
28225
27781
40618
39493
37281
19654
24441
11475
13112
16558
13325
22259
21461
18022
21344
18210
25315
38202
26338
16292
15597
39211
9192
7150
6528
34080
21607
42480
8504
7412
9579
22007
22270
20250
20339
11770
40941
20351
6324
5890
49950
53829
40876
39674
14148
10410
11078
9524
25423
35469
41668
49423
39228
34531
23460
19240
19392
23449
10893
37416
78464
78381
21000
10487
14406
26355
38845
20589
19834
14733
10021
9754
11019
15002
23210
28312
14392
13036
18941
27184
45307
46711
51473
8842
8994
9935
37656
39618
39442
26443
20369
20718
27492
27019
25528
16778
15358
34027
36887
39884
46827
34750
25400
26170
16297
34063
25411
26892
21801
26714
27215
27336
20083
12522
36283
37130
45915
13441
19942
23472
11893
61518
67028
51607
48937
49759
47714
43950
16201
15964
27204
59110
70128
65939
53005
43128
42920
27411
28190
14177
12600
20026
16101
56454
66082
22604
25875
21719
21007
17826
35839
50625
7565
6999
7125
7886
49520
39029
38673
51194
14420
8967
73126
80858
65367
7038
7126
21762
22372
43085
15066
14715
13507
19714
16994
17734
7090
7569
7686
21998
23497
25471
39756
50933
60232
60749
22658
23887
27192
26924
24789
27252
24940
24292
11719
12340
17932
9260
8976
5109
40154
24489
