52467
53090
42091
22230
26861
28227
27043
36852
66201
56269
56219
36259
38651
41817
46590
43772
38084
12240
51068
42828
14858
14418
8095
34830
25041
18781
17990
15740
20020
20030
20048
27220
23607
27719
22198
47449
44854
8613
8047
7947
38979
28103
23067
11456
20463
18714
9653
9625
10230
26495
7528
7848
15204
14108
14845
14248
51526
50614
28264
23341
16328
14990
26091
42903
45347
52813
60283
60022
69145
84898
20417
40928
27889
49877
52420
86664
84716
70268
43574
65688
46266
17382
17936
14796
39968
12590
13275
13253
12320
13341
22768
28141
26748
74527
80538
79987
14019
12573
18010
75416
80359
71524
43330
46474
42105
17050
13640
13582
14397
26896
28105
27854
45965
39858
42102
17729
21986
10716
12926
15479
13486
22189
21600
17986
21235
18217
25511
38132
26299
16265
15555
43138
7685
7147
6539
33863
21542
37323
8352
6507
9614
21931
22238
20180
20401
11765
40857
20377
6792
6863
51990
53913
46348
42593
13935
10302
11043
9358
25449
39458
46633
56356
42926
37952
21259
17390
17598
21197
9825
41789
78220
70290
20993
10462
14455
26386
42738
20559
19797
14729
9970
9739
10769
14835
23146
28286
14437
13005
19269
27369
45254
48725
51814
8819
8530
9930
41292
39947
41507
23867
18462
20795
25674
26783
23843
15705
14407
33889
41871
41390
46777
36816
23037
23568
14828
38555
22922
24307
19859
26745
24679
27271
18160
12534
36399
38034
52464
12725
18739
21806
11166
63964
58893
47181
50363
49919
54470
50206
16285
15873
27182
59143
78150
74582
60205
43033
42870
27443
28125
14112
12604
19989
16221
56289
66003
22487
26276
21543
20939
17956
38875
57494
7647
7089
7611
7573
50048
42189
37437
50671
13020
8105
78919
74828
65637
6648
7221
21712
22385
49045
14398
14726
13513
19676
16934
17676
7117
7657
7643
21993
23246
25487
40038
51222
57004
60415
22519
23787
27193
26789
24791
27360
25082
24090
11859
12465
17772
8783
8971
5099
40010
24367
