52431
52257
47812
22105
26831
28206
26992
38964
63289
63741
63669
40988
43573
43885
41201
43884
40119
12452
44946
42900
15648
14507
8205
35184
24988
18792
18014
15801
20057
19997
20015
27159
23546
27845
22298
47537
47673
8536
8092
8045
34212
27970
22738
11514
20470
18788
9602
9539
10231
26489
8170
7852
15082
14086
15085
14327
46599
44358
28299
23345
16295
14996
23688
39860
45324
46075
60269
53025
69595
82671
20414
36112
28066
49429
47181
85081
87638
77059
39116
67221
50281
17385
17898
14732
35101
13305
13185
13092
12307
13313
22796
28218
26621
74445
79924
79975
13973
12582
17906
78182
72557
79500
43485
50189
46601
17088
13643
13506
14446
26999
28069
27756
46208
39457
37120
17786
22104
10731
12938
15507
13351
22264
21715
18144
21354
18325
25355
38133
26216
16057
16567
44319
7691
7142
6543
38473
23855
42321
9622
7442
10838
24397
24619
20130
22476
11790
40921
21728
7376
6518
49756
53981
40775
39466
14318
10354
11049
9384
25475
35253
41691
49622
38141
34599
23509
20741
20963
23426
10932
37351
76751
78589
21027
10461
14431
26342
39059
20593
19841
14809
10167
9871
10711
14886
22838
28347
14429
13048
18949
27290
45159
47265
51394
8843
8488
10064
42615
39415
44638
23885
18595
20761
25688
26795
23873
15727
14376
33895
36952
36296
41645
36650
25580
26210
16244
34629
25572
26914
21815
29563
26311
30253
19381
13832
36200
37069
45828
13897
19905
23233
11910
61027
58897
45144
49021
49939
47928
45631
16248
15923
27496
59042
70100
74758
58060
38101
37852
27439
28049
14115
12634
20014
16157
56269
66426
22591
25896
21615
21088
17880
35831
50740
7551
6990
7456
7396
49537
41139
34045
50214
14376
8914
72661
75116
65357
6711
6184
21416
22390
43180
14336
14694
13548
19684
17042
17795
6911
7572
7595
21971
23280
25478
39877
46266
64755
66221
22647
23806
27214
27072
24884
27576
24985
24330
11701
12507
17800
8697
9004
5405
35566
26025
