47830
53026
44677
22340
26877
28306
26877
34330
67147
63767
63526
40933
38439
42657
41978
43789
43700
12306
45068
37891
14967
14484
8090
39392
24949
18762
18094
15757
20165
20070
20100
27237
23715
27863
22240
47292
41956
8684
8380
8033
38946
28010
22738
11474
20531
18784
9620
9406
10251
26314
7512
7844
15371
14171
15010
14299
52995
44334
28338
23597
16376
15073
23652
39978
43540
46371
60386
53199
76986
85020
20342
35913
27733
52094
52187
86150
82892
70837
40982
74648
47107
17605
17962
14707
39868
12610
13216
13136
12303
13429
22927
28158
26593
80021
78907
84872
13954
12603
17953
77931
72741
71408
41676
50294
41194
17149
13692
13484
14439
26959
28008
27874
45850
44789
42185
17734
22034
10700
12910
15435
13380
22289
21470
18006
21324
18407
25391
38105
26219
16264
15562
44193
7870
7143
6553
33896
21520
42416
8560
7338
9534
22245
22317
20287
20389
11950
46343
20299
6716
5881
49658
60853
44003
44859
14696
10329
11004
9346
25496
35704
43278
49449
37746
39157
21251
17424
17564
21248
9811
39685
78623
72596
20882
10476
14664
26409
39000
20553
19811
14744
9972
9764
10715
14850
22914
28377
14354
13079
18991
27260
50590
53177
51643
9190
8720
9929
42841
44595
39472
23985
18552
20717
25680
26892
23836
15773
14361
34035
42291
41191
46642
39262
23078
23634
14711
38669
23001
24333
19791
26837
24637
27295
18219
12604
40952
41854
46076
12629
18580
21840
11115
61444
59867
51483
49145
52617
54188
49993
16315
16150
27856
59613
70431
65528
54387
41314
37571
27268
28060
14193
12635
19996
16101
56282
66010
22529
25839
21658
20913
17895
35758
50462
7909
7106
7610
8210
56369
42469
38764
49983
13029
8063
80249
74595
65485
6884
6609
21460
22355
48955
14451
14665
13526
19738
17034
17681
7207
7544
7582
21805
23219
25516
45270
51082
58197
60444
22525
23763
27094
26998
24906
27362
25001
24023
11734
12321
17956
8671
8971
6123
35769
24420
