47813
47104
47943
22199
26991
28138
26916
38329
64894
63786
55973
37440
43824
38798
46512
38634
43643
12481
47664
42961
14867
14462
8108
36036
24995
18868
18030
15822
20079
20025
19980
27130
23630
27800
22161
46887
42038
8417
8275
8404
38749
28017
22745
11564
20473
18724
9770
9389
10276
26468
7768
7788
15109
14155
14936
14329
46583
46438
28267
23361
16326
14995
23754
39925
42883
46623
68696
53112
69095
85074
20420
40756
27741
45553
47911
86461
89793
71329
42186
74577
44304
17567
17971
14791
39755
12611
13222
13190
12283
13338
22689
28173
26726
75258
80662
79673
13925
12545
17889
71437
71768
73582
42437
47175
42835
17038
13765
13525
14397
26926
27963
27912
45879
44730
42097
17780
22108
10755
13008
15491
13412
22258
21601
18076
21448
18202
25343
38066
26252
16084
15685
42137
7681
7173
6766
38708
21596
42337
8371
6681
9522
21955
22252
20130
20341
11770
40840
20297
6592
6803
50085
61089
46269
44741
13734
10352
10976
9343
25531
40140
44092
56088
42930
34489
21208
17374
17627
21236
9863
42387
84609
79159
20999
10415
14433
26380
43856
20622
19881
14713
10050
10033
10778
14904
23015
28639
14349
13020
18980
27260
45593
53173
51520
8786
8558
10104
37843
40197
39626
23977
18551
20758
25601
26768
23887
15725
14356
33998
40822
36316
46609
37225
22983
23642
14766
34007
22921
24361
19778
26703
24795
27304
18300
12594
41007
42032
45832
12663
18617
21858
11111
61517
58779
45909
55454
56591
54261
49985
16232
15897
27304
59014
70413
74254
60132
42955
42702
27400
28098
14202
12602
20003
16060
56131
74753
22510
25939
21599
20941
17914
35660
54565
7645
7518
7310
7564
49802
42380
38506
51030
12957
8059
72839
80980
74513
7471
6746
21613
22372
49235
14426
14617
13658
19692
17116
17608
7426
7565
7607
21564
23303
25721
45274
50994
64528
61358
22514
23838
27231
27103
24842
27308
25066
24082
11643
12343
17890
8682
8991
5116
40111
24276
