46384
47156
47900
22414
26876
28165
26890
34379
57936
55719
56127
36148
38478
43855
47129
43757
39228
13608
50889
42796
16443
16034
9033
35028
25007
18864
17936
15909
20043
20044
20056
27164
23559
27776
22118
41800
42129
10914
8064
8480
38929
29956
23868
12294
20654
18739
9944
9603
10299
26435
7545
7882
15366
14179
15143
14406
46759
44511
28401
23466
16344
15049
23690
40021
40140
46527
64773
60239
70962
80273
20405
36087
27858
46062
51432
84800
88455
70423
44241
75021
50060
17404
17986
14753
35202
15061
13159
13153
12306
13251
22721
28283
26748
74001
80710
80669
14082
12563
17927
71320
73001
77796
43521
44068
41047
18910
15121
14904
15893
29813
30909
30799
40522
39470
37166
19884
24345
11892
14304
16691
14751
23640
23830
19331
23503
19555
27996
38461
28026
17174
17183
39025
9171
7134
6541
33966
23793
42267
10004
7208
10543
24327
24575
21571
22476
12667
40948
21736
6757
6492
50034
54072
40985
39684
17261
11093
11054
10131
25450
35383
41743
53611
40671
34418
23375
19181
20876
23397
11719
42418
77686
70063
21075
10447
14418
26354
39129
20638
19862
14751
9999
9898
10823
14988
23155
28328
14338
13096
19017
27264
45410
46793
48879
8756
8662
10171
42643
41444
44981
26462
20439
22865
28297
29729
26283
17374
15869
34085
41895
39753
46703
34760
25710
26007
16264
38583
25590
26850
21787
29594
27174
30129
20113
13758
36292
37198
46035
14060
20647
24175
11911
61294
59581
47372
49076
56801
47936
50012
16267
15884
27276
67753
67452
65510
53668
37971
37684
27262
28197
14252
12603
20060
16061
63807
65843
22555
26009
21722
21112
17902
35834
57213
7630
6981
7139
7385
55844
44218
35056
56816
14379
8912
72763
74368
70227
7090
6728
21502
22396
48973
14379
14660
13532
19619
17073
17614
6465
7549
7663
21809
23373
25462
39857
45223
64617
60467
22559
23780
27121
27076
24931
27387
25126
24116
11781
12325
17902
8656
9001
5690
35608
24367
