52430
47132
43871
22114
26843
28330
26932
34509
58254
56410
63644
36255
38614
45783
46866
43948
43271
12539
45421
42864
14795
14465
8338
39615
25003
18842
17961
15789
20127
19965
19978
27162
23616
27926
22224
41663
42149
8331
8068
7957
38773
28016
22781
11487
20483
18639
9673
9533
10227
26460
7585
7825
15417
14211
14952
14291
46591
44350
28291
23336
16302
15013
23664
39994
39994
52896
64845
60231
69078
83570
20364
35940
27746
45618
49273
86596
84494
71981
44158
66025
48352
17436
17910
14790
39252
12949
13217
13164
12297
13308
22762
28164
26729
76355
79648
83534
14023
12517
17971
70848
74067
71488
38147
58266
44889
17087
13660
13474
14343
27005
27642
27766
40554
39406
37116
19627
24299
11456
14328
16475
14822
23789
23821
19154
23481
19509
27954
40148
26883
16150
15493
39151
9347
7661
7178
34144
23153
37255
9989
7496
10536
24368
24632
21553
22579
12622
45458
22482
6888
6971
56849
54371
46304
41532
14149
10389
11055
9408
25542
34874
41491
50871
39227
34594
23501
19286
19479
22753
10535
42364
78188
70462
21060
10444
14467
26381
44209
20543
19819
14738
10168
9767
10882
14975
23027
28274
14457
13007
18977
27244
45187
47428
45384
8765
8624
9947
42890
39107
39330
26384
20709
22965
28367
29574
25432
16887
15362
33983
37003
41121
41112
39254
25359
25999
16334
33997
25294
26809
21847
29406
26330
30238
19382
12533
36163
36983
46015
14186
20502
24256
12263
61338
59328
45426
49195
49702
47752
48508
16309
15905
27355
67576
76457
65907
55950
43111
42538
27391
28103
14120
12613
20019
16100
56530
65414
22479
25922
21635
21006
17837
35631
50585
7549
6982
7131
7350
52871
44098
35074
51214
13016
8557
72837
80815
74283
6673
7324
21558
22385
44783
14350
14654
13520
19647
17181
17730
7189
7512
7606
21878
23362
25487
40044
45184
56823
61498
22615
23870
27166
27098
24905
27255
25053
24085
11707
12318
17843
8774
9004
5111
35431
24370
