50116
46983
47993
22398
26850
28248
26949
34482
66158
63822
59579
40346
43534
43827
41440
43572
38210
13737
44982
37883
16842
16054
8661
39586
27671
20832
19171
16925
21391
21435
22144
28893
25437
29728
23676
39474
39467
8717
8284
8259
32375
28106
22802
12361
20488
19960
10255
10046
10967
26571
8039
7804
15163
14183
14985
14369
47179
44283
28196
23423
17396
14976
25306
45279
40173
49233
60292
53075
69146
79944
20587
40857
27827
45766
52072
84506
84952
70418
42796
65719
44042
17380
17934
14788
34997
15026
13170
13118
12278
13341
22713
28182
26725
74373
85868
85030
13976
12580
17934
71089
79046
77815
40316
46764
40979
18273
14753
14981
15452
29853
29984
30704
40975
39726
42213
19653
24299
11886
13846
17169
14279
23656
23181
19185
22716
19453
27141
38086
28347
17206
16569
38941
9169
7243
7066
38502
23770
39697
11180
7203
10548
24366
23694
21647
20499
12606
45506
21671
7244
6265
50738
54298
46358
44502
15105
10467
11064
9972
25687
35271
41548
55886
42826
39036
23738
20700
19551
23606
10507
37429
79902
79074
21072
10526
14597
26291
38924
20650
19816
14727
10003
9801
10801
14878
22919
28413
14368
13005
19015
27397
45257
46654
51536
8940
8484
9914
41990
39114
39361
26415
20548
22869
28184
29677
26274
17433
15827
33896
36946
36284
41125
39401
27464
27892
16299
34191
25653
26889
21810
29352
27195
29200
20198
13426
36268
37056
45756
13939
20542
24260
12273
61580
59875
47809
55738
53140
54198
43864
16185
15992
27404
67396
70581
73136
53063
43276
39220
27291
28042
14123
12593
20104
16113
56232
65504
22539
26281
21772
21074
17820
35698
50416
7886
7215
7249
7386
49443
39072
34152
50278
14382
8951
72841
74741
74443
7111
6205
21590
22358
44891
14395
14703
13471
19721
17179
17696
6457
7681
7576
21935
23250
25791
40026
44883
57127
68926
22688
23865
27336
27142
24816
27299
24959
24097
11725
12330
17835
8785
9049
6134
35428
24273
