46397
46783
42308
24951
30012
31240
29782
34521
66232
63813
63709
40972
43641
43945
46522
42653
40473
14622
50885
37857
19267
16024
9037
39624
27796
20813
19822
17413
22193
22249
22050
29942
26111
30645
24516
43619
41928
10993
9295
8832
34203
29861
24351
12242
21786
20023
10260
10194
10976
28122
8127
8512
16378
15263
15057
15342
50682
44534
28350
23362
16416
14995
23706
39894
40066
46397
68466
60012
78473
79857
20412
35899
27712
45689
45859
84610
87562
70209
44305
71842
44213
17423
17939
14817
35222
16912
13269
13178
12326
13358
22766
28355
26654
74713
85624
80298
14032
12619
18035
78172
73502
75360
43238
48652
46489
18274
15157
14903
15365
28751
29868
29832
40514
39577
37192
21149
26176
11909
14327
17072
14807
24530
23712
19850
23368
19584
27969
37968
28099
17221
17133
38983
9254
7643
7009
38507
23901
37436
10006
7869
10506
24351
24589
21473
22534
12587
40674
22604
6852
6499
49788
61059
45914
40963
16420
10332
10973
9390
25668
35218
41521
49181
37741
39045
23821
19189
19376
24461
10911
37375
80389
70527
22405
11143
15423
28080
38950
21282
19802
14779
9942
10057
10794
14854
23741
28277
14328
13082
19037
27228
45170
46802
45434
10477
9393
10965
42724
44522
44695
26751
20378
22933
28334
28751
25339
17397
15374
33973
37094
36408
41409
39304
24699
24000
16325
34024
25493
26857
21799
29452
27168
30132
20094
13836
41232
36982
52009
14005
20537
24103
11835
61316
59166
45301
48866
49737
47901
43898
18710
17554
30042
59256
70647
74471
53154
42078
42639
27526
28566
14092
12644
20071
16272
60329
65839
22577
26007
21743
21060
17835
35746
50422
9033
7854
7116
7383
55936
38941
34084
57086
14393
8961
73041
75671
65185
7219
6167
21531
22337
43141
16687
14715
13536
19640
17059
17702
6457
7562
7563
21794
23368
25691
39828
44964
56796
68839
24090
25378
29909
28737
26477
29263
26672
25688
12499
13172
19160
9252
9620
5201
35380
25952
