46179
46638
48003
24515
29820
30122
29692
34501
58191
56473
55933
36168
38412
44055
41177
43860
40982
16238
50877
37762
18475
16132
9694
34546
29632
22336
19906
17422
22222
22146
22117
30222
26168
30738
24506
47496
42270
11073
8953
8958
38942
30880
25158
12215
22677
20020
10682
10101
11346
28144
8319
8389
16832
15143
15932
15811
53075
44284
28256
23358
16376
15044
23651
39870
40431
52943
68448
60353
69373
79509
20336
38862
27769
49802
45931
86489
84254
72100
40633
74850
44940
17485
17937
14836
34981
15007
14558
14478
13605
14680
25135
31180
29454
89479
80406
80501
13956
12595
17953
71225
74049
71600
38186
44170
41069
20044
15096
14903
17114
29799
30919
29836
40563
39569
37246
21163
24383
11969
14009
17183
14346
24439
23125
19866
22753
20138
27026
38060
28993
17763
16554
39031
9192
7648
6995
38392
25594
42301
10007
6817
9492
21998
22233
20219
20365
11906
40897
20578
6389
5956
56486
53677
40782
44821
15084
10345
11009
9361
25445
38554
47094
55078
38187
34615
23471
19280
20891
23529
10876
37443
79289
70338
20876
10449
14450
26356
39301
20556
19862
14742
9951
9793
10893
15069
22835
28417
14507
13075
19025
27359
45231
49616
51343
9507
8443
9890
42562
39106
40876
26587
20417
22862
28311
29598
26250
17404
15919
33952
37090
36502
46672
39239
25479
26134
16163
34203
25705
26803
21793
29586
26394
30247
19564
13353
36240
36960
45765
14975
19824
24163
11861
61342
59152
45335
48872
49985
54258
48634
17927
17574
30023
59528
70174
74655
52844
43152
37638
27249
28115
14145
12686
19964
16159
56472
66140
22511
25888
21728
20990
17949
35664
50389
10097
6976
7460
7365
50080
44117
38540
50076
14370
8919
79787
74411
71011
6967
6377
21499
22336
49094
14334
14652
13515
19672
16989
17673
6749
7713
8365
21855
23627
25463
39845
51215
64739
68997
22636
23747
27142
26934
24913
27380
24983
24139
11755
12300
17793
8653
9084
6573
35416
24620
