47611
52103
48096
22088
26852
28205
26780
38019
64688
64171
56331
41083
43663
44126
46594
44001
43336
12243
44976
42883
14855
14484
8319
39392
25092
18900
18134
15766
20064
20247
19984
27107
23616
27940
22007
41689
44872
8334
8325
8227
34623
27952
22880
11454
20458
18706
9577
9422
10205
26227
7528
7973
15234
14074
14938
14317
48691
50583
28249
23398
16333
14963
23685
45338
45649
52948
61155
60209
69007
80033
20423
36775
27742
45658
47635
81588
83339
78145
44137
66099
50060
17520
17898
14744
35257
12637
13239
13127
12240
13293
22659
28206
26636
74652
83932
79202
14055
12754
17990
77956
78494
71474
41380
45855
41008
17195
13651
13555
14446
27058
27978
27794
46164
40052
42257
18028
22073
10745
12935
15530
13378
22174
21627
18088
21285
18283
25383
42389
26273
16025
15540
38997
7685
8077
6565
38437
21547
41203
8355
6880
9547
22033
22286
21524
20332
12643
40767
20325
6180
5873
56621
54221
46600
45103
13813
10355
11000
9344
25412
40161
47189
49469
40758
36260
21601
17460
17613
21201
9839
37305
77989
78616
21154
10546
14419
26388
44311
20664
19799
14740
10246
9770
10783
14847
22847
28240
14411
13008
18979
27300
45370
48347
45260
8749
8479
9982
40773
43456
39501
24056
18543
20878
25674
26810
23864
15862
14451
38388
38499
36451
41334
34673
23006
23578
14729
38786
22969
24360
19767
26700
24639
27393
18158
12529
39578
39831
51952
12600
18636
21917
11104
69905
66636
51355
48850
57502
54608
50143
16259
15874
27283
67493
70593
65557
54621
41231
39648
27230
28511
14138
12637
19976
16050
57884
75088
22517
25945
21688
21029
17847
40602
57477
7573
7012
7141
7398
49242
43289
38716
51589
12967
8077
72590
81367
65376
6472
6794
21433
22323
43204
14343
14628
13529
19637
16999
17798
6477
8223
7918
21622
23462
25553
40031
48221
64520
60510
22731
23862
27136
26941
24965
27259
24981
24144
11748
12529
17783
8655
9069
6007
40136
24460
