48258
52889
44018
22109
26915
28223
26966
35794
66220
63693
56137
40945
43625
44115
41232
42650
43217
12306
44880
42797
14848
14470
8146
37237
25049
18751
18040
15821
20035
20089
19977
27159
23639
27869
22267
46118
42040
8274
8290
7913
34327
28105
22772
11492
20430
18758
9577
9424
10255
26424
7520
7902
15148
14140
14919
14328
48924
48197
28313
23345
16417
15126
23707
45253
45454
52888
59974
52948
77919
79267
20496
35946
27791
45732
49088
86187
88965
70040
44666
66033
49983
17469
17965
14753
34980
12623
13170
13111
12322
13283
22809
28149
26652
74015
81781
79625
13973
12528
17879
77884
79062
71418
42153
50327
46513
17144
13617
13519
14674
26899
27986
27954
46127
39332
37137
17747
22123
10816
12993
15451
13373
22172
21446
18015
21295
18331
25339
39434
26249
16155
15604
38897
7679
7697
6546
33911
21560
39942
8573
6502
9553
22044
22243
20250
20415
11843
46501
20510
6657
5877
56534
53665
40836
44769
13742
10375
11201
9380
25582
39962
47289
56214
41986
35860
21354
17414
17625
21257
9927
42716
79434
71850
21178
10483
14427
26407
43487
20555
19878
14692
9959
9775
10764
14840
22848
28231
14360
13151
19187
27304
45514
49545
51675
9038
8445
9900
37657
44430
44600
24049
18470
20714
25653
26808
23773
15836
14390
38452
38938
41305
47214
39247
23062
23602
14729
34097
22941
24253
21116
26717
24772
27371
19537
12501
40933
40094
51954
12609
18755
21872
11107
69622
66687
51622
51617
56817
54429
46296
16156
15945
27241
59186
70416
65525
53521
38264
42841
27288
28109
14208
12589
19967
16073
56172
65843
22638
25898
21672
20951
17867
38388
57502
7570
6986
7140
7446
52820
42763
36963
57131
13043
8638
72915
73977
65138
6505
7052
21688
22404
49046
14392
14672
13523
19623
17067
17737
6528
8094
7779
21811
23179
25486
39828
44870
58214
60702
22494
23657
27216
27021
24792
27351
24954
24149
11702
12396
17871
8651
8953
6076
38482
24329
