47918
46595
47544
22154
26955
28183
27059
39093
58147
56077
55917
36049
43742
41513
46751
43655
43225
12231
45122
42967
14833
14429
8098
37383
24962
18776
18053
15809
20052
20003
20101
27082
23558
27746
22169
45473
45791
8456
8351
8062
34323
28196
22784
11464
20448
18708
9601
9412
10227
26449
7498
7809
15243
14088
14927
14385
53098
44337
28254
23322
16330
14981
23644
39906
45360
52811
68432
52953
64693
78129
20404
40700
27761
51904
47278
81829
89681
70361
44190
65540
50239
17402
18166
14709
39823
12609
13188
13194
12309
13455
22751
28161
26740
73822
84255
79657
14018
12615
17916
77771
79480
76914
38160
46041
41042
17045
13681
13500
14369
27046
27957
27765
41422
42714
38439
17799
22059
10921
12985
15509
13368
22355
21496
18019
21300
18260
25565
38054
26347
16093
15708
39073
7799
7726
6561
34012
21561
37386
8350
6904
9567
21985
23219
20198
20331
11757
46321
20301
6219
6900
49877
56146
45472
39916
14057
10573
11037
9348
25418
39938
47055
56296
37992
39139
21225
17395
17552
21283
9867
41480
78000
71447
21003
10430
14481
26387
38960
20685
19807
14719
10027
9746
10807
14993
23041
28340
14396
13074
19038
27201
51713
48983
51642
8776
8696
10208
37647
44413
44620
24004
18513
20677
25730
26901
23730
15737
14424
38508
42018
41410
41267
39197
23060
23602
14785
38272
22944
24386
19768
26733
24766
27404
18146
12461
40919
41894
52048
12539
18689
21856
11155
70045
58907
47736
55800
56752
51798
47121
16169
15932
27434
67238
70137
65539
60380
37949
42843
27405
28068
14232
12627
20013
16222
62725
65795
22622
26032
21596
20947
17831
40521
57669
7603
7155
7912
7368
51086
42973
38423
57301
13000
8235
72951
74904
65661
6460
6262
21417
22388
45630
14482
14688
13544
19695
17094
17643
6478
8325
7648
21755
23356
25494
44238
51186
59697
60461
22548
23748
27217
26911
24989
27254
24934
24112
11751
12278
17839
8792
9413
5103
40196
24389
