46452
46533
42095
22102
26951
28319
26968
34198
58144
64102
56052
41062
38997
44012
46810
38580
38204
13550
50955
42843
14943
14465
8652
39427
25005
18838
18015
15795
20038
20026
19979
27099
23592
27773
22246
41886
42071
8243
8199
7922
34201
28143
22738
11470
20425
18998
9581
9420
10421
26728
7506
7811
15152
14167
14929
14300
53092
50350
28333
23433
16359
15048
23747
39907
39938
60306
68414
60176
77267
84073
20311
35873
27724
45615
47346
81147
84604
70514
44223
74742
45439
17407
17938
14783
34957
12597
13199
13139
12316
13358
22722
28309
26696
74079
79710
80977
13978
12537
18068
70827
73068
72015
38333
50135
46781
17045
13735
13486
14370
26912
27962
27815
40595
44967
42091
17752
22015
10747
12972
15518
13381
22307
21514
18006
21215
18265
25387
38083
26474
16476
15694
39044
8104
7156
7094
38647
21639
42275
8350
6841
9493
21937
22268
20103
20316
11884
41044
20746
6198
5873
49683
53686
40801
39508
13734
10324
11017
9467
25401
35210
41495
52227
42932
34442
21167
17389
17533
21259
9943
40943
77762
71055
21100
10487
14425
26424
38987
20648
19845
14732
9941
9861
10758
14857
22840
28413
14408
13042
19025
27359
51441
46711
45494
8942
8638
9954
37648
51733
44007
25633
19764
20773
26340
26816
23840
15854
14408
34202
37185
41130
45352
34663
24594
25117
14976
34107
24627
25866
21885
28470
27236
29099
20142
13400
36054
36977
52069
12579
18604
21900
11154
61281
58925
45482
48939
49938
47675
43934
16248
15893
27188
67389
70571
65979
53304
38144
37741
27464
28107
14214
12647
19969
16072
56065
65961
22586
26024
21607
20926
17863
35853
50602
7765
7468
7634
7425
49481
42832
34059
50891
13966
8614
72548
80853
74175
6478
6378
23782
22319
43710
15452
15686
13522
21048
16989
17625
7487
7619
8118
21786
23406
25585
39862
44911
58010
68793
22597
23759
27109
26966
25055
27306
24935
24092
11688
12331
17826
9248
8923
6421
35505
24378
