48390
46558
43754
22245
27005
28207
26929
34520
66143
63704
56076
41121
43574
43944
41206
42618
43412
12325
47892
42788
14895
14862
8424
35937
25022
18797
18042
15761
20065
19973
19975
27183
23681
27804
22060
44887
41989
8218
8164
7913
38736
28135
22831
11442
20523
18674
9764
9449
10200
26503
7649
7844
15227
14109
14918
14214
46594
50347
28496
23424
16346
15047
23672
43360
43535
52688
60331
53133
70841
79646
20483
38551
27737
46689
52136
81766
84108
70840
42170
74757
49979
17556
18002
14731
35143
12748
13303
13173
12392
13325
22782
28409
26831
80166
84235
80297
14024
12642
17938
70733
78684
72336
42391
47053
46672
17067
13677
13624
14481
26946
28082
27854
43274
43644
42284
17804
22017
10740
13015
15615
13352
22130
21628
17947
21334
18267
25310
41402
26302
16073
15557
43013
7686
8048
7132
34085
21586
37385
8635
7128
9635
22047
22243
20216
20337
11834
40887
20352
6180
6921
49895
61201
46497
44819
13850
10360
11076
9360
25525
39955
47102
56048
38160
39170
21247
17379
17653
21292
9850
42512
78398
70597
20987
10508
14874
26272
44097
20536
21163
14737
10689
9677
11457
14928
24424
28328
15389
13044
20276
27377
45227
48941
51628
9388
9027
10553
42676
44473
44898
23964
18534
21035
25623
26857
23850
15727
14434
33967
39376
40585
46993
39398
23128
23575
14732
36891
22925
24315
19636
26716
24637
27347
18321
12476
36042
41851
52154
12523
18616
21572
11129
61350
59110
48192
55775
53029
49834
49983
16182
16044
27369
59079
70259
65872
60237
42056
42840
27311
27938
14169
12634
19972
16098
56247
75320
22487
25905
21669
20926
17847
36298
50986
7570
7658
7443
7401
53131
38832
33979
49991
12987
8089
73148
74406
65563
6457
6374
21460
22503
47697
14358
14704
13533
19701
17043
17739
6488
7553
7764
21866
23251
25454
44456
51128
57022
68939
22630
23816
27129
26999
24788
27278
24979
24100
11716
12302
17987
8700
8993
5287
39195
24377
