49518
52011
47819
22160
26858
28177
27141
34434
64999
62667
55893
41010
43577
43946
46640
43697
43211
12244
49041
37853
14839
14502
8311
34884
25240
18799
18048
15830
20033
19962
20052
27119
23674
27887
22167
47610
45554
8451
8153
8117
38762
28072
22809
11504
20589
18683
9620
9394
10226
26428
7644
7863
15243
14145
15008
14362
48658
50621
28383
23454
16356
15035
23703
43816
45183
52636
68431
53206
69331
84267
20359
40741
27864
47794
50379
86086
84924
70106
44375
66038
50033
17589
17978
14793
39698
12615
13162
13155
12260
13339
22651
28169
26654
80799
80578
83279
13932
12592
17875
70245
80201
76751
43513
50104
46590
17181
13647
13545
14343
26911
28175
27896
43182
44252
42144
17735
22011
10949
12973
15520
13305
22170
21559
17958
21231
18336
25517
41490
26550
16071
15568
44180
7779
7253
6554
38435
21525
38742
8355
7327
9523
22063
22340
20234
20385
11806
43235
20295
6866
5974
49809
54051
40975
44949
13788
10390
10993
9538
25472
40091
47463
56351
42984
39121
21267
17457
17568
21258
9820
37430
83617
75534
21094
10464
14461
26291
38954
20587
19807
14720
10017
9761
10746
14899
22928
28408
14393
13101
19139
27341
45505
53037
51486
8793
8525
9989
40579
42197
44690
23945
18527
20677
25626
26827
23805
15794
14420
33958
39457
36384
46712
39243
23157
23703
14796
38072
23008
24321
19760
27009
24659
27435
18155
12465
36110
42039
52047
12535
18595
21906
11106
69677
67184
52637
55837
50412
54351
48240
16931
15860
27210
65015
72766
66311
60257
41786
42668
27404
28129
14136
12680
20013
16103
56086
68411
22473
25807
21762
21022
17957
39657
57245
7694
7025
7159
7903
49482
42538
38747
57215
12979
8094
73585
74179
65863
6774
6405
21454
22385
46312
14473
14714
13548
19712
17034
17708
6972
7613
7583
21714
23334
25487
42756
51095
57008
60483
23001
25383
27324
27207
24908
27268
25115
24088
11712
12281
17873
8635
9010
5270
40068
24584
