52400
53057
42084
22091
26842
28284
26899
35538
65913
56011
63677
41166
41128
43847
41098
41473
40919
12236
44941
42394
14873
14489
8090
34736
24936
18761
17994
15734
20060
20086
20021
27101
23656
27735
22135
44734
44917
8355
8337
8638
38732
28039
22771
11448
20574
18684
9634
9723
10391
26399
7523
8507
15315
14133
14851
14271
46796
50405
28267
23402
16479
15041
23740
45446
45540
52920
60457
53200
69463
78258
20356
40720
27846
51848
45856
80178
84070
70940
44349
66204
46007
17446
17956
14786
39645
12628
13248
13213
12274
13347
22716
28199
26754
74065
84950
79571
13978
12632
18079
78579
73194
72168
41242
44046
41064
17028
13675
13568
14383
27056
28169
27766
43468
44377
42086
17730
22043
10784
12970
15484
13354
22128
21568
17946
21079
18309
25475
42959
26552
16069
15488
44233
7989
7551
7152
38397
21514
41373
8362
6965
9511
21954
22355
20149
20422
11816
40954
20403
6183
5861
49885
54281
40786
44830
13748
10341
10972
9375
25522
36507
47374
49419
40547
36671
21225
17407
17596
21435
10153
42326
77700
70104
21040
10451
14488
26414
44152
20585
19794
14748
10045
9721
10813
14888
22856
28322
14359
13068
19083
27252
51372
52865
45198
8837
8470
9918
37544
42675
44408
23942
18515
20748
25635
26759
23774
15720
14339
38469
36914
38848
41273
39413
23075
23599
14730
34126
23004
24350
19752
26746
24969
27299
18240
12565
36253
37019
51849
12648
18545
21769
11132
61270
58881
45419
48969
49933
47860
44147
16351
15870
27342
58858
70189
65946
53069
43279
37583
27236
28165
14223
12704
20049
16258
56059
66002
22470
25936
21657
20955
17872
39953
57303
7552
7007
7630
7387
56037
39524
37740
50024
13126
8216
78542
74291
65444
6612
6165
21550
22417
43260
14411
14695
13515
19653
17007
17721
6863
8268
7569
21841
23270
25579
45213
51327
64350
68808
23403
23705
27246
27022
24789
27399
24994
24080
11736
12314
17861
8681
8943
5305
36434
24367
