47767
47512
47819
22092
26884
28311
26935
36360
65350
56226
57490
41043
38508
43934
43556
43868
43207
12436
50929
42822
14939
14490
8177
34925
24798
18785
18005
15799
20020
19998
20230
27194
23626
27774
22119
41639
46347
8230
8284
7970
38955
27994
22778
11484
20525
18801
9632
9691
10208
26477
7723
7963
15028
14229
14898
14275
53102
48275
28255
23366
16376
14995
23741
45388
40429
52752
63433
60367
73115
85023
20329
40882
27793
45728
52381
86702
89091
71218
43914
74514
44066
17529
17908
14829
39635
12898
13205
13150
12274
13269
22751
28161
26756
80682
80648
85698
13961
12589
17967
71040
75955
71568
38291
44503
46438
17153
13645
13502
14402
26911
28153
27860
44604
39979
42341
17848
22020
10758
12947
15498
13443
22472
21483
18154
21252
18240
25336
42980
26328
16075
15512
43534
7702
7433
7063
33836
21496
42200
8358
6683
9498
23605
22242
21618
20437
11902
43561
20494
7175
6375
56655
53817
46274
44884
14035
10462
11009
9361
25440
38458
46594
56270
43080
39039
21231
17493
17604
21246
9876
40724
77462
70181
21008
10511
14579
26318
44242
20531
19792
14837
10164
9992
10837
14910
22888
28290
14389
13098
19065
27410
51342
53393
51479
8772
8480
10183
41075
39199
44652
23954
18467
20730
25721
26932
23840
15782
14410
33893
36914
36311
46624
39320
23144
24026
14779
38749
23093
24270
19758
26671
24708
27362
18225
12547
36058
37017
52714
12571
18555
21789
11160
61349
59624
48951
55817
56902
54339
50195
16160
15934
27245
67154
70430
68258
60057
42918
39464
27285
28097
14154
12663
20153
16119
63350
65898
22492
25913
21694
20919
17818
40171
57587
7590
7505
7617
7838
52551
42159
38484
57129
13020
8187
72795
74995
65250
6687
6832
21472
22285
43099
14340
14617
13466
19698
17048
17745
6504
7848
7849
21712
23354
25491
45235
46140
63205
67371
22593
23914
27197
26902
24764
27184
24912
24126
11768
12422
17829
8796
9123
5273
39333
24382
