52497
47428
47888
22083
26918
28182
26968
34402
57891
64132
63992
41046
42117
38739
41120
43768
43435
13572
47224
38037
17756
17225
9659
35000
27849
22387
21345
18769
23838
22066
22048
29878
26102
27887
22266
41784
42132
9908
8076
7923
34705
28158
22888
11483
20439
18778
9606
9407
10243
26362
7597
7831
15359
14261
15125
14477
46748
44319
28264
23351
16314
14987
23653
40066
40228
46655
68725
53303
69876
84908
20415
40766
27758
49787
52355
86392
89393
78314
44267
67669
50274
17433
18040
14832
35077
15085
13192
13139
12289
13318
22751
28284
26637
74566
80479
80652
13941
12641
17959
70955
73105
79334
42008
44152
40961
18868
15059
14876
15350
28755
28332
27811
45929
39537
37134
19830
24319
11862
13005
16652
13410
23613
21512
19253
21170
19547
25462
38088
28986
17832
16744
38996
9168
7786
6984
38515
24199
37312
9970
7374
10530
24232
24529
22256
22401
12017
40848
20425
6310
6357
49676
53756
40745
39498
14096
10333
11035
9438
25645
35324
41527
49227
37772
34491
25195
20667
20885
25185
10888
37379
79610
70118
21068
10483
14517
26429
38922
20561
19837
14746
9997
9778
10753
14830
22969
28313
14420
13061
19120
27226
45553
46571
51350
8954
8459
9905
42898
39318
39448
26449
20478
22914
28518
29580
26233
17359
15910
33865
36933
36266
41122
39714
25369
23764
14761
34146
25403
27159
21816
29571
27271
30156
20097
13814
36029
37115
45931
12690
18681
22092
11102
61420
68154
45344
52963
53917
47877
45960
16186
15865
27290
67608
70340
75198
53115
37987
37800
27337
28221
14160
12667
19959
16053
56367
66811
22541
28645
21654
23355
17811
35960
50604
9381
7743
7913
8169
51116
41145
38476
53612
14360
8942
80842
82716
75230
6506
7046
21753
23813
48927
15309
15650
13561
21043
17039
17688
7333
8119
7684
21733
23297
25507
40296
45057
56758
68701
22624
23817
27110
27069
24792
27285
24947
24100
11764
12446
17928
8676
8966
5136
35400
24297
