46171
46578
42170
24387
29769
31113
29765
34360
58014
56114
55961
36087
43801
44019
44877
43981
43439
16419
45072
42905
19001
15977
9000
38767
27527
20771
19220
15860
20122
19986
20106
27119
23781
27799
22344
41856
41966
9839
8159
8126
35892
28026
22771
11466
20473
18793
9603
9387
10310
26439
7749
7884
15432
14454
15068
14484
46950
47757
28193
23390
16432
15013
23738
39855
44162
52958
60682
60212
69277
85177
20327
40582
27776
46251
45897
85378
84004
70283
44246
65985
44155
17488
17896
14706
39507
16943
13183
13130
12288
13309
22825
28194
26624
73981
81500
79092
13967
12574
17979
70714
80079
71540
43303
44052
40785
17102
13707
13534
14439
26914
28146
27814
40556
39464
37173
21130
23463
10725
14321
15573
14246
22433
22992
17945
22712
18273
27065
38115
26228
16045
15594
39020
9215
8005
6546
34107
23827
42447
9989
7255
11440
26091
24510
20546
20310
11830
44796
20396
6174
5864
53427
53757
46528
45029
14104
10475
11014
9497
25408
35382
41731
49525
38013
34654
23779
19213
20953
23428
10856
42566
78918
79030
21022
10432
14440
26402
38918
20560
19836
14697
10009
9877
10793
15127
22944
28309
14443
13020
19100
27181
45341
46706
45788
10458
9364
10636
41841
39114
39901
26342
20366
22864
28434
29699
26249
17411
14375
33917
36955
41168
46745
39364
25445
27974
16258
37132
27343
28831
23518
29563
27301
30224
20194
13848
41085
37069
45869
13913
20547
24117
12320
62393
67116
47766
55462
56485
47773
43933
18398
17660
29996
59418
70510
65629
52972
41737
37688
27526
28285
14109
12672
19965
16124
56123
65939
22492
26123
21753
21028
17849
40599
54416
8632
6996
7174
7366
49512
39065
34196
53565
14347
8925
72716
75266
71707
7340
6447
21464
22451
49177
14349
14755
13520
19938
17015
17654
6940
7592
7639
22138
23230
25523
39849
51163
56958
68678
22604
23811
27363
26930
24933
27259
24920
24231
11727
12358
17917
8660
9332
6313
35535
24365
