49979
52881
42142
22175
28715
28249
28847
34527
65785
56358
56011
36454
38491
43952
44049
43919
40991
12247
44967
42872
14877
14595
8422
39411
24921
18757
18001
15842
20079
19969
20099
27181
23673
27693
22225
44341
46325
8262
8090
7942
38774
28130
22788
11490
20684
18714
9579
9412
10269
26524
7491
7825
15317
14320
15180
14432
46686
50365
28336
23391
16308
14988
23801
45283
40945
52957
62580
57031
69009
79229
20419
35861
27544
45557
52295
79833
88868
78083
44001
75070
47455
17387
18038
14746
38396
12709
13393
13163
12332
13307
22915
28239
26683
73847
80148
80195
13924
12566
17938
74357
80333
72014
43286
50057
41029
17158
13661
13553
14471
26894
28010
27838
40587
44868
42269
17840
21997
10900
13009
15546
13358
22244
21639
18005
21226
18258
25341
43173
26286
16178
15560
44244
7812
7437
6566
35480
21526
37900
8491
6498
9557
22024
22307
20216
20301
11771
40882
20321
6174
7034
51668
61047
46240
43938
14007
10413
11075
9454
25678
39427
46065
56084
42946
34458
21179
17370
17538
21296
9897
42353
77833
70185
20994
10476
14447
26717
41290
20814
19974
14668
10005
9770
10777
14882
23027
28276
14921
13017
19092
27319
45238
48391
49265
8777
8468
9958
42595
42318
44775
24109
18449
20802
25651
26764
23783
15787
14361
37640
40475
36320
46650
37435
25477
26049
16257
37845
22899
24409
19765
26663
24609
27381
18234
12582
40974
38854
50295
12658
18528
21804
11095
61443
66746
48279
48860
56568
47670
46377
16213
15913
27357
59997
70212
74179
53065
37967
37682
27297
28102
14123
12625
20047
16069
56117
65769
22507
25859
21733
20934
17873
37213
50429
7691
7803
7167
7337
52836
42268
36872
50032
13231
8279
73090
79774
65667
6485
6272
21598
22353
43245
14643
14608
13507
19652
17130
17630
7168
7555
7840
21705
23499
25479
42277
51365
64781
69006
22920
23766
27083
27137
24843
27499
24980
24117
11754
12315
17937
8647
9007
6466
40072
24224
