46283
46729
43695
24464
29660
31056
29667
34354
57929
56064
56086
36162
38408
43849
40983
38560
38081
16415
51002
43031
17579
17191
9114
38749
27919
20739
21178
15838
20286
20053
20022
27270
23592
27777
22230
41748
42165
11029
8041
7914
41424
28004
22715
11494
20390
18772
9567
9428
10384
26421
7609
7879
15607
14220
15067
14439
46764
44529
28306
23303
16376
15017
23632
40032
39981
46405
60415
60365
69343
78186
20402
36318
27851
47406
52127
84821
84680
73966
44149
66059
44088
17414
17940
14708
34954
15037
13168
13093
12256
13253
22668
28228
26687
73494
83056
83308
14012
13373
17891
71306
75046
71508
39828
44038
41100
19992
15134
14910
15882
29700
28452
29731
40511
39521
37100
23543
24916
11905
14294
17088
14746
24457
22974
19890
22652
20159
26708
38070
26431
17239
15606
39323
9176
7495
7115
33981
23079
37344
9977
7406
11366
24310
24595
22338
22439
13002
41014
22623
7416
6526
49700
53715
40793
39538
16359
10332
11012
9409
25578
35416
41543
56112
40442
34550
23456
19251
19477
23442
10850
37441
78567
70844
21046
10498
14442
26313
39025
20519
19894
14722
10234
9716
10777
14848
22825
28239
14322
13045
19085
27286
51363
46571
45204
10448
8430
9868
37662
39073
39749
26561
21972
24668
28392
29728
26263
17415
15901
33924
36910
36435
41146
34698
27431
28019
16405
34105
27330
28695
23526
31764
27235
30183
20143
13846
36179
36982
45776
14960
20521
24165
12313
61346
58715
45238
54219
56853
50100
46219
16242
15891
27257
67268
70241
74569
60132
38252
37650
27342
28104
14132
12731
19930
16085
55968
66119
22564
25977
21626
20993
17814
35743
50592
8249
7006
7612
7542
49460
39054
34161
50317
14417
8955
77852
82129
67713
6929
6185
21342
23969
48959
14342
14625
13555
19759
17076
17626
6477
7819
7588
21765
23300
25671
37476
44927
56818
60325
22495
23767
27100
26978
24780
27381
25043
24170
11672
12349
17893
9129
8984
5119
35395
24280
