52449
52829
42078
23625
26995
30166
28688
37557
59222
63995
58248
40206
39193
43964
42251
38588
41290
12286
44812
37886
14874
14446
8083
34932
25045
18788
18055
15755
20201
19978
20049
27166
23567
27731
22134
44097
47757
8696
8084
7907
38656
27985
22857
11510
20452
18736
9641
9468
10329
26503
7531
8322
15219
14095
15009
14311
46699
50566
28257
23306
16362
15125
23618
45273
42611
51730
68369
60002
69313
81714
20362
39357
27701
49823
47822
86639
84695
70167
43974
72252
47883
17482
18021
14748
39812
12645
13154
13172
12334
13291
22763
28335
26719
74728
80347
79926
13947
12574
17980
70213
73652
71963
41884
45951
46501
17070
13664
13482
14385
26885
28187
27754
40498
45059
38409
17803
22062
10870
12958
15488
13340
22211
21412
18021
21208
18382
25469
42319
26263
16221
15544
41843
7671
7531
6578
35211
21508
42110
8356
6604
9828
22027
22240
20170
20319
11839
46409
20468
7065
6068
49832
61308
46386
42504
14043
10358
11002
9423
25435
35176
47099
56057
37717
39216
21544
17489
17660
21287
9847
37436
77867
71046
21007
10618
14427
26503
38945
20535
19854
14700
9967
10198
10743
14888
22935
28308
14352
13062
19045
27409
45431
48363
51410
8762
8461
10252
37781
44480
44752
23979
18426
20785
25685
26791
23787
15761
14476
33905
41888
41213
46694
39496
23016
23656
14683
38178
22944
24298
19872
26817
24626
27344
18212
12541
36197
37138
47636
12577
18601
21843
11131
61381
67149
47499
55630
53237
54143
50119
16188
15938
27250
59145
70520
66724
60546
43303
37846
27412
28072
14218
12654
19957
16074
56004
65595
22520
26040
21946
20944
17854
39662
57218
7541
6992
8078
7530
53070
42300
37277
54785
13097
8531
78840
79955
65165
6920
7570
21407
23880
43380
15296
15636
13603
19678
17024
17691
6703
7564
7726
21578
23306
25772
41059
47420
64370
68639
22588
23863
27218
27040
24867
27266
24949
24058
11699
12356
17881
8682
8949
6395
39927
24346
