49208
51259
43099
22179
26971
28204
26913
38115
58581
56303
62251
41039
43611
38817
41179
41169
38291
13567
44977
41174
16708
15969
8958
39400
24929
18847
17955
15774
20031
20055
20001
27220
23706
27714
22125
41966
41956
8245
8061
8067
34275
28010
22767
11459
20492
18754
9567
9385
10203
26420
7548
7842
15279
14189
15133
14384
51347
44483
28257
23388
16354
15039
23735
45382
45587
52697
60471
54266
75339
84917
20349
36762
27668
52056
48311
84210
87747
70409
42586
66761
48291
17429
17969
14707
35599
13292
13250
13159
12271
13303
22692
27972
26605
74007
85767
84776
13939
12590
17901
77995
73366
78970
42903
50036
46740
17133
13775
13535
14449
26948
28134
27816
40672
41246
37235
19705
24379
11467
12954
16630
13341
23617
21567
19132
21264
19433
25288
43172
26233
16048
16612
38930
9207
7171
6966
38434
21553
37290
9945
7218
10525
24238
23708
22297
21666
13042
40943
20331
6403
6038
56464
53783
46225
39568
13770
10399
11000
9382
25476
38972
44715
49162
43055
34518
21219
17401
17534
21234
10146
37495
77941
77179
20991
10497
14402
26291
38928
20724
19906
14742
10002
9952
10743
14850
22851
28227
14355
13045
19044
27255
48828
53262
45412
8771
8490
9903
37665
39232
44661
24147
18445
20705
25666
26795
23853
15783
14578
34580
36914
36318
45959
34806
24869
23439
14728
34156
25472
26835
23509
29430
27190
30278
20064
13867
39828
37102
49289
13880
20490
23465
11878
66481
58905
47587
55638
56805
47775
49813
16172
15875
27176
67639
75399
65611
53821
43295
42846
27373
28076
14205
12655
20053
16087
59600
65857
22582
25994
21652
20920
17828
40360
57275
7548
6985
7882
7393
54956
39057
34128
57160
13005
8297
75233
74620
65343
6887
6962
21644
22412
43230
14408
14604
13568
19650
16998
17732
6513
7899
7839
21722
23324
25569
39851
44899
56783
60589
22635
23868
27140
26980
24992
27641
24934
24143
11717
12334
17858
8665
9029
6113
35386
24267
