46155
46538
42135
22107
27001
28176
26906
34304
58083
56224
56129
38556
38466
38744
44522
43876
41381
13278
44842
39503
15213
14502
8341
39390
24981
18827
17965
15729
20202
19981
19984
27219
23558
27844
22103
41819
41975
8235
8050
7970
38759
27975
22767
11429
20467
18756
9572
9784
10201
26636
8033
8457
15199
14171
14897
14252
46855
44435
28616
23377
16373
14937
23626
39951
40503
46526
60311
52935
69902
85431
20371
38039
27831
45902
49680
86749
89348
71598
44296
74989
48110
17434
17941
14682
35053
13075
13377
13105
12288
13301
22717
28171
26463
80978
80946
84294
13992
12550
17938
78313
73604
71655
38263
49885
43951
17080
13631
13485
14365
27063
27971
27911
40468
39589
37363
17824
22092
10809
12977
15602
13380
22198
21704
18145
21227
18321
25402
41376
26330
16322
15599
39216
8238
7142
7568
34009
21635
37348
9290
6947
10293
23580
23765
21677
21684
12707
46291
20318
7064
6530
49869
53745
40970
39701
13809
10444
11009
9684
25529
35462
41650
49520
37945
34618
25325
19367
19435
23491
10889
37534
78310
78512
20995
10495
14449
26455
39116
20544
19794
14715
10005
9722
10762
14933
23000
28294
14413
13078
19067
27343
45349
46828
45354
8790
8465
9943
37662
39270
39454
26510
19771
22187
27510
26820
23921
15854
14394
34084
37062
36446
46698
38039
25454
26062
16260
34077
25390
26917
21841
29620
27298
30191
20166
13831
36203
41951
48380
12581
18617
21837
11088
67040
58719
49056
52722
49896
47772
46826
16166
15964
27352
59106
69995
65760
52937
38002
42791
27399
28058
14091
12650
19993
16146
56255
65910
22494
25949
21637
20986
17816
35783
50781
8284
7194
7667
8022
49176
39009
34052
50115
15007
8624
79848
77016
65480
6877
7090
21633
22382
49007
14537
14682
13500
19542
17182
17626
6690
7577
7565
21598
23344
25569
39975
44972
57017
60832
22612
23868
27207
27064
24928
27376
24953
24185
11720
12371
18085
8676
9004
5161
35635
24347
