46317
46707
42286
24988
29791
31182
29839
34454
58065
56469
56051
36181
38507
38822
41223
38569
38125
14587
44842
37890
17683
17218
9666
34781
29698
22325
19877
18758
22124
22135
21478
29940
25175
30653
23844
41697
42060
9830
8935
8754
36271
30988
25118
12698
22616
20632
10780
10433
11344
29146
8790
8641
16692
15559
16395
15784
53120
44337
28353
23348
16350
15089
23747
39871
39982
50531
68672
60110
69483
82960
20449
40701
27923
47158
45769
86227
88987
79081
44217
66147
50060
17476
17955
14902
39744
15036
14545
14612
13614
14725
25031
31115
28386
74010
81249
78965
13977
12545
17907
71104
73574
71329
38246
44277
40897
20384
16259
14943
15910
29851
30837
30619
45913
39704
39338
21395
24350
11773
14304
17084
14238
24437
21745
19832
21269
19518
25550
41388
26292
17170
15558
42181
10258
7278
7060
38154
23831
42343
11180
7495
11470
24233
24546
20213
22447
11809
40849
21087
6587
7295
50021
61255
46176
40467
16449
11584
10982
10419
25431
35287
41516
49240
37807
39035
23855
19207
19414
23456
10903
42411
86486
70394
21008
10470
14460
26359
39047
21051
19892
14820
9980
10110
10762
14945
23240
28430
14435
13048
19033
27342
45334
46632
45153
10439
9359
9894
42673
43727
39314
26703
21946
22939
28300
29655
26156
17475
15747
38717
36957
36381
46726
39269
25437
25978
16297
37725
25802
26919
21924
29625
27321
29053
19712
13431
40895
37102
45832
14091
19937
22054
11919
61741
66914
51388
49236
49754
47725
49999
17900
17557
30181
67593
70764
65704
53043
38017
37680
27300
28169
14128
12704
20133
16062
56455
66205
24844
28704
23066
22594
19088
40438
50632
9029
7194
7126
7622
49510
38994
34061
54159
14321
9004
72819
81718
65313
7375
6216
21729
22474
43237
14339
14617
13533
19729
17008
17847
6661
7553
7582
21788
23268
25504
39817
44949
62992
68794
22709
25440
27069
28702
24904
29129
25112
25713
11732
13143
17804
9262
9087
6140
35271
24340
