46362
52898
48030
22092
26969
28350
27055
38046
58104
63724
63680
41085
43704
38672
41049
38621
43241
13542
44823
37936
16391
15946
8217
39556
24950
18849
17978
15777
20096
20013
20051
27208
23580
27837
22150
47400
41984
8575
8080
7956
38599
27987
22698
11473
20481
18683
9633
9415
10316
26441
7994
7817
15312
14104
14967
14389
53102
44434
28309
23365
16298
15006
23708
40092
40177
46415
60307
60100
71197
79381
20343
35893
27699
50453
52046
84872
85556
76702
39098
67644
50244
17485
17989
14722
34960
12650
13163
13098
12359
13377
22707
28240
26623
74587
82019
80314
14020
12579
17896
78169
73483
71485
38112
43956
46505
17037
13674
13539
14419
26922
28399
27777
40480
39458
42275
17745
22327
10749
12945
15654
13458
22170
21546
17994
21261
18218
25462
38114
26318
16116
15582
39048
7668
7820
6669
34021
21531
40944
9884
7219
10836
24344
24641
22293
20375
11823
40943
20344
6182
6353
49893
53829
40907
39550
14446
10414
11099
9437
25576
35261
41613
49284
39100
34460
23710
19234
19519
22682
10946
37341
78624
70342
20967
10458
14458
26332
38912
20586
19827
14704
9992
10054
10962
15009
22863
28252
14384
13024
19016
27236
51370
46648
47687
8952
8547
9893
37565
39113
44543
25637
18514
20744
25774
26929
23754
15779
14339
38755
36947
36299
45785
37609
23738
23577
14784
38746
23159
24386
19717
26691
24691
27552
18200
12490
41019
37023
46392
13879
20544
24194
12277
61712
66538
45365
50182
56737
54245
49925
16154
15909
27327
67172
70353
65886
52943
38166
37630
27463
28111
14213
12630
20042
16096
56438
66397
22607
26121
21633
21089
17834
35658
50604
7568
6982
7133
7427
52050
43079
34075
54010
12955
8240
73175
81090
65473
6477
6352
21788
22334
43263
14621
14716
13654
19701
17003
17681
7289
7868
7623
22035
23611
25564
45160
49796
57266
68920
22597
23812
27119
27003
24792
27332
24964
24144
11931
12320
17938
8674
9001
5683
39596
24285
