47759
46652
42436
22133
26945
28147
26943
38715
62165
56259
55989
40961
43604
42310
46483
43728
43663
12651
44844
41188
14869
14513
8203
39618
24984
18814
17926
15834
20183
20152
19963
27141
23593
27752
22213
41909
42081
8428
8154
7923
38183
27998
22816
11442
20548
18718
9633
9445
10316
26436
7497
8430
15169
14092
15000
14260
52923
50351
28225
23764
16317
14959
23795
39864
43754
52890
60286
53130
69234
79912
20403
40773
27735
49979
46043
84451
87383
70837
41678
74472
44095
17393
17979
14713
35015
12589
13204
13055
12301
13328
22714
28110
26748
80834
80792
84875
13990
12655
17893
74779
79614
71889
43378
50165
46783
17119
13678
13546
14353
26861
28011
27800
45894
45019
41371
17797
22026
10877
12941
15484
13345
22141
21468
18012
21236
18259
25459
43215
26324
16070
15646
44128
7687
7550
7219
35393
21928
42336
8377
7518
9822
21924
22240
20238
20356
11823
46578
20369
7253
6058
52312
61300
45978
44772
13801
10327
10960
9374
25477
39270
44411
55846
42821
39107
21261
17408
17652
21235
9889
42366
81584
70317
20995
10464
14506
26374
44319
20710
19782
14814
10235
9751
10754
15063
23080
28227
14420
13079
19091
27239
46589
53227
49276
8934
8475
9925
37831
44426
44614
23851
18578
20734
25892
26824
23777
15847
14383
38408
41878
39186
42081
34757
23061
23595
14689
38431
22938
24330
19822
26819
24653
27465
18225
12584
36234
42236
51893
12659
18544
21849
11197
61261
59477
51749
55920
56926
51358
47073
16160
16061
27238
59671
78379
65736
60538
43163
42673
27386
28200
14172
12625
20024
16060
56207
66392
22657
25939
21746
20989
17795
35757
57503
8250
7088
7353
7365
49485
41871
35464
56947
13002
8279
72764
80706
65664
6643
7017
21465
22292
45301
14413
14679
13565
19658
17002
17634
7267
7526
7583
21540
23293
25508
44062
51008
64450
60558
22586
23882
27098
27063
24861
27240
24974
24058
11720
12340
17842
8829
8983
6122
40307
24306
