46174
46865
42088
23712
28786
30102
29737
34396
58022
64098
63958
41179
43764
42800
41169
43734
43228
16391
51215
42848
17742
17251
9010
35110
27662
20141
19840
16825
22248
21461
22130
29061
26070
29537
24416
41738
41902
10999
8242
8356
34191
29865
24241
12248
21799
18684
9585
9865
10301
26486
7564
8020
15383
14449
15049
14370
46544
44266
30044
23544
16307
15099
23709
39861
45569
50819
60320
53334
78290
79414
20402
40817
27734
49549
45893
84655
87855
70352
44217
67708
50042
17429
17914
14731
35755
15031
13187
13152
12303
13329
22779
28207
26717
74519
80120
79538
13975
12609
18192
72166
79601
76878
43250
44119
46607
17504
13620
13510
14425
27186
28158
27774
40678
39661
42038
20057
24506
11890
14314
17093
14800
24497
23838
19166
23458
19607
27119
43198
28989
17812
16580
39064
9475
7142
6715
35386
21574
37348
9994
7775
9545
21988
22263
20309
20354
11846
40786
20282
6165
5863
56584
53942
40814
40870
16238
10382
11025
9443
25477
35267
41536
55884
42825
39130
23490
19255
19431
23498
10878
37382
79772
78556
22475
11266
14504
26452
38948
20583
19783
14729
10047
9725
10809
14924
22892
28257
14415
13083
19103
27221
45339
46778
45302
10523
8662
10182
37619
39145
39438
28397
21946
23052
30578
29620
28329
17936
15857
33950
36931
36324
46653
34618
25420
25983
16296
33961
25351
26797
21877
29470
27322
30162
20128
13824
36165
37097
46006
15975
22047
24267
12307
61767
58693
45293
50323
49602
47780
43950
18995
17641
30953
59145
70346
65559
60084
38002
37594
27561
28247
14109
12602
19989
16025
64130
66235
22568
25941
21644
21039
17827
35807
50504
10089
6976
7688
7373
49620
44119
38678
50014
14522
9162
72770
75937
70425
7311
6655
21842
22383
49144
14371
14653
13572
19728
16998
17688
6678
7650
7549
21589
23382
25545
39928
45107
56847
60638
22569
24231
27160
26983
24798
27225
25033
24213
11748
12324
17826
8657
9009
6074
39831
24500
