52831
48536
47774
22131
26961
28216
26894
38400
58110
56338
60191
36132
38593
43912
46542
43802
38137
12231
44850
41486
14955
14501
8204
34909
25030
18784
17946
16166
20097
20119
19942
27266
23694
27762
22103
45676
47583
8857
8068
7942
38813
28008
22863
11507
20468
18696
9686
9430
10264
26361
7582
7876
15280
14154
14870
14266
46628
46416
28316
23519
16294
14919
23602
39875
42671
52765
60355
53183
78404
79267
20350
38811
27779
48035
47535
82260
84084
70590
42091
65614
45919
17416
17913
14761
35095
12619
13393
13057
12255
13275
22745
28166
26679
74348
80768
80165
14022
12582
17947
70740
72640
71718
42548
44362
47166
17062
13674
13527
14350
26875
28129
27860
40712
40447
42137
17796
21878
10814
12936
15442
13577
22181
21546
18023
21270
18242
25435
38123
26234
16149
15571
38965
7688
7233
7155
33923
21517
37321
9291
7197
10527
24333
24598
22245
21770
12601
41992
20313
7283
6806
52588
57635
46279
39868
13757
10319
10986
9390
25524
39921
47137
49359
42845
34534
21179
17389
17633
21179
9822
37378
84080
75997
21008
10495
14597
26380
38888
20723
19876
14676
10046
10006
10803
14930
22945
28371
14321
13070
19003
27257
45349
46686
47166
8898
8770
9956
42610
44526
44592
23887
18511
20692
25662
26844
23815
15801
14376
38573
42075
36296
44193
36389
22954
23620
14831
38669
22969
24269
19736
26710
24599
27343
18206
12535
40669
42161
51915
12528
18568
21851
11132
61309
66602
51309
55587
56583
51562
47342
16328
15874
27158
59053
73300
65747
53678
43042
42624
27315
28150
14230
12636
19977
16050
59585
74768
22495
25875
21702
20986
17846
35687
50485
7585
7313
7699
7591
49172
41875
37566
50038
12963
8078
72945
80000
74102
6509
6172
21421
22371
47747
14363
14517
13558
19703
17006
17743
7333
7587
7635
21836
23498
25572
39903
50944
55764
68786
23093
23805
28932
28722
26451
27263
26661
25717
12487
13152
19004
9286
9566
5467
35351
26028
