4 1.145782 81.898484 83.044266
8 1.956394 80.461885 82.418279
12 3.009192 79.163926 82.173119
16 4.380673 78.160317 82.540990
20 5.397003 74.060365 79.457369
24 6.725343 72.568160 79.293503
28 8.440958 72.088458 80.529417
32 9.855237 69.062429 78.917667
37 11.143010 63.928359 75.071369
41 12.415821 59.861125 72.276946
45 13.996564 57.951208 71.947772
50 15.614035 53.398923 69.012958
55 17.315054 48.336583 65.651638
60 19.539391 43.384202 62.923593
63 20.231987 38.514599 58.746587
69 22.844516 33.924974 56.769490
75 25.337244 27.562340 52.899583
81 27.594455 20.978692 48.573147
87 29.678923 15.003827 44.682750
92 31.605452 9.783375 41.388827
97 34.055330 3.869446 37.924776
