4 1.083500 58.621442 59.704942
8 1.855635 56.914721 58.770356
12 2.911343 55.890087 58.801429
16 4.145327 55.465635 59.610962
20 5.207577 53.791359 58.998936
24 6.435949 51.494772 57.930721
28 7.884420 50.572946 58.457365
32 9.571888 50.463446 60.035333
37 10.777019 46.329532 57.106551
41 11.737288 43.503968 55.241256
45 13.012708 40.584362 53.597071
50 14.656942 37.724657 52.381599
55 16.712875 34.639519 51.352394
60 19.240526 31.624788 50.865314
63 20.453913 29.877250 50.331163
69 22.258003 24.853737 47.111740
75 25.095962 20.675827 45.771788
81 27.902038 15.864609 43.766647
87 30.127763 11.317397 41.445160
92 32.179500 7.336308 39.515808
97 33.003660 2.694782 35.698442
