4 1.139811 70.013160 71.152971
8 1.980522 70.363603 72.344125
12 3.143878 70.029798 73.173676
16 4.453683 68.951817 73.405500
20 5.618263 66.822955 72.441218
24 7.014138 64.678827 71.692965
28 8.508567 62.307426 70.815994
32 9.884558 60.081304 69.965862
37 11.487429 56.804455 68.291885
41 12.614612 54.200548 66.815160
45 14.191189 50.984343 65.175532
50 15.667199 47.713609 63.380808
55 17.964984 43.531750 61.496734
60 20.588747 39.685022 60.273769
63 21.380926 36.480160 57.861087
69 24.004510 31.229234 55.233744
75 26.707308 25.638439 52.345747
81 29.487474 19.872401 49.359875
87 31.942551 14.324112 46.266663
92 33.752372 9.310128 43.062500
97 36.807083 3.817407 40.624490
