4 1.058288 86.808593 87.866881
8 1.843337 86.494580 88.337917
12 2.937971 85.929218 88.867189
16 4.177106 83.744061 87.921167
20 5.362798 83.055676 88.418474
24 6.560125 78.449606 85.009731
28 8.101821 75.716119 83.817939
32 9.456657 72.714801 82.171458
37 11.129987 70.549702 81.679689
41 12.055263 65.627125 77.682388
45 13.321272 62.067609 75.388881
50 15.777192 60.500221 76.277413
55 17.602385 54.387997 71.990381
60 19.829696 48.022503 67.852199
63 20.807353 44.700513 65.507865
69 23.246510 37.576077 60.822587
75 25.913769 31.371763 57.285532
81 28.244968 23.864673 52.109641
87 31.506183 17.684096 49.190279
92 32.766314 11.403083 44.169397
97 33.839321 4.276538 38.115859
