4 1.130606 98.990401 100.121006
8 1.930385 99.374763 101.305147
12 3.069131 99.116702 102.185833
16 4.406449 96.859907 101.266356
20 5.455183 93.173715 98.628897
24 6.911737 90.216163 97.127901
28 8.179330 86.055574 94.234904
32 9.413478 81.368452 90.781929
37 11.514776 79.926343 91.441119
41 12.467484 74.219516 86.687000
45 14.334872 72.242939 86.577811
50 15.601452 64.773772 80.375224
55 18.110776 60.506885 78.617660
60 20.167112 53.521644 73.688756
63 21.170468 49.946285 71.116753
69 24.386304 43.176910 67.563215
75 26.931545 35.398208 62.329753
81 29.098362 26.830830 55.929192
87 30.833106 18.961615 49.794721
92 33.490202 12.604327 46.094529
97 35.913282 5.086644 40.999926
