4 1.029266 69.619856 70.649122
8 2.123038 70.291715 72.414753
12 3.487753 72.166619 75.654372
16 4.793631 71.054449 75.848080
20 6.236888 70.016131 76.253019
24 7.538526 66.746535 74.285061
28 8.934542 64.763587 73.698128
32 10.415401 62.453994 72.869394
36 12.024619 60.951888 72.976506
40 13.140532 56.748955 69.889487
44 14.729327 54.053176 68.782503
48 16.427619 51.476833 67.904452
52 18.051413 48.719481 66.770894
56 18.561179 42.281776 60.842955
60 20.768603 39.887500 60.656103
64 22.516625 36.163683 58.680308
68 24.020897 32.690734 56.711631
72 26.144827 29.280093 55.424920
76 27.944577 25.366920 53.311497
80 30.155407 21.886038 52.041446
84 30.964837 16.824026 47.788862
88 31.894837 12.420532 44.315369
92 33.637199 8.436234 42.073433
96 35.396256 4.421090 39.817346
100 37.899061 0.000147 37.899208
