4 0.943503 57.633183 58.576686
8 2.170747 61.055404 63.226151
12 3.333372 58.435625 61.768997
16 4.593519 58.208487 62.802006
20 6.136654 58.812660 64.949314
24 7.489734 56.659301 64.149035
28 9.012766 55.414526 64.427292
32 10.487683 53.985747 64.473429
36 11.771920 50.685657 62.457577
40 13.222064 48.636776 61.858840
44 14.832987 46.491449 61.324436
48 16.089487 43.290955 59.380442
52 17.421619 39.780920 57.202538
56 18.923689 36.603093 55.526782
60 20.719051 33.240279 53.959330
64 22.234298 30.271923 52.506221
68 24.077926 27.356192 51.434119
72 26.327407 24.642654 50.970061
76 27.823154 21.186686 49.009840
80 30.040958 18.010628 48.051587
84 32.886282 15.054003 47.940285
88 32.783590 10.912304 43.695894
92 35.180266 7.551772 42.732038
96 36.167811 3.813542 39.981353
100 38.882939 0.000135 38.883074
