4 1.048904 90.570212 91.619115
8 2.198721 92.979699 95.178420
12 3.398247 92.204426 95.602673
16 4.799628 91.072006 95.871635
20 6.228731 89.833256 96.061987
24 7.642353 87.477099 95.119452
28 8.940788 82.222048 91.162837
32 10.229833 77.810824 88.040657
36 11.553163 74.250619 85.803782
40 13.063990 70.622359 83.686349
44 14.611737 67.072234 81.683971
48 16.035872 63.040388 79.076260
52 17.703721 59.066702 76.770423
56 19.240907 54.472853 73.713760
60 21.211103 50.262949 71.474051
64 22.800766 45.902433 68.703199
68 24.518429 41.532256 66.050686
72 26.272074 36.921234 63.193308
76 28.167266 32.175308 60.342574
80 31.324074 28.361003 59.685077
84 32.756058 23.055837 55.811894
88 35.771468 18.119865 53.891333
92 37.659212 12.465237 50.124449
96 39.804394 6.575571 46.379965
100 41.304760 0.000167 41.304926
