4 1.051798 78.795401 79.847199
8 2.052035 78.420696 80.472731
12 3.288240 78.408119 81.696359
16 4.612545 78.245179 82.857724
20 5.783631 75.338590 81.122221
24 7.121516 73.190228 80.311744
28 8.547529 70.309436 78.856965
32 10.005051 68.093962 78.099013
36 11.232804 64.597548 75.830353
40 12.442010 61.494542 73.936551
44 14.041173 58.627237 72.668410
48 15.496487 55.169202 70.665689
52 17.054808 52.053337 69.108144
56 18.922087 48.580208 67.502295
60 20.308080 44.181003 64.489083
64 22.542808 40.980811 63.523619
68 23.947798 36.671997 60.619795
72 24.874449 31.428740 56.303189
76 27.314468 28.288526 55.602994
80 30.415013 24.796804 55.211817
84 30.749410 19.448936 50.198346
88 32.976574 15.002131 47.978705
92 34.575006 10.007878 44.582885
96 35.821468 5.135452 40.956920
100 38.076740 0.000119 38.076859
