4 1.130429 103.497365 104.627795
8 2.263978 105.383888 107.647865
12 3.569612 105.296016 108.865628
16 4.911654 102.943423 107.855077
20 6.151054 97.158965 103.310019
24 7.859721 96.851955 104.711676
28 9.333308 93.655599 102.988907
32 10.904045 89.370244 100.274288
36 12.352452 85.631612 97.984064
40 13.775417 81.470881 95.246298
44 15.426760 77.315228 92.741987
48 17.015901 72.743846 89.759747
52 18.578917 68.434234 87.013151
56 20.716449 63.345529 84.061978
60 22.382288 58.146763 80.529051
64 24.223827 53.522397 77.746224
68 26.266417 48.307830 74.574247
72 27.821314 42.391622 70.212936
76 28.908599 36.270378 65.178978
80 30.731503 30.616439 61.347942
84 33.079353 25.723939 58.803292
88 34.454471 19.363141 53.817612
92 35.734971 13.127792 48.862763
96 37.403263 6.838984 44.242247
100 39.641756 0.000154 39.641910
