13231 63951 77182
5246 37435 42681
10499 77380 87879
11744 78555 90299
10339 70986 81325
10825 59507 70332
5815 39259 45074
4213 28813 33026
7642 45031 52673
12999 87347 100346
4196 27558 31754
11571 75690 87261
13866 87304 101170
9401 67087 76488
4687 33056 37743
7703 51667 59370
15358 98034 113392
5109 38358 43467
9876 72292 82168
15308 94085 109393
16756 131974 148730
9505 63388 72893
6307 44492 50799
4872 35967 40839
8303 56367 64670
10343 77353 87696
3684 21719 25403
2714 17942 20656
2841 20006 22847
9896 73125 83021
13016 83030 96046
14637 52946 67583
13381 83240 96621
9836 69295 79131
8959 59475 68434
9279 61373 70652
12419 86144 98563
4916 33376 38292
12019 82881 94900
10076 65615 75691
2217 16652 18869
8938 64538 73476
7362 50249 57611
9123 57527 66650
2655 18867 21522
4175 33723 37898
13113 91963 105076
4505 27441 31946
8789 63488 72277
9309 67603 76912
4563 29687 34250
19098 111551 130649
4377 30930 35307
4679 36497 41176
7741 45473 53214
3364 21834 25198
21565 149755 171320
19185 125543 144728
17739 116090 133829
14181 96812 110993
3613 27339 30952
11386 75193 86579
3188 22999 26187
7329 47981 55310
6008 42986 48994
2340 20323 22663
3807 23142 26949
24162 159980 184142
4493 29760 34253
2658 17827 20485
3209 22463 25672
2166 15389 17555
13323 95394 108717
25219 166858 192077
9155 55456 64611
7479 52367 59846
9078 63922 73000
13293 87624 100917
12086 84744 96830
10938 77952 88890
3768 24243 28011
11355 76112 87467
20223 138691 158914
14058 95358 109416
18590 126793 145383
14312 102976 117288
7806 50591 58397
4327 25921 30248
9426 64319 73745
13192 74319 87511
20218 131648 151866
9841 60304 70145
6692 43920 50612
10024 73257 83281
2837 21614 24451
5492 37506 42998
7294 50125 57419
10299 65966 76265
6914 49027 55941
26675 201293 227968
9602 64141 73743
8930 59168 68098
11746 80436 92182
9271 63895 73166
2949 19620 22569
9155 64154 73309
7710 54810 62520
3908 28213 32121
9615 69915 79530
17902 112322 130224
6801 44893 51694
7505 44881 52386
13155 87424 100579
11846 82077 93923
2074 13819 15893
27947 114044 141991
10483 73247 83730
2430 17882 20312
1606 11077 12683
6551 51472 58023
2531 17079 19610
5059 35247 40306
7526 53148 60674
6813 50317 57130
10715 70466 81181
2090 14755 16845
5029 36349 41378
6921 43589 50510
23673 182221 205894
11261 77840 89101
9672 71664 81336
9907 66920 76827
16123 107655 123778
12567 93915 106482
9389 69737 79126
6617 47911 54528
8814 59761 68575
3368 22531 25899
8037 54608 62645
4922 34341 39263
2836 19277 22113
2078 14051 16129
3749 24559 28308
10598 76008 86606
11744 81608 93352
4160 32931 37091
9510 56015 65525
11485 83448 94933
7135 48602 55737
11700 75467 87167
16474 103742 120216
2711 19695 22406
5436 38780 44216
15423 99566 114989
4917 33620 38537
19734 136796 156530
13591 103005 116596
5230 39987 45217
8175 57346 65521
20716 155217 175933
11498 64346 75844
15686 105113 120799
8571 53134 61705
9795 54038 63833
8161 54407 62568
4144 23089 27233
5926 39368 45294
16081 82302 98383
8870 63988 72858
12674 106454 119128
5290 37230 42520
8239 62981 71220
4164 23946 28110
4364 32654 37018
4265 27960 32225
2387 17134 19521
5587 40123 45710
14457 97370 111827
8818 64781 73599
7668 48186 55854
3361 23633 26994
10561 72880 83441
4262 26496 30758
6784 49633 56417
9771 60628 70399
5376 39034 44410
4766 32805 37571
3836 29053 32889
3795 32222 36017
7969 53595 61564
5301 39353 44654
9847 72878 82725
4866 29413 34279
8124 53363 61487
10427 72422 82849
12467 87416 99883
8699 54900 63599
12762 84885 97647
5151 35716 40867
19465 136088 155553
13180 86490 99670
8905 67973 76878
5847 41017 46864
10892 69436 80328
6777 48648 55425
9714 69581 79295
3536 22945 26481
8039 48684 56723
8273 55145 63418
5444 36422 41866
13612 96606 110218
19047 138796 157843
6630 36185 42815
14315 93584 107899
7562 50973 58535
2708 19320 22028
6963 48188 55151
13265 87415 100680
10515 68039 78554
6702 43515 50217
7696 53586 61282
16637 106229 122866
10407 75422 85829
6464 39078 45542
8840 58746 67586
14158 92807 106965
12777 77202 89979
19395 135541 154936
5121 39008 44129
7545 36350 43895
1890 14238 16128
4448 32109 36557
7872 50403 58275
8226 54745 62971
13112 91094 104206
7878 50498 58376
3886 26967 30853
12215 77266 89481
7691 51155 58846
1950 15474 17424
10236 76340 86576
24937 181770 206707
9849 70245 80094
4468 30357 34825
11305 70086 81391
11810 78216 90026
3478 24834 28312
20173 76965 97138
6520 43791 50311
8070 54115 62185
19749 152406 172155
4489 32328 36817
11876 90351 102227
4473 31597 36070
2722 17958 20680
11188 76150 87338
13399 81290 94689
13687 92292 105979
14555 95953 110508
11873 83730 95603
16957 106387 123344
8579 56654 65233
14848 133886 148734
5379 36223 41602
4218 27801 32019
10365 72042 82407
24031 163115 187146
19727 137972 157699
8539 62742 71281
7454 47189 54643
4852 37547 42399
5983 42888 48871
18235 128198 146433
12653 86911 99564
8474 54938 63412
10039 74500 84539
10175 73154 83329
7622 49580 57202
10111 69175 79286
8209 54527 62736
4699 31817 36516
12847 89854 102701
9123 62660 71783
13910 93892 107802
2618 17686 20304
9963 74087 84050
6848 45950 52798
9248 68223 77471
4730 27763 32493
13173 89134 102307
9481 63488 72969
2434 16942 19376
25012 182100 207112
22806 144355 167161
10925 74235 85160
9998 72236 82234
6937 47246 54183
10081 56009 66090
8733 56868 65601
11212 76038 87250
15013 102350 117363
13416 81630 95046
19328 139439 158767
7351 48839 56190
21467 146997 168464
4678 31958 36636
9903 63937 73840
2898 20176 23074
8837 59395 68232
19387 137070 156457
5955 41818 47773
2598 18184 20782
