1965 76809 78774
1236 51854 53090
2358 90595 92953
2864 100059 102923
2509 98328 100837
1956 84432 86388
1309 56272 57581
1170 39020 40190
1833 73174 75007
3551 142657 146208
915 38114 39029
3173 117541 120714
3172 127019 130191
1978 81065 83043
1017 40775 41792
1651 64004 65655
3384 132019 135403
1244 54522 55766
2339 89798 92137
3582 140461 144043
4150 169872 174022
1994 76498 78492
1394 61377 62771
1112 43328 44440
1980 78201 80181
2339 96257 98596
844 30089 30933
710 27836 28546
2109 30872 32981
2659 108289 110948
3386 129965 133351
1962 81812 83774
3690 137495 141185
2037 81450 83487
2090 82585 84675
2394 78137 80531
2659 101536 104195
1326 53445 54771
3299 125118 128417
2325 91180 93505
572 24669 25241
2344 93813 96157
1861 82362 84223
2145 76221 78366
597 23892 24489
1163 41124 42287
3546 143798 147344
1648 34164 35812
2239 96836 99075
2336 84775 87111
1005 41119 42124
5111 169976 175087
1079 43559 44638
1080 44192 45272
1586 72593 74179
913 36207 37120
6570 227315 233885
4913 196001 200914
4059 161318 165377
2808 105434 108242
1830 35172 37002
2974 111198 114172
721 28985 29706
1744 62307 64051
1381 60330 61711
503 19785 20288
930 36082 37012
5445 220389 225834
991 48117 49108
1013 23994 25007
739 32704 33443
470 18037 18507
3006 130694 133700
5866 232642 238508
2114 76691 78805
2258 71414 73672
2077 83880 85957
2969 115674 118643
2924 115361 118285
2527 107576 110103
926 34251 35177
2903 119644 122547
4196 169254 173450
3873 147103 150976
4017 173975 177992
3801 148421 152222
1813 63030 64843
1003 35814 36817
2363 87847 90210
2853 117980 120833
4264 189433 193697
1946 104289 106235
1563 59723 61286
2188 97362 99550
617 26413 27030
1168 49320 50488
1709 63865 65574
2568 115471 118039
1466 55671 57137
6078 207823 213901
2112 87967 90079
1986 75092 77078
2781 112607 115388
2085 77172 79257
677 27248 27925
1947 79249 81196
2198 88540 90738
1216 43231 44447
2829 100818 103647
4379 156438 160817
1626 63720 65346
1768 64823 66591
3095 132081 135176
2584 109810 112394
442 18678 19120
4838 174937 179775
2490 103016 105506
555 21511 22066
377 16522 16899
2151 63757 65908
505 21449 21954
1196 48512 49708
1743 67028 68771
1707 81033 82740
2584 99452 102036
484 20430 20914
1008 43486 44494
1654 60722 62376
5249 228153 233402
2451 96361 98812
2054 85395 87449
2658 91813 94471
4546 144179 148725
3236 128570 131806
2388 92722 95110
1379 56281 57660
2162 80708 82870
839 31755 32594
1712 71337 73049
1379 49611 50990
578 24148 24726
453 18779 19232
798 30570 31368
3287 84974 88261
2355 101757 104112
957 43868 44825
1894 81072 82966
2710 109558 112268
1470 62679 64149
2434 87624 90058
3705 147105 150810
559 23248 23807
1155 45209 46364
3173 125233 128406
1254 45759 47013
4273 186768 191041
3908 149375 153283
1182 45148 46330
1930 71945 73875
5689 226665 232354
2378 96074 98452
3592 139084 142676
1855 65207 67062
1916 76519 78435
1968 73263 75231
686 26121 26807
1346 55361 56707
3286 124571 127857
2264 83462 85726
2572 105991 108563
1273 47178 48451
1938 85454 87392
829 29574 30403
987 39216 40203
1002 43735 44737
561 26722 27283
1089 46772 47861
3577 137266 140843
2088 88714 90802
2181 72358 74539
1029 38003 39032
2744 104285 107029
874 33277 34151
1554 65745 67299
2073 71864 73937
1286 52998 54284
993 40334 41327
988 41285 42273
965 38211 39176
1723 74375 76098
1128 47770 48898
2516 104794 107310
908 35732 36640
1747 68285 70032
2229 89721 91950
2646 113830 116476
2228 80134 82362
3507 136764 140271
1135 45074 46209
4081 167098 171179
3184 124108 127292
1988 82162 84150
1789 60058 61847
2379 109795 112174
1380 58285 59665
2330 95044 97374
711 28424 29135
1796 68232 70028
2282 86970 89252
1229 51120 52349
4975 125030 130005
5129 185838 190967
1216 49999 51215
3561 133335 136896
1899 67533 69432
650 28545 29195
1405 61618 63023
3256 124293 127549
2213 91666 93879
1730 69766 71496
2419 76579 78998
3943 147107 151050
2785 116034 118819
1539 54202 55741
2025 81743 83768
2837 105536 108373
2542 105822 108364
4684 208454 213138
1430 58914 60344
997 40428 41425
448 19096 19544
1215 49973 51188
1625 63142 64767
2136 77523 79659
3059 109790 112849
2048 81535 83583
1293 42931 44224
3213 125211 128424
1609 62499 64108
483 20756 21239
2544 108664 111208
5474 232760 238234
2329 97844 100173
937 36164 37101
2423 99197 101620
2522 109525 112047
747 29885 30632
3267 125111 128378
1889 57067 58956
2357 80710 83067
4588 185332 189920
1157 50003 51160
3192 132683 135875
1021 52283 53304
537 23245 23782
2418 92135 94553
2613 97302 99915
3372 133333 136705
3821 154176 157997
2616 104433 107049
4249 171161 175410
2330 71644 73974
3105 147701 150806
1303 43275 44578
946 38615 39561
2366 92074 94440
5181 226626 231807
5451 216105 221556
2224 91680 93904
1767 68916 70683
1117 47752 48869
1638 60015 61653
4989 194545 199534
3545 140838 144383
2073 76652 78725
2455 103908 106363
2798 116237 119035
2262 69678 71940
2603 103377 105980
2194 74176 76370
1180 50063 51243
3228 120607 123835
2620 97225 99845
3686 139779 143465
1165 25042 26207
2491 101642 104133
1446 57449 58895
2275 93492 95767
966 37836 38802
3590 139283 142873
2018 76177 78195
1426 24480 25906
6084 253753 259837
4800 188562 193362
2890 124152 127042
2498 90686 93184
1635 66542 68177
1877 73700 75577
1888 71396 73284
2654 104525 107179
4158 158418 162576
2759 118953 121712
4482 185200 189682
1738 61689 63427
4913 181178 186091
1858 46123 47981
1988 77555 79543
663 28697 29360
1922 73605 75527
3891 165359 169250
1362 57697 59059
619 22752 23371
