2686 74715 77401
2163 48208 50371
3474 98990 102464
3822 104192 108014
3388 96601 99989
2810 82082 84892
1872 54757 56629
1673 38062 39735
2237 67084 69321
4265 139435 143700
1310 36294 37604
4147 114640 118787
3986 137282 141268
3036 88610 91646
1473 45297 46770
2829 79981 82810
4742 131298 136040
1683 52163 53846
3338 97429 100767
4191 134090 138281
6069 184365 190434
2810 83669 86479
1956 58374 60330
1581 47672 49253
2154 69065 71219
3196 93796 96992
1778 32009 33787
992 24464 25456
969 27915 28884
3102 95240 98342
4855 126632 131487
2519 72092 74611
4206 116626 120832
2840 90328 93168
3634 90975 94609
2728 84544 87272
3500 102796 106296
1820 50564 52384
3423 100729 104152
3318 91330 94648
1630 20686 22316
2853 84116 86969
2431 80062 82493
2367 68989 71356
833 26013 26846
1418 40528 41946
4228 138116 142344
1168 38244 39412
2888 94291 97179
3019 89560 92579
1418 41882 43300
5510 161756 167266
1360 42889 44249
1637 47952 49589
1973 60156 62129
1054 34810 35864
7177 215072 222249
5783 182328 188111
4870 151489 156359
4781 120525 125306
1291 32977 34268
4125 109719 113844
1101 32311 33412
2192 67093 69285
2215 58188 60403
712 21764 22476
1104 31591 32695
7862 239881 247743
1467 43712 45179
897 26652 27549
951 28509 29460
713 19482 20195
4372 121355 125727
8297 253333 261630
2238 67797 70035
2422 72386 74808
3220 90706 93926
4353 126837 131190
3541 101122 104663
4020 114656 118676
1831 33437 35268
3621 114336 117957
5785 163853 169638
4107 124063 128170
4768 148615 153383
4251 130432 134683
2049 61855 63904
1178 35488 36666
2986 85506 88492
3332 101196 104528
5013 158053 163066
2809 85660 88469
1938 57935 59873
3127 96500 99627
807 25519 26326
1768 54430 56198
2213 62409 64622
3040 86254 89294
1902 55840 57742
7990 225482 233472
2518 77997 80515
2922 81086 84008
3505 96805 100310
2775 87063 89838
1794 23956 25750
2596 76970 79566
2529 85275 87804
1437 42566 44003
2797 85546 88343
4625 152146 156771
1963 56578 58541
2443 68568 71011
4325 130657 134982
3781 111313 115094
578 17708 18286
5155 158160 163315
3299 90614 93913
783 22809 23592
1592 16255 17847
2146 62672 64818
688 20252 20940
1488 42379 43867
2162 72647 74809
2209 61395 63604
3861 96382 100243
625 19616 20241
1471 44117 45588
1952 52777 54729
7409 242564 249973
4053 96031 100084
2790 84983 87773
3427 101659 105086
4267 134783 139050
3647 110163 113810
3240 89877 93117
1868 61339 63207
2796 82626 85422
923 28358 29281
2402 75450 77852
1648 47369 49017
816 23732 24548
608 19310 19918
1780 31921 33701
2904 88519 91423
3162 95240 98402
1260 37531 38791
2298 75526 77824
3265 95727 98992
1890 56218 58108
3431 94006 97437
4370 138887 143257
925 23208 24133
1560 43362 44922
4260 115205 119465
1452 37657 39109
4842 161447 166289
7296 138857 146153
1558 45866 47424
2275 73553 75828
6797 197163 203960
2749 84893 87642
4947 150548 155495
2205 65884 68089
2440 74230 76670
2324 70778 73102
886 26417 27303
1953 54194 56147
3825 108588 112413
3027 83776 86803
3760 109751 113511
1717 63087 64804
2607 85301 87908
972 32254 33226
1548 38196 39744
1597 36716 38313
799 25104 25903
1734 43958 45692
4116 121007 125123
2949 86360 89309
1893 56656 58549
1029 33788 34817
3217 103019 106236
1424 31526 32950
2111 63553 65664
2825 81372 84197
1691 51502 53193
1442 39132 40574
1173 39479 40652
2017 38484 40501
2033 69461 71494
1507 48611 50118
3108 92448 95556
1369 39623 40992
2103 65820 67923
3653 90005 93658
3553 106237 109790
3351 77835 81186
4176 114515 118691
1731 46431 48162
5738 164010 169748
4334 133779 138113
2740 78167 80907
1831 55003 56834
3229 91920 95149
1835 55705 57540
3133 90131 93264
835 28536 29371
2321 74856 77177
2513 73700 76213
2122 48443 50565
4270 138698 142968
6353 178230 184583
1753 57467 59220
4344 125446 129790
2275 64434 66709
1187 32423 33610
2442 64626 67068
3758 121512 125270
3191 88116 91307
2170 69619 71789
2396 63478 65874
5160 145022 150182
3847 112344 116191
1974 52887 54861
2521 79834 82355
3736 100796 104532
3430 110091 113521
6684 201394 208078
1586 50556 52142
1428 39843 41271
1016 20265 21281
1628 47468 49096
2180 61094 63274
2110 65068 67178
3760 105770 109530
2589 78707 81296
1696 34979 36675
3926 118512 122438
2591 60273 62864
690 21750 22440
3102 92957 96059
7784 242670 250454
2818 88117 90935
1200 41786 42986
3785 107736 111521
3261 95121 98382
940 32863 33803
3593 104488 108081
2045 58909 60954
2373 71285 73658
6435 180686 187121
1466 42333 43799
4272 125946 130218
1366 38042 39408
766 25072 25838
3653 101583 105236
3238 98747 101985
4368 123554 127922
4253 134370 138623
3430 100167 103597
4896 147019 151915
2905 72760 75665
4275 161434 165709
1707 47139 48846
1393 41415 42808
3492 87981 91473
6950 196671 203621
6489 186915 193404
2886 87687 90573
2107 65246 67353
1513 49617 51130
1978 53326 55304
5693 169487 175180
4098 122602 126700
2164 69559 71723
3076 93094 96170
3258 102681 105939
2241 70499 72740
3942 126865 130807
2293 64958 67251
1665 48719 50384
3473 112924 116397
3012 92868 95880
3851 120943 124794
884 27466 28350
2931 85398 88329
2089 61592 63681
2552 79609 82161
1026 31707 32733
4119 120291 124410
2477 75335 77812
819 22908 23727
7732 245942 253674
6350 183938 190288
3715 95703 99418
2874 84375 87249
2225 66386 68611
2276 65957 68233
2307 68884 71191
3708 112478 116186
4242 138547 142789
3728 105605 109333
7035 200887 207922
2213 58489 60702
7139 197429 204568
1512 43332 44844
2404 73589 75993
855 24016 24871
2448 67479 69927
4984 162285 167269
1668 48127 49795
769 21665 22434
