6151 78443 84594
2763 47162 49925
5399 93755 99154
6305 100971 107276
5437 90157 95594
5253 89084 94337
3149 56792 59941
2173 39912 42085
4280 66544 70824
7808 134622 142430
2087 39113 41200
6487 106496 112983
7405 121594 128999
4487 81262 85749
2131 38625 40756
3607 62387 65994
8280 119659 127939
2524 46087 48611
4840 80787 85627
7538 122448 129986
9759 175571 185330
4580 80721 85301
2895 50302 53197
2670 46341 49011
4189 64342 68531
6438 93230 99668
1906 31920 33826
1526 26454 27980
1533 27188 28721
6465 99167 105632
7091 119892 126983
4498 69671 74169
7676 121302 128978
4502 78496 82998
4533 78268 82801
4890 80894 85784
6671 108352 115023
3289 43178 46467
6005 105068 111073
6200 91706 97906
1247 22060 23307
5004 90682 95686
5126 73993 79119
5025 70806 75831
1261 21623 22884
2538 46676 49214
7814 133235 141049
2072 47006 49078
5258 89796 95054
4258 80766 85024
2033 37971 40004
8611 155745 164356
2067 35893 37960
2518 46147 48665
4117 68498 72615
1763 28431 30194
11632 203167 214799
10829 181748 192577
10692 169115 179807
6543 111448 117991
2057 35539 37596
8072 105205 113277
2207 32847 35054
9210 64242 73452
5893 67466 73359
1496 32760 34256
1973 34549 36522
12655 203821 216476
2492 43511 46003
1445 25410 26855
1641 26528 28169
1412 18140 19552
7092 112596 119688
14196 239102 253298
4394 72426 76820
4211 73312 77523
4729 87142 91871
6342 109876 116218
6474 107146 113620
5737 95941 101678
2221 35995 38216
5480 107854 113334
10734 165552 176286
8526 140403 148929
9952 163152 173104
7991 127272 135263
3856 65996 69852
2418 40461 42879
7056 95840 102896
5704 97607 103311
9416 200623 210039
4652 80867 85519
3719 60854 64573
4968 92217 97185
1465 27114 28579
2656 43599 46255
3653 59570 63223
5520 88878 94398
3026 48596 51622
13078 211743 224821
4686 82277 86963
4257 77580 81837
6070 101567 107637
4083 72462 76545
1502 25342 26844
4192 72453 76645
9912 78534 88446
2210 41142 43352
5245 89115 94360
9415 158526 167941
3199 58370 61569
3406 59688 63094
6463 109282 115745
7372 119670 127042
1118 18114 19232
8554 142816 151370
5591 93453 99044
1391 22756 24147
849 13892 14741
3659 64703 68362
1364 21457 22821
2368 38715 41083
3789 64147 67936
3602 59123 62725
6580 101900 108480
1138 19500 20638
2590 47233 49823
3132 52123 55255
11423 212880 224303
6132 94834 100966
4584 85224 89808
5844 101166 107010
8235 138523 146758
6338 120302 126640
7168 92517 99685
3309 81207 84516
5025 86522 91547
1768 28604 30372
3634 61739 65373
2900 48908 51808
1263 21200 22463
1122 23711 24833
1943 31764 33707
5107 90651 95758
4900 86460 91360
2256 40780 43036
3941 70555 74496
5829 99577 105406
3056 51732 54788
4808 78269 83077
7635 115560 123195
1362 23780 25142
2791 44947 47738
7269 119612 126881
2387 40961 43348
8248 156718 164966
7416 133261 140677
2551 41950 44501
4673 74378 79051
10530 184230 194760
4687 79616 84303
8432 139566 147998
4408 69993 74401
4416 80467 84883
3927 66181 70108
1647 28058 29705
3642 57570 61212
7046 110805 117851
5032 85607 90639
6326 106001 112327
2821 45311 48132
6853 81362 88215
1813 29332 31145
2363 40745 43108
2388 39666 42054
1317 23158 24475
2482 41812 44294
7577 122538 130115
5147 80987 86134
3813 62169 65982
2349 27580 29929
5865 101164 107029
1886 30248 32134
3432 57661 61093
5137 70956 76093
2660 48063 50723
2451 41421 43872
2177 37557 39734
2143 39398 41541
3927 69685 73612
2583 44980 47563
5311 90580 95891
2237 37532 39769
4250 68220 72470
5570 91680 97250
5887 95847 101734
3989 65288 69277
6957 111244 118201
2602 44262 46864
9736 166346 176082
7862 126803 134665
4140 76686 80826
2622 45290 47912
5383 86110 91493
3682 58910 62592
5776 77571 83347
1626 27705 29331
3748 63445 67193
4472 78426 82898
2890 46094 48984
6647 114834 121481
11144 187027 198171
2824 46062 48886
7444 117755 125199
3713 59382 63095
1976 24163 26139
3460 59691 63151
6894 114597 121491
4780 81445 86225
3454 56554 60008
3556 60101 63657
9234 150993 160227
6017 103686 109703
3058 50895 53953
4505 73870 78375
6726 106642 113368
6227 106208 112435
10107 185267 195374
2691 46853 49544
2447 43058 45505
1068 19449 20517
2389 41961 44350
4016 70366 74382
3844 61251 65095
7884 108724 116608
4183 73797 77980
2074 34466 36540
6399 109523 115922
3516 57747 61263
1094 20611 21705
5506 96626 102132
11415 207112 218527
4402 77805 82207
1776 33606 35382
5394 90606 96000
5216 101561 106777
1478 26512 27990
6666 110879 117545
3453 54238 57691
4596 73440 78036
11640 186446 198086
2334 39062 41396
6679 114573 121252
2476 41704 44180
1408 26852 28260
9260 82355 91615
5694 99619 105313
6509 102209 108718
7572 122025 129597
6437 103762 110199
11994 153233 165227
4003 69188 73191
7967 150121 158088
2813 44349 47162
2266 39586 41852
4807 81371 86178
11086 186457 197543
11365 196161 207526
4055 73927 77982
3851 59377 63228
2655 48780 51435
3035 46248 49283
10023 173934 183957
7220 123078 130298
3964 63182 67146
5012 90886 95898
5290 92190 97480
3931 70452 74383
5313 91929 97242
5215 93576 98791
2776 44610 47386
6774 100800 107574
4304 76875 81179
6906 115720 122626
1449 25275 26724
4692 79900 84592
3613 58501 62114
4236 75719 79955
1908 30360 32268
7511 126409 133920
3810 66639 70449
1248 22636 23884
13305 232066 245371
16306 174876 191182
6148 107816 113964
5133 89773 94906
3174 53247 56421
3997 67234 71231
4309 63716 68025
6574 105242 111816
7687 133305 140992
6039 98330 104369
9998 200447 210445
3642 63362 67004
9870 162015 171885
2758 45106 47864
4065 71203 75268
1430 25338 26768
4183 64810 68993
9165 168786 177951
2689 46053 48742
1864 20828 22692
