4545 77620 82165
2016 44884 46900
4598 95349 99947
5246 88222 93468
4223 90103 94326
4648 80455 85103
2402 52504 54906
2349 42240 44589
3427 68266 71693
5633 122954 128587
2107 40639 42746
5742 100074 105816
6165 133326 139491
4280 77173 81453
2130 43166 45296
2831 61139 63970
6077 127332 133409
2476 43684 46160
4737 96440 101177
7208 142796 150004
8144 163119 171263
3658 71628 75286
2427 51165 53592
2230 46677 48907
3297 65547 68844
4212 88841 93053
1480 29408 30888
1155 23391 24546
1333 28991 30324
4095 89696 93791
6199 108530 114729
3362 61908 65270
5852 109970 115822
4844 85545 90389
4294 87399 91693
3607 76758 80365
5679 108007 113686
2200 43701 45901
4777 93426 98203
4229 85751 89980
1000 20839 21839
3897 79981 83878
3115 65932 69047
3478 65878 69356
1055 22256 23311
1884 39345 41229
5678 123633 129311
1785 33022 34807
4517 90367 94884
3905 81341 85246
2074 39711 41785
7511 146669 154180
2096 41794 43890
2021 41396 43417
3477 66692 70169
1472 31142 32614
9732 213928 223660
8911 162727 171638
7147 139294 146441
5555 114161 119716
3389 32087 35476
5353 105436 110789
1331 26977 28308
3409 65239 68648
2631 57120 59751
1216 21843 23059
1703 34832 36535
10214 207301 217515
2006 40324 42330
1781 22239 24020
1353 30018 31371
1037 20158 21195
5137 106798 111935
12234 247359 259593
3356 66695 70051
3350 65709 69059
3844 82255 86099
6087 123366 129453
4650 96139 100789
5275 112941 118216
1619 32325 33944
4517 100981 105498
9233 178743 187976
5973 125023 130996
7084 141458 148542
6104 126514 132618
3461 67882 71343
1721 35470 37191
4272 92162 96434
4385 97703 102088
7796 148798 156594
4330 83338 87668
2906 55324 58230
4351 83993 88344
1105 24043 25148
2244 45881 48125
2701 57428 60129
4348 80477 84825
2722 58370 61092
10382 203966 214348
3731 76717 80448
4393 79013 83406
5051 104632 109683
3762 75133 78895
1118 23050 24168
4504 99867 104371
4050 74472 78522
2073 36744 38817
4421 83304 87725
7201 162915 170116
2968 59555 62523
3436 66343 69779
5690 121814 127504
5284 109627 114911
887 18178 19065
12466 150915 163381
4335 83845 88180
1253 21720 22973
741 16651 17392
2895 57766 60661
1183 19238 20421
2119 41322 43441
4009 64033 68042
3044 60595 63639
5332 104380 109712
1034 18013 19047
2188 50158 52346
3733 60363 64096
9827 208225 218052
4381 89926 94307
4324 94475 98799
4342 85050 89392
6455 126831 133286
4838 104808 109646
4197 80211 84408
2447 59244 61691
4715 78553 83268
1848 27036 28884
3074 65526 68600
2185 45877 48062
1034 22020 23054
991 20157 21148
1350 29263 30613
3704 82184 85888
4176 90060 94236
2583 43125 45708
3643 73977 77620
4190 89855 94045
2596 53865 56461
4125 83558 87683
7109 133405 140514
1061 21272 22333
2380 46928 49308
6320 124602 130922
1940 37536 39476
8355 177173 185528
7372 134401 141773
2062 43144 45206
3748 76871 80619
9446 226824 236270
3882 79045 82927
6485 130610 137095
3252 69276 72528
4294 74179 78473
4245 62511 66756
1319 28104 29423
4205 73436 77641
5189 126501 131690
5172 93688 98860
5754 126888 132642
2369 50356 52725
4031 87342 91373
1413 34519 35932
2675 46599 49274
2024 37236 39260
1048 21588 22636
2387 50278 52665
6572 129328 135900
4739 90183 94922
2789 62402 65191
1556 32206 33762
4389 95582 99971
1580 30239 31819
2931 63446 66377
4678 77616 82294
2377 49746 52123
1972 36677 38649
1916 39710 41626
2165 41593 43758
3172 69941 73113
2495 51844 54339
4479 96068 100547
2099 39367 41466
3683 71427 75110
4789 95330 100119
4813 97335 102148
3296 70414 73710
6219 129605 135824
2001 40196 42197
9491 176448 185939
6461 131102 137563
4182 89020 93202
2595 52555 55150
4341 88304 92645
2972 61619 64591
4290 87540 91830
1543 30244 31787
3755 72822 76577
4584 71224 75808
2667 53598 56265
6552 133532 140084
12804 199039 211843
2298 47890 50188
6399 124211 130610
2987 60041 63028
1297 28148 29445
3035 64562 67597
6201 118695 124896
4565 95590 100155
3707 58889 62596
3707 76904 80611
7838 160074 167912
5291 95629 100920
3007 60285 63292
3883 77020 80903
6066 115433 121499
5886 114687 120573
9277 195102 204379
2209 50644 52853
2086 44038 46124
942 18581 19523
1937 43246 45183
2895 61130 64025
3812 72988 76800
5763 117172 122935
3816 75229 79045
1964 35449 37413
5621 117339 122960
3211 66125 69336
1748 20620 22368
4295 89048 93343
11072 240979 252051
4211 89433 93644
1964 39669 41633
4950 102386 107336
5218 103432 108650
1505 33227 34732
5523 116634 122157
2885 57596 60481
4494 78903 83397
9957 193514 203471
1989 43873 45862
5304 113004 118308
2503 43156 45659
1105 26234 27339
5080 96129 101209
4866 151394 156260
7374 123093 130467
7118 142622 149740
4537 94116 98653
7938 160612 168550
3912 68988 72900
5752 138029 143781
2845 41189 44034
1871 37131 39002
5108 107099 112207
9875 183776 193651
9374 198534 207908
4396 77519 81915
3716 70103 73819
2058 46485 48543
2512 51069 53581
8848 165867 174715
6443 139136 145579
3866 74021 77887
4429 97930 102359
4566 93721 98287
4053 65267 69320
4162 86035 90197
3556 74647 78203
2294 42204 44498
5205 101561 106766
4158 79099 83257
6762 135528 142290
1904 25608 27512
4546 97705 102251
3901 60285 64186
4807 91321 96128
1669 33077 34746
7077 122893 129970
3824 81760 85584
1448 26028 27476
12883 224460 237343
9048 177708 186756
5225 106236 111461
4329 94533 98862
3302 64957 68259
3936 75306 79242
3762 70461 74223
5337 108524 113861
7641 152299 159940
5982 122497 128479
9284 197409 206693
3186 62580 65766
9640 190033 199673
2066 46437 48503
3714 79075 82789
1210 26239 27449
3534 66025 69559
8049 175503 183552
2413 46916 49329
1031 25078 26109
