3757 83300 87057
1916 44888 46804
4363 85267 89630
3928 94627 98555
3811 84676 88487
3367 78827 82194
2113 52370 54483
1917 42051 43968
2582 61630 64212
4827 122235 127062
1659 36528 38187
4522 113268 117790
5276 135186 140462
3988 85845 89833
2000 43927 45927
2887 62029 64916
6515 135678 142193
2193 51124 53317
4189 95540 99729
6446 146377 152823
6703 161417 168120
3335 77927 81262
2048 52811 54859
2243 48822 51065
2710 76252 78962
4537 113430 117967
2081 33067 35148
1294 26220 27514
1290 28564 29854
3951 90576 94527
5328 122062 127390
3197 72096 75293
4927 111981 116908
3522 79742 83264
3660 77962 81622
3524 82629 86153
4766 99430 104196
2343 44125 46468
9159 105651 114810
4568 102070 106638
1021 20728 21749
3685 83753 87438
2710 74938 77648
3574 77447 81021
895 23321 24216
1819 44659 46478
5704 141889 147593
1672 37840 39512
4043 92468 96511
3930 90888 94818
1806 40162 41968
8442 170378 178820
2101 39767 41868
1938 41610 43548
2958 68885 71843
1407 34188 35595
8987 213281 222268
7400 166427 173827
5841 137086 142927
4721 117042 121763
1470 36955 38425
3995 95189 99184
1172 32520 33692
2496 60415 62911
1949 51173 53122
1796 19228 21024
1918 30666 32584
10013 240969 250982
1913 44452 46365
1046 26873 27919
1164 28204 29368
962 20057 21019
4424 104101 108525
10209 254700 264909
2980 73256 76236
3366 71459 74825
3927 90963 94890
4771 118685 123456
4503 110567 115070
4497 113781 118278
1766 37443 39209
4276 114041 118317
7553 181010 188563
5194 123390 128584
6888 162448 169336
5922 145251 151173
2711 59466 62177
2101 36359 38460
3821 85995 89816
3926 98550 102476
6751 157442 164193
3717 85067 88784
2598 63110 65708
3555 93068 96623
979 28618 29597
2795 54453 57248
2642 61771 64413
4573 93767 98340
2335 54965 57300
10183 211086 221269
3650 77695 81345
3525 81693 85218
4639 114107 118746
3181 81070 84251
925 24015 24940
3337 74219 77556
3397 83710 87107
1694 37237 38931
3702 93697 97399
5984 145461 151445
2185 53377 55562
2929 67343 70272
4736 112620 117356
4339 105343 109682
752 17569 18321
6625 150469 157094
4038 98096 102134
1006 21022 22028
723 15110 15833
2403 55891 58294
919 22412 23331
1878 41322 43200
2484 71201 73685
2732 56476 59208
4474 107009 111483
906 20716 21622
1868 42390 44258
2231 50133 52364
8316 212214 220530
4305 107738 112043
4358 95657 100015
3828 87958 91786
5298 131564 136862
4812 121858 126670
3737 87736 91473
2182 57505 59687
3949 86347 90296
1295 31092 32387
2703 72676 75379
2237 49154 51391
987 22613 23600
860 20891 21751
1315 33541 34856
4042 94445 98487
4119 95399 99518
1676 37095 38771
2690 67836 70526
4253 104294 108547
2542 62492 65034
4382 92484 96866
6094 136490 142584
1028 25179 26207
2011 43605 45616
5337 126888 132225
1734 38360 40094
7513 159391 166904
5318 126923 132241
2289 47479 49768
3120 72677 75797
9432 214591 224023
4118 90196 94314
6361 148370 154731
2737 63783 66520
3552 82088 85640
3057 72512 75569
1137 28981 30118
2220 55439 57659
5052 118198 123250
4100 79471 83571
4137 111135 115272
2194 49183 51377
3750 91338 95088
1154 28755 29909
1665 38234 39899
1873 40819 42692
931 21933 22864
2131 49283 51414
4797 119965 124762
4940 96842 101782
2750 64704 67454
1296 32908 34204
4158 97132 101290
1466 35770 37236
2163 55404 57567
3122 70131 73253
1947 44370 46317
2364 42183 44547
1529 39244 40773
1804 42130 43934
3061 73155 76216
1930 45643 47573
4275 97228 101503
2102 40205 42307
3353 76420 79773
4192 95468 99660
4473 109466 113939
2908 64958 67866
5503 130572 136075
2108 47024 49132
7195 159691 166886
4949 131161 136110
3162 78932 82094
2216 54055 56271
3693 93455 97148
2530 64929 67459
4026 89491 93517
1205 30844 32049
2610 71078 73688
3096 75222 78318
2366 55235 57601
5085 121472 126557
8728 196597 205325
2183 52436 54619
4867 110207 115074
3185 73514 76699
989 25450 26439
2208 55932 58140
5041 119744 124785
4061 86326 90387
2536 59556 62092
2572 62591 65163
6192 145062 151254
3925 99823 103748
2229 52249 54478
2976 69012 71988
4354 100513 104867
4256 100158 104414
8148 198991 207139
1950 53644 55594
1909 40216 42125
844 21246 22090
1966 42142 44108
2547 64627 67174
3242 74176 77418
4264 109886 114150
2960 72213 75173
1607 36020 37627
4778 115990 120768
2549 63847 66396
886 19772 20658
13984 99511 113495
9617 240704 250321
3763 81688 85451
1507 39183 40690
3836 96642 100478
9751 89193 98944
1542 39243 40785
4419 103786 108205
2095 51590 53685
3490 79375 82865
8693 183049 191742
2269 40027 42296
4266 108174 112440
1736 38084 39820
844 22107 22951
4374 100404 104778
3853 98885 102738
5479 121835 127314
5973 126687 132660
4211 95695 99906
6904 162328 169232
3708 80615 84323
5024 144459 149483
1952 41295 43247
1553 36914 38467
3834 84526 88360
8652 189872 198524
8763 204860 213623
3287 78089 81376
2701 62397 65098
2069 45182 47251
2132 50665 52797
7298 186662 193960
4619 115958 120577
3291 74310 77601
3641 85862 89503
3783 96477 100260
3289 75240 78529
3977 84659 88636
3075 73396 76471
2260 46869 49129
4431 105889 110320
3933 90023 93956
5566 139999 145565
1053 26974 28027
3931 97755 101686
2352 53581 55933
4041 81784 85825
1402 36153 37555
4992 123984 128976
3140 70290 73430
942 22359 23301
9607 242218 251825
8098 180350 188448
4544 92669 97213
4130 95738 99868
2281 56046 58327
2967 66850 69817
3424 76627 80051
4946 116925 121871
5504 143770 149274
4457 105927 110384
8628 176927 185555
2648 65152 67800
7874 170862 178736
2262 49014 51276
3175 73177 76352
1054 27320 28374
2887 68189 71076
7524 178897 186421
2155 54086 56241
1055 32269 33324
