7987 77261 85248
3906 37968 41874
8542 84877 93419
9979 89781 99760
7649 73874 81523
6940 68141 75081
8098 44181 52279
3813 36809 40622
5136 54148 59284
9261 101702 110963
3229 30633 33862
8041 85242 93283
12009 114037 126046
7016 65983 72999
3455 32943 36398
4967 51163 56130
11694 121414 133108
3935 38220 42155
7386 77094 84480
10497 108439 118936
13377 143385 156762
6911 70447 77358
3979 43200 47179
3733 37392 41125
6378 65035 71413
7802 82170 89972
2388 25837 28225
2184 22488 24672
2141 22122 24263
7825 81108 88933
9641 98914 108555
6185 56320 62505
11829 96180 108009
7140 68976 76116
7113 71418 78531
6112 65492 71604
8289 88207 96496
4606 43769 48375
9418 91739 101157
8469 83018 91487
2033 19859 21892
8046 79724 87770
5400 56641 62041
5760 57937 63697
1940 19639 21579
3597 34254 37851
9713 104335 114048
2910 29647 32557
7046 73652 80698
7508 76615 84123
3034 30196 33230
12219 122225 134444
3306 31129 34435
4213 41700 45913
4900 49604 54504
2432 25043 27475
15974 164545 180519
14503 148357 162860
12064 117118 129182
9092 96240 105332
2457 27337 29794
9124 90532 99656
2523 27036 29559
5244 49487 54731
4367 48749 53116
1962 18859 20821
3035 30239 33274
18960 200518 219478
3349 33343 36692
2074 22332 24406
2247 24664 26911
1608 15092 16700
9916 99779 109695
19429 214473 233902
6515 64329 70844
6316 61536 67852
7370 80307 87677
10241 105911 116152
7759 83576 91335
8957 96869 105826
2718 27500 30218
9425 96459 105884
19404 162030 181434
11318 117954 129272
13401 140051 153452
11812 123318 135130
5797 57758 63555
3053 33155 36208
7482 75710 83192
9406 93077 102483
14463 154116 168579
6467 65379 71846
5260 54445 59705
12075 88505 100580
2106 23581 25687
4623 44292 48915
4958 52040 56998
8477 81230 89707
4867 48773 53640
18390 164817 183207
7240 74124 81364
6980 70710 77690
8378 82805 91183
6106 64900 71006
1872 19625 21497
23429 71405 94834
6086 64118 70204
3907 37375 41282
8105 74006 82111
13142 142835 155977
4844 51865 56709
6456 57821 64277
9969 107032 117001
9154 94184 103338
1581 16224 17805
17187 150449 167636
7987 111792 119779
2245 20779 23024
1307 14227 15534
6167 68344 74511
1780 17135 18915
3622 39901 43523
4791 53702 58493
4313 45842 50155
8582 79602 88184
2227 14789 17016
3988 41899 45887
4426 42951 47377
18407 204530 222937
9569 90705 100274
7886 81647 89533
8766 87093 95859
12054 124716 136770
8214 92341 100555
8088 78086 86174
4112 45909 50021
7939 77907 85846
2417 22157 24574
5983 63573 69556
4356 44394 48750
1978 18711 20689
1803 18339 20142
2518 25362 27880
8102 83736 91838
8871 90073 98944
3120 35373 38493
5047 56195 61242
8788 90740 99528
5062 53197 58259
7944 78520 86464
12060 118056 130116
2356 20605 22961
4432 41885 46317
11043 109414 120457
3739 37923 41662
14103 153118 167221
11852 123166 135018
3962 42437 46399
7269 58846 66115
18302 188271 206573
7729 73423 81152
11428 119067 130495
5951 55341 61292
6494 65418 71912
5308 58519 63827
2470 22103 24573
4261 45803 50064
8719 93904 102623
9326 72150 81476
9221 92217 101438
4351 42450 46801
7505 82406 89911
2263 27604 29867
3661 34487 38148
4144 36475 40619
2134 21616 23750
4520 43448 47968
9882 98019 107901
8199 82255 90454
4916 49654 54570
2336 25630 27966
9748 92202 101950
2626 27242 29868
4888 52270 57158
6730 68705 75435
4380 39148 43528
3523 33600 37123
3085 32776 35861
3859 36858 40717
5900 61594 67494
3879 43330 47209
8702 80558 89260
3198 30340 33538
5437 56094 61531
7520 79758 87278
8479 85656 94135
6401 59416 65817
9234 99324 108558
3582 39423 43005
14391 138967 153358
10398 98502 108900
7182 76690 83872
4837 45166 50003
9309 89898 99207
4298 45892 50190
7821 81726 89547
2397 25750 28147
5862 62095 67957
6915 70541 77456
4370 40225 44595
10649 102499 113148
15361 166289 181650
4223 46683 50906
10785 107805 118590
6114 60241 66355
2072 22673 24745
4600 52398 56998
10494 113472 123966
8315 77748 86063
5189 53014 58203
5601 54466 60067
15516 129479 144995
9844 97699 107543
4965 50484 55449
5678 59914 65592
8501 86044 94545
8642 85618 94260
15133 157307 172440
4608 45382 49990
3392 34965 38357
1654 16321 17975
3700 39481 43181
4978 50123 55101
5835 55555 61390
8591 93586 102177
5725 58406 64131
3790 35427 39217
9094 98562 107656
5679 58269 63948
1637 16707 18344
8847 91956 100803
17135 176740 193875
7972 79698 87670
2800 29590 32390
8131 79421 87552
8862 87940 96802
2320 23821 26141
8557 87294 95851
4797 48210 53007
5740 58494 64234
18398 180278 198676
4052 42823 46875
8741 96067 104808
3465 32479 35944
1890 20527 22417
8225 75900 84125
8804 92420 101224
9094 98852 107946
11972 125498 137470
8825 84025 92850
14560 134018 148578
6257 67282 73539
9930 124956 134886
4555 42381 46936
3214 31376 34590
7647 77795 85442
17725 173769 191494
17580 173968 191548
7524 71600 79124
6558 63389 69947
4105 42310 46415
4563 44055 48618
15291 152602 167893
10631 115862 126493
6827 65812 72639
8036 78183 86219
8469 111255 119724
5429 56485 61914
7768 78253 86021
5208 54482 59690
4074 39626 43700
9392 99748 109140
8154 79002 87156
10730 107895 118625
1926 24288 26214
8739 87022 95761
4583 50221 54804
7526 77803 85329
2716 27038 29754
10610 113452 124062
6964 70820 77784
2030 21398 23428
17210 190851 208061
17237 175559 192796
9505 88691 98196
7735 79893 87628
5196 54762 59958
6365 62625 68990
6659 65796 72455
8135 84457 92592
11470 115866 127336
9552 98146 107698
15197 154431 169628
5376 50144 55520
15721 159668 175389
4488 44727 49215
6109 66459 72568
2127 22331 24458
6630 70139 76769
13624 133790 147414
3716 41742 45458
2068 20362 22430
