5244 69193 74437
3439 45449 48888
5888 78633 84521
7554 93065 100619
5656 76196 81852
5926 85898 91824
3837 46980 50817
3012 40011 43023
3967 54874 58841
9778 135802 145580
2520 32898 35418
7179 93459 100638
8017 137346 145363
5319 70092 75411
2577 35748 38325
4357 62249 66606
8059 115384 123443
3117 41130 44247
6279 83724 90003
8435 120695 129130
10393 149495 159888
4787 67283 72070
3867 51864 55731
2799 39519 42318
4650 69873 74523
6167 83699 89866
2094 29907 32001
1768 22851 24619
2153 23900 26053
6931 92155 99086
8172 99824 107996
4184 59292 63476
9057 114478 123535
7019 86126 93145
6279 83525 89804
4894 67945 72839
7858 102453 110311
3220 41725 44945
7543 92748 100291
6470 86887 93357
1763 21048 22811
6303 89098 95401
4629 70761 75390
5170 69948 75118
1603 21833 23436
3452 43685 47137
8506 110955 119461
2124 30127 32251
5603 76360 81963
5153 74019 79172
2384 32556 34940
9612 131421 141033
2794 44264 47058
3434 38866 42300
4307 61630 65937
2154 30086 32240
13128 168283 181411
11894 156890 168784
10276 145950 156226
8312 106333 114645
2670 32935 35605
7812 89767 97579
2201 27062 29263
4052 55714 59766
3608 50696 54304
1561 18945 20506
2343 31820 34163
16949 202616 219565
2999 42292 45291
1640 22319 23959
2961 30742 33703
1618 18315 19933
8471 107926 116397
22802 264239 287041
4424 61070 65494
4239 57834 62073
5522 75479 81001
7897 101803 109700
6847 90744 97591
7064 91468 98532
2203 29724 31927
6411 90796 97207
11094 148654 159748
7864 111062 118926
10149 133265 143414
9130 130583 139713
4396 61660 66056
2426 32402 34828
6138 80393 86531
8430 90046 98476
10306 139670 149976
4907 70209 75116
4459 57762 62221
6274 87618 93892
1596 23056 24652
3380 42805 46185
17290 50503 67793
6839 88524 95363
3754 48019 51773
16178 202573 218751
5067 69804 74871
5112 64059 69171
6700 87078 93778
5148 69274 74422
1699 21140 22839
5648 70784 76432
4900 67124 72024
2580 34770 37350
6113 87205 93318
10846 141524 152370
3820 53121 56941
4003 53727 57730
8280 109038 117318
7866 100372 108238
1149 15293 16442
10054 156040 166094
6115 79739 85854
1507 19259 20766
877 13610 14487
4094 51833 55927
1388 19348 20736
3036 37639 40675
4286 65959 70245
3971 48240 52211
7360 95596 102956
1218 16323 17541
3203 45234 48437
3946 47494 51440
13960 194597 208557
6656 86989 93645
5428 79970 85398
6435 80879 87314
8279 118254 126533
7902 111081 118983
6264 82457 88721
7461 49902 57363
5335 73712 79047
2028 26823 28851
4126 60899 65025
3625 47256 50881
1558 20404 21962
1467 19040 20507
1903 26901 28804
6100 89499 95599
6941 84036 90977
2628 34460 37088
4620 68912 73532
7207 95327 102534
4228 56999 61227
6605 87756 94361
11034 115840 126874
2090 19955 22045
3366 42404 45770
9364 105869 115233
2842 38513 41355
11055 161927 172982
8068 117189 125257
3163 43022 46185
4972 70173 75145
14139 192406 206545
5665 78355 84020
8807 139862 148669
5588 65093 70681
4728 69068 73796
4106 62055 66161
1881 23861 25742
3821 54483 58304
10309 107009 117318
8341 76961 85302
9527 104708 114235
2907 39162 42069
6090 86146 92236
2023 25383 27406
2961 41018 43979
2672 33832 36504
1654 22176 23830
3034 40303 43337
11101 119433 130534
6273 88363 94636
5214 51324 56538
2022 27593 29615
7314 99582 106896
2361 33366 35727
4198 56003 60201
4729 63262 67991
3413 45783 49196
2785 35737 38522
2294 35401 37695
2488 36190 38678
4285 66582 70867
3214 41637 44851
6550 89446 95996
2565 36535 39100
4011 64900 68911
5915 80602 86517
7461 100750 108211
4384 61977 66361
8884 108384 117268
2858 38552 41410
12353 165305 177658
8620 120950 129570
5304 77327 82631
3638 48649 52287
6318 81761 88079
3854 56758 60612
6081 87086 93167
2220 24664 26884
7943 59853 67796
4737 66604 71341
3873 49668 53541
8374 109369 117743
12232 167835 180067
3742 48079 51821
7880 98427 106307
4342 64082 68424
1700 22532 24232
3766 57306 61072
8303 106697 115000
6689 89933 96622
3814 52045 55859
4293 63841 68134
9305 129287 138592
8812 92791 101603
4130 50818 54948
4692 64307 68999
10671 101975 112646
7329 95413 102742
13107 190628 203735
3265 43777 47042
3097 41349 44446
1418 17304 18722
2809 37332 40141
4428 61508 65936
4243 58385 62628
7144 98447 105591
4423 63977 68400
2479 35062 37541
7082 94530 101612
5566 63561 69127
1782 18915 20697
7271 92063 99334
15499 200473 215972
6262 86863 93125
2792 38009 40801
7304 95898 103202
6661 98639 105300
1873 30867 32740
8501 107542 116043
3731 48244 51975
5120 72297 77417
12858 160069 172927
2746 38870 41616
7439 112900 120339
2637 34578 37215
1652 22586 24238
6252 79748 86000
7360 97316 104676
7455 96717 104172
8153 118550 126703
6657 86558 93215
9127 132133 141260
4853 64376 69229
8385 127572 135957
2983 37070 40053
2429 33951 36380
6859 89629 96488
13386 172725 186111
13782 189565 203347
4979 70933 75912
4531 60750 65281
3174 43260 46434
4448 44912 49360
11091 151234 162325
7953 106318 114271
5012 68136 73148
5837 80931 86768
6193 86319 92512
4625 61033 65658
6652 93205 99857
5627 67042 72669
3608 44145 47753
8587 108301 116888
6657 78909 85566
8562 108862 117424
2059 22347 24406
5717 79376 85093
3674 48463 52137
5145 74210 79355
2052 28684 30736
8928 107876 116804
5262 73708 78970
1489 20708 22197
14323 194302 208625
14327 186297 200624
6756 86005 92761
11505 87330 98835
4198 59160 63358
4282 59655 63937
5218 70595 75813
6737 90287 97024
8541 138252 146793
8289 104150 112439
13959 187649 201608
4403 60785 65188
13923 181961 195884
3001 38943 41944
5474 76905 82379
1874 24843 26717
4527 60359 64886
11621 164380 176001
3342 42518 45860
1564 19004 20568
