13325 45325 58650
7333 23675 31008
15928 52273 68201
18111 56180 74291
15802 50738 66540
14117 49935 64052
9726 32904 42630
6405 20582 26987
11139 34692 45831
21471 65212 86683
6214 19692 25906
18264 62244 80508
22273 72101 94374
13941 42094 56035
7559 21457 29016
10480 37544 48024
23258 70785 94043
7261 24407 31668
14211 45858 60069
23072 74630 97702
26725 95369 122094
12376 40358 52734
9571 32535 42106
7113 23500 30613
11261 38537 49798
14612 48513 63125
5412 19638 25050
4445 14328 18773
4439 15472 19911
16531 55235 71766
21001 62451 83452
10327 35249 45576
20528 62426 82954
12797 44234 57031
14621 46845 61466
12884 45105 57989
19851 53865 73716
8756 28647 37403
16313 53194 69507
15112 48290 63402
3743 11133 14876
14650 50877 65527
10058 36961 47019
12405 43217 55622
4103 12241 16344
6501 21316 27817
21510 65943 87453
6040 19935 25975
13824 44260 58084
12609 43739 56348
5933 19883 25816
24195 84445 108640
7182 22888 30070
7248 23056 30304
10891 36427 47318
5415 16481 21896
36518 106032 142550
30168 101898 132066
24268 85602 109870
16775 57109 73884
5583 19190 24773
21066 71722 92788
5039 17083 22122
10741 32452 43193
9316 27855 37171
3136 10370 13506
4740 18239 22979
39038 130024 169062
8422 24444 32866
4585 15101 19686
5256 17167 22423
3690 10699 14389
20034 64506 84540
41799 146941 188740
11881 39803 51684
10580 35108 45688
15003 49776 64779
20716 64214 84930
16089 53462 69551
17034 57799 74833
5901 19258 25159
15668 62275 77943
30285 97667 127952
24423 76230 100653
22572 85296 107868
23827 71729 95556
11047 34566 45613
6136 21451 27587
15230 51717 66947
15632 54171 69803
23607 86321 109928
13043 46433 59476
9848 30003 39851
14615 51620 66235
4234 14630 18864
7836 25585 33421
9778 30443 40221
14762 45686 60448
10215 32145 42360
33956 108863 142819
13259 47285 60544
12765 45411 58176
16681 52240 68921
13249 47517 60766
4078 12983 17061
12576 42014 54590
11433 41872 53305
6304 23259 29563
13275 46153 59428
25631 84287 109918
10220 30509 40729
13512 33583 47095
20610 64675 85285
17056 62963 80019
2719 9029 11748
26372 93696 120068
13958 46760 60718
19854 12157 32011
2994 8328 11322
10419 30398 40817
3234 10706 13940
7488 25569 33057
10423 34741 45164
9408 28397 37805
17648 51459 69107
3337 10778 14115
7523 23110 30633
9445 27752 37197
35099 113237 148336
16000 51336 67336
12823 43561 56384
14543 48496 63039
22276 70135 92411
17059 59795 76854
13187 43079 56266
9263 29068 38331
14547 50410 64957
4873 14558 19431
11492 40533 52025
7527 24480 32007
4245 14168 18413
2909 9713 12622
5578 18143 23721
13017 44831 57848
14959 50934 65893
6020 20697 26717
9999 36686 46685
16051 49852 65903
9177 28922 38099
15613 50589 66202
22869 72803 95672
4484 13383 17867
7411 22494 29905
20884 63336 84220
6174 20425 26599
23291 87106 110397
24293 70841 95134
7320 23481 30801
11948 42863 54811
31061 103344 134405
13226 45745 58971
21538 71553 93091
10128 34339 44467
11278 42475 53753
11209 33963 45172
4130 13904 18034
10583 33494 44077
20049 64042 84091
14831 48485 63316
16672 55298 71970
8384 24311 32695
14457 49103 63560
5553 16717 22270
6196 21152 27348
6336 19668 26004
3927 13246 17173
8042 26121 34163
22964 70574 93538
14156 47291 61447
10321 34288 44609
5583 17563 23146
17329 58748 76077
5360 17940 23300
10418 37088 47506
12620 42441 55061
7829 24574 32403
6542 20785 27327
6217 25007 31224
6462 23061 29523
12472 39321 51793
7448 29910 37358
14079 47036 61115
6411 21369 27780
9824 38416 48240
15533 51611 67144
16800 55271 72071
15930 46751 62681
20648 67561 88209
6820 22654 29474
29922 97307 127229
21882 64852 86734
13399 49454 62853
7732 30582 38314
17816 50467 68283
10595 30570 41165
14830 49920 64750
4961 15103 20064
9770 35127 44897
12726 44323 57049
9111 30200 39311
23418 73818 97236
31405 106134 137539
8988 29450 38438
20168 59389 79557
10947 35851 46798
4345 15205 19550
10708 34549 45257
23623 75098 98721
15914 52554 68468
11708 36282 47990
10731 34712 45443
25436 88996 114432
17588 61557 79145
9388 28160 37548
12084 45180 57264
20320 62419 82739
18278 60583 78861
28696 95364 124060
8360 28861 37221
7200 23897 31097
2893 9849 12742
7752 25167 32919
10938 32420 43358
11406 41897 53303
21280 66975 88255
10845 38275 49120
5869 32146 38015
17650 59744 77394
10694 32423 43117
2937 10198 13135
14851 48988 63839
38377 126585 164962
13393 44738 58131
5984 21372 27356
17128 52915 70043
15524 56801 72325
4755 15452 20207
19442 61752 81194
9795 31112 40907
12061 47417 59478
32477 110854 143331
8582 28563 37145
18429 68005 86434
7071 22758 29829
3680 11843 15523
18243 50901 69144
15116 50621 65737
20032 65695 85727
23444 70006 93450
15763 52836 68599
22048 78067 100115
12566 47051 59617
21899 95718 117617
7829 25219 33048
5953 20024 25977
16171 51141 67312
35388 114299 149687
31818 110094 141912
15529 47540 63069
11180 36178 47358
8059 28134 36193
9791 32001 41792
34223 98886 133109
23142 72212 95354
11739 40476 52215
14999 52663 67662
18226 55762 73988
12322 43449 55771
16598 54285 70883
10875 39382 50257
7905 25266 33171
20899 55407 76306
12778 42921 55699
23509 72890 96399
5078 12856 17934
13627 47238 60865
9774 29971 39745
12084 43742 55826
5382 19047 24429
21244 67101 88345
11204 37743 48947
3923 13564 17487
33623 116473 150096
29554 97130 126684
15590 50468 66058
14437 45491 59928
10912 34406 45318
10215 57462 67677
11971 41259 53230
15904 53622 69526
20826 73908 94734
17053 56018 73071
28298 100205 128503
10388 31173 41561
47153 95777 142930
7717 23246 30963
11882 40096 51978
3998 13590 17588
11081 37013 48094
28105 98269 126374
8826 29579 38405
3632 11612 15244
