2 30.213442
4 30.109612
6 30.108397
8 30.133090
10 30.042157
12 29.969917
14 29.858183
16 29.906067
18 29.823179
20 29.661551
22 29.946128
24 29.861064
26 29.679974
28 29.920785
30 29.868317
32 29.839186
34 29.657192
36 29.813343
38 29.707971
40 29.570163
42 29.733314
44 29.397510
46 29.926465
48 29.456494
50 29.488712
52 29.626644
54 29.153885
56 29.368766
58 29.477840
60 29.244035
62 29.595946
64 29.533715
66 29.349894
68 29.336285
70 29.319907
72 29.467952
74 29.535058
76 29.167083
78 29.304564
80 29.288756
82 29.371288
84 29.199804
86 29.348378
88 29.357119
90 29.760766
92 29.631551
94 29.161830
96 29.449609
98 29.217772
100 29.592087
