4 92.592433
5 93.291894
6 94.525304
7 93.270314
8 92.696885
9 91.866006
10 93.001676
11 92.300494
12 90.039737
13 91.803215
14 91.271753
15 92.616439
16 93.968115
17 93.277926
18 92.192728
19 92.231016
20 92.875721
21 93.006811
22 94.622641
23 92.196054
24 91.741737
25 90.922615
27 94.119189
28 91.636904
29 92.536013
30 91.615426
32 94.409564
33 95.885712
35 97.197356
37 97.654696
38 93.729026
40 92.511679
42 92.668603
44 93.020154
47 91.180388
49 94.450551
52 94.991740
54 98.171628
57 94.906487
60 96.689532
63 102.649244
66 103.899904
69 99.510170
72 100.620766
75 101.234923
78 101.696772
81 102.479170
84 103.840372
86 107.261821
89 107.784378
91 111.228878
93 105.100593
95 103.048679
96 103.009003
