36523
37843
33156
21838
18725
19433
19071
26962
45855
48344
49910
31399
30213
29453
29992
31609
30284
11258
33187
28862
13196
9999
5530
31968
22440
13492
14597
11116
13690
13843
13808
19177
16554
18766
15990
33534
28350
7566
8026
6332
23074
26895
15384
7754
13766
13182
6485
6418
7110
18610
5237
5698
11093
9874
10387
9708
36968
28541
24868
16729
11876
10424
16227
28870
32765
36660
41559
43333
56188
71492
14391
31555
28275
41215
39574
72126
68755
59952
31508
47211
38936
17425
14142
12650
28557
10438
10690
10470
8386
9168
16421
24041
18514
63477
63446
70531
9860
9108
12634
56951
58350
56346
28348
40884
35052
16257
9697
9580
9736
19875
19950
20030
34216
34492
31103
16276
16633
7478
8777
11225
9504
16717
14431
12513
15524
13300
19149
27955
24298
11148
10645
26349
7354
6416
4997
27437
18482
29332
7691
6272
6579
15455
15607
13977
13681
7985
31228
19130
4246
4118
41934
38028
30791
27392
12649
10101
7961
6787
17775
29061
32547
33722
33456
25089
21466
12737
11821
14852
6608
26594
75915
53140
15449
7351
10192
18246
31131
19981
15395
10286
6642
6565
7817
11009
17412
19814
9789
8927
12912
18351
34288
36281
30588
7569
6924
6849
32482
25631
37128
23581
15113
16508
17783
18686
16556
10922
9916
23257
26701
26178
33064
27581
19795
16329
10130
33531
22082
19868
14641
18591
17050
20044
12085
8438
28600
30425
36350
11432
12798
15095
8281
47791
45358
38913
44440
38993
39245
32775
15413
12687
21973
44030
49622
54387
42753
30115
28783
22173
21011
11121
8942
14242
11352
41025
58931
17547
18998
16657
16263
12557
27526
38171
7030
6469
5069
5071
39628
28187
25659
38239
10750
5397
59918
59609
52964
4503
4324
16977
16112
36509
12427
10159
9304
13961
12622
13705
4530
5186
5205
14626
16240
16957
30672
35245
40871
44407
18592
20498
20119
19378
17218
19126
17516
17243
9247
9695
13761
5977
6266
3594
28514
23339
