33528
36382
33371
15324
18367
19143
18892
26919
40631
39515
40584
26516
27890
28825
29639
32059
27459
10880
37629
28605
13752
10172
5789
29692
22020
13751
13592
11110
14224
13713
13394
18100
17150
20417
15872
31235
29504
6698
6906
5384
27584
23389
19631
7698
14838
12850
6773
6490
6932
17846
5060
6938
10057
9650
10490
9667
31760
34557
25242
30035
12509
10776
16121
27494
30345
32301
45943
39090
58268
59324
14289
32619
22264
36350
37944
65466
73154
52051
27202
54259
36228
13328
12511
10315
25672
10936
9777
9119
8421
9195
16234
20629
19900
63044
69098
60523
9730
8364
12045
59689
57112
51609
25749
35625
29684
15999
9476
10947
12433
21672
19478
19525
33853
31202
24895
14762
16820
8406
8988
10559
9095
15360
14861
12391
14952
12921
18721
28527
23920
11144
12423
26802
6409
7920
5441
25292
19361
29983
7608
6312
6531
15798
15108
14661
13968
8144
35050
15921
4717
4477
44591
44370
33871
31767
9785
7717
24008
6415
17609
25761
29806
34552
30109
25540
20577
14130
13365
15684
6746
25675
53217
51463
14394
7056
10203
18242
23164
16689
14094
10320
7042
6674
7476
10776
15771
19934
10162
8967
13358
19605
30814
32689
31908
7063
5962
6778
21773
30511
38265
22505
15615
17026
22147
19023
17502
11087
11109
26642
25062
29392
33057
26850
18528
16599
10739
27897
21038
21368
13400
19943
18930
18988
12584
8701
25083
26433
34968
10487
14238
16174
7609
48378
42045
36847
36387
41322
37752
34371
13816
11009
18747
43035
55702
48612
39999
26377
25816
24117
20033
9848
8654
13759
11455
42090
57460
16692
18581
15315
14603
12187
25833
35546
7336
4737
5004
5270
48080
30774
24305
37995
11224
5974
54159
59437
44987
4566
4370
14543
15226
34144
12277
10320
9547
13284
11771
16165
4389
5220
5227
15284
15887
17371
27759
31753
39186
46323
15801
17109
18913
19187
16919
19343
17825
17614
8062
8535
12112
6153
5997
4310
25607
22706
