35026
37671
28317
21533
18570
19194
19277
26495
47726
46276
43064
27988
26403
26856
32020
29871
28589
10583
32921
26743
13476
9863
5603
28197
22760
12850
13000
10754
13697
16218
14157
18607
16118
19135
15963
33130
31352
7703
7381
5638
22546
25746
15611
7833
15386
15094
6533
6497
7058
20467
5211
5367
10839
9636
10652
9663
34310
32055
22206
21115
11509
11177
16779
29068
32771
33529
49424
35740
52639
62874
14432
29509
25791
35223
36244
61790
73836
49895
29942
55731
36672
14720
12396
10209
28238
10637
10058
9563
9023
9435
16381
21281
18113
59483
61948
60141
9968
8948
12243
60733
58789
57578
25647
30627
29418
15800
11531
10533
10694
18322
18901
19133
30124
27960
25915
15552
15167
7361
9430
10730
8953
17434
15193
12459
14697
12346
17740
25629
20784
10870
10635
25894
6383
5698
4980
23242
21323
26556
6854
5057
6720
15065
15525
13634
14650
7920
28940
16812
4381
3977
41264
37808
28322
32549
12073
7299
8005
6453
18000
25340
33088
38891
26133
24457
18482
13125
13042
15040
6822
30881
68762
62403
15069
7249
9656
17754
27507
19445
15325
10289
7004
6658
7329
10139
15581
19388
9764
9202
12877
18490
35298
36452
31147
6632
7240
6923
24370
29725
26799
19104
14646
14793
18481
18370
18868
11150
9737
26212
27420
28550
31741
21325
20447
16337
10342
21157
18919
17870
13591
19831
16604
18710
13586
8468
25548
23842
31514
11396
13342
15845
7678
48121
42196
34551
32608
39507
34641
30169
15805
10990
19187
42674
52930
48755
38003
31351
29598
23727
20207
9695
8503
13988
10993
45815
47378
16220
24243
15430
14622
12030
26902
34923
5884
5802
5237
5675
34365
29821
25410
37589
11383
5601
54726
63258
47933
4872
4200
15695
15915
38375
12786
10085
9451
13809
11968
12569
4380
5364
5122
15602
16166
17610
29465
35286
39164
48345
16082
16982
18867
18910
16939
18294
17596
16807
8033
9170
12164
5972
6073
3613
27801
23197
