3881
4066
3657
2032
2458
2627
2554
2739
5105
4940
4819
2811
3053
3137
3323
3068
3109
1173
3704
2945
1357
1311
726
2762
2330
1748
1692
1438
2014
1874
1820
2462
2139
2558
2060
3370
3425
805
763
748
2667
2578
2147
1039
1942
1826
858
841
913
2405
673
699
1370
1421
1346
1286
3926
3551
2681
2314
1549
1447
2182
3136
3346
4160
5626
4891
6610
8347
1942
2932
2614
3846
3787
9099
10142
7332
3113
6457
3534
1553
1605
1323
2816
1293
1308
1289
1211
1356
2075
2594
2482
7561
8876
8580
1236
1115
1614
6772
7067
6701
2936
3508
3274
1551
1259
1314
1313
2472
2635
2562
3424
3168
2922
1564
2118
953
1171
1381
1255
2072
2040
1736
1995
1671
2397
3027
2532
1600
1580
3177
696
643
592
2658
1966
3112
744
571
832
2032
2063
1863
1794
1093
3255
1881
545
514
4314
5018
3343
3173
1262
994
1084
908
2439
3066
3402
4138
3095
2734
2184
1645
1621
2055
909
2979
8080
7112
2020
1052
1382
2525
3177
1903
1825
1354
914
1007
990
1381
2185
2669
1388
1267
1731
2567
3711
4003
3752
822
804
954
2969
3227
3187
2245
1766
2029
2450
2604
2270
1430
1387
2667
2937
2953
3458
2874
2229
2380
1536
2767
2164
2534
1971
2503
2304
2596
1709
1138
2936
2885
3809
1228
1714
1998
1101
5620
5282
3803
4106
4289
3949
3553
1460
1439
2569
5249
6643
6124
4530
3037
3047
2735
2581
1388
1117
1892
1619
5060
6182
2158
2473
1985
1899
1658
2869
4216
723
632
649
674
4514
3168
2778
4809
1247
743
7122
7290
6213
577
553
1966
2061
3501
1359
1434
1244
1883
1657
1703
597
694
692
2111
2180
2383
3309
3685
4884
5719
2152
2320
2597
2550
2421
2729
2416
2261
1072
1187
1702
792
804
455
2748
2291
