3777
3901
3471
2249
2789
2892
2782
2690
5252
5042
5054
3346
3064
3081
3310
3080
3085
1124
3634
2979
1368
1522
846
2830
2524
1748
1862
1573
1996
1999
1912
2580
2413
2658
2236
3328
3376
765
749
822
2752
2667
2197
1126
1933
1908
968
960
1033
2399
757
796
1566
1449
1520
1467
3795
3777
2876
2254
1538
1544
2317
3307
3129
3794
5414
4787
6868
9013
1995
2957
2734
3920
3836
8923
9920
6812
3064
6135
3674
1608
1992
1503
2856
1293
1334
1340
1260
1362
2121
2603
2725
7384
8977
8471
1312
1219
1724
6904
8568
7079
3104
3661
3345
1607
1299
1301
1394
2485
2626
2633
3206
3159
2943
1602
2407
1138
1228
1526
1253
2036
2042
1824
2208
1843
2321
2989
2518
1547
1540
3073
693
651
654
2619
2067
2923
748
594
912
1973
2400
1948
2012
1076
3252
1843
599
561
4404
4842
3275
3198
1259
1063
1168
971
2314
2739
3268
4074
3123
2749
2027
1791
1820
2212
1017
2895
8296
6787
1982
975
1457
2419
2989
1937
1819
1332
979
958
1063
1471
2129
2684
1310
1290
1868
2513
3684
3843
3650
788
810
946
2963
3383
3116
2344
1739
1943
2380
2533
2492
1625
1488
2695
2906
2835
3227
2692
2115
2348
1420
2667
2255
2310
1851
2493
2271
2568
1741
1275
2904
2960
3737
1140
1763
2177
1104
5525
5103
3644
4075
4108
3905
3564
1498
1626
2499
5184
6659
6084
4606
2924
2962
2623
2742
1337
1281
2017
1629
4918
6260
2044
2523
2131
1931
1616
3628
4653
709
714
669
696
4158
3135
2703
4264
1177
834
7336
7557
6509
596
568
2047
2124
3459
1451
1481
1366
1983
1722
1818
656
760
768
2072
2203
2320
3169
3614
5488
6817
2095
2322
2603
2461
2223
2505
2378
2298
1232
1278
1848
899
932
528
2751
2445
