3785
3988
3429
2336
2639
2737
2492
2742
5170
4837
4794
2907
3075
3062
3318
3069
3078
1188
3592
2949
1375
1341
718
2713
2401
1802
1729
1438
1822
1857
1890
2530
2171
2675
2100
3362
3319
736
709
703
2833
2650
2083
1045
1910
1746
941
852
915
2550
782
776
1547
1382
1531
1410
3848
3653
2761
2196
1648
1454
2276
3223
3160
3828
5533
4584
6622
8552
1841
3052
2760
3851
3833
9243
9776
6781
3147
6125
3626
1719
1759
1502
2860
1248
1310
1239
1149
1245
2204
2656
2543
7613
10446
8913
1291
1184
1626
6905
7507
7013
3065
3709
3525
1793
1324
1269
1375
2538
2779
2624
3361
3261
2997
1789
2071
1038
1251
1436
1312
2101
2062
1627
1947
1767
2398
3070
2806
1481
1485
3182
777
667
614
2691
2005
3043
777
602
880
2174
2147
2004
1837
1089
3309
1902
559
529
4194
4784
3225
3192
1311
968
1045
882
2499
2985
3528
7120
3589
3784
2170
1755
1767
2076
926
3003
8438
6802
1996
965
1322
2404
3107
1917
1846
1416
951
936
1039
1486
2118
2678
1540
1382
1841
2571
3655
3797
3698
852
802
905
3026
3137
3266
2398
1818
2067
2444
2593
2241
1448
1391
2647
2961
2984
3440
2752
3142
2243
1533
2816
2143
2315
1883
2467
2387
2573
1881
1300
2861
2936
3920
1215
1748
2170
1115
5668
5522
3862
4430
4374
4063
3901
1526
1624
2586
5585
6898
6022
4772
2976
3026
2562
2733
1493
1379
1943
1551
4889
6090
2070
2532
2195
2070
1790
2868
4395
723
685
700
717
4165
3175
2705
4311
1350
742
7405
8176
6244
583
575
2041
2127
3548
1450
1467
1346
1879
1665
1630
607
702
725
2158
2266
2584
3222
3754
5392
5621
2203
2262
2554
2542
2261
2575
2352
2324
1081
1128
1658
875
829
457
2838
2749
