31446
27257
26378
16266
20384
18937
18343
21036
47414
32606
35295
23949
25759
29484
24528
29343
28882
10973
32215
24933
11710
11547
6402
23078
19730
14875
12216
10892
13745
13721
13596
18918
16401
19331
15116
29785
27294
6586
7058
6921
23141
21769
20120
10630
15762
13577
6682
6547
7117
19762
5212
5364
10268
9672
10694
9827
32378
29764
24391
15596
11143
10252
15956
30510
26989
30908
43831
39000
51912
62520
14305
26082
24633
31618
34626
56697
64346
47430
28796
49762
32472
15366
15521
10036
23198
10532
11316
10527
8490
9196
15457
18394
18439
50298
57442
65869
10429
8705
12365
54146
61003
57777
28038
32887
34818
15156
10867
9567
10072
20081
19317
19206
30883
28392
26406
16200
20472
7327
8893
10432
8911
14421
14238
12188
14324
12734
16986
25853
22110
12693
11164
30792
6990
6306
5790
25014
17109
24005
6586
5010
7662
18254
17624
16019
14547
8050
28776
15991
4804
4558
33297
35236
27089
26321
10632
9249
9858
6549
17524
22490
27230
33058
24996
22907
16463
13137
12221
14815
6915
26646
53663
47311
18289
7390
10042
18231
31383
18282
15407
9973
6787
6594
7291
10042
14714
18726
9356
9013
12396
17572
33164
36435
34735
7922
7068
8936
31126
28138
26419
18439
14675
13594
25529
22661
16590
10897
9799
24054
26806
27358
27504
23445
20148
19707
10175
23746
20093
18111
14118
18126
16577
17421
12120
8369
23544
24032
33499
11841
14821
14756
7674
45558
39605
30389
36559
36853
36792
33978
14221
13671
19515
38671
48025
44223
35270
24794
25213
21188
19799
10813
8288
14185
11633
37796
48305
18013
18822
16698
16176
12214
24497
39576
7772
5531
6069
6306
34006
29396
23775
32559
11804
7351
49712
50016
44963
5102
5014
19125
19900
32483
13048
13097
9196
13340
11444
11824
4377
5075
5077
14269
14844
16849
29495
32945
37787
40567
18025
16942
19358
18719
17901
19645
17850
17394
8165
8706
11863
5782
6042
3475
23088
18671
30328
36008
28127
17488
19874
22150
18347
26054
44468
42225
36980
26231
31452
31280
27229
28824
29246
11067
31149
27325
13416
12641
7078
24593
20801
16538
13065
11668
14912
13552
13398
18078
16135
19051
15067
28883
31826
6717
6681
7169
28020
23557
18678
8151
14491
12957
6640
6565
7072
17644
5276
5485
10273
9601
9977
9486
35688
33588
26723
16103
11151
10236
16032
26486
27850
32608
42190
43210
48184
55036
18203
31565
25005
34884
34781
68292
62899
48545
25953
45335
33218
15018
14219
10006
28466
10012
10548
11294
10393
12352
16106
17980
17713
51179
63469
65576
10429
8705
13314
49236
52215
49360
28192
33223
29329
14955
10569
11517
11520
20281
19535
18976
31620
29910
23980
15863
19268
7814
9507
11194
9415
15403
14263
12014
15269
12187
18943
29291
21282
12330
10727
26674
6720
5737
5785
26154
18198
27264
7414
5934
9994
16370
15285
14136
13991
13024
33375
15838
5309
4479
41657
38163
27161
28422
11390
8891
9940
6514
17298
24301
31328
35770
27723
23981
18062
13644
12614
15345
7150
24606
54491
54155
16646
7295
9983
17570
29707
18841
15237
10130
6924
6810
7426
10308
15529
22841
11102
8888
12912
18720
41046
31310
30580
8992
8135
9408
26437
27261
37257
25363
12698
14338
17480
18886
16107
10705
9803
26208
28047
25396
33349
28418
22452
16176
9964
22209
19033
19512
13367
18283
17103
18681
12439
8470
26901
26920
29082
12875
13946
16901
8003
43010
44621
34259
38576
33839
31853
28645
12571
12424
19537
39666
48445
49476
40654
26501
27731
23746
18931
9622
9884
15342
10841
37275
52237
18565
17314
14010
13871
11971
26973
37533
6664
6035
5994
6058
35943
31077
26788
38894
11529
7100
55512
58741
50753
5293
4942
17082
21200
31461
14221
11963
9253
14423
11777
11241
4195
5157
5120
14206
15773
17179
30199
35392
39977
42551
18529
16457
19917
18519
16615
18419
16707
16028
7556
8413
11873
5804
6068
3486
27840
20002
31750
38254
34399
20679
20169
19726
17912
26219
46005
45007
45120
26760
31271
31904
31192
31495
26875
11079
31594
28615
14088
12905
6009
26592
20210
13852
12694
12031
14356
13446
13423
18533
16241
19902
14970
32062
28741
7389
7574
7114
27744
27363
17481
7811
13893
13186
6421
6539
6953
17447
5163
5294
10111
9442
9960
9236
31554
34034
24629
16739
11086
10195
15792
30628
30921
37388
41491
40097
50775
57969
16077
27021
23261
32529
34965
59064
70291
49042
29356
46887
30089
15682
16004
10439
27618
11109
11759
11115
8405
9017
15011
19059
18245
54381
59271
60064
12348
8463
12316
60646
59385
59760
29957
30758
30147
14938
12524
9561
10007
19149
19191
18724
28448
31474
28253
14258
17868
7224
8844
10274
8912
14969
14509
12206
14486
12372
17368
27301
21777
11931
10966
29184
6166
6459
6331
23145
18331
25582
6951
5353
7819
17902
18268
15854
13797
8130
31640
18604
5263
4778
39290
37436
28010
26819
10890
8532
9760
6366
17058
25663
28845
35413
27474
27405
19245
16253
12868
15508
7322
28959
62518
51396
16927
7743
10679
18536
28855
16567
16309
10032
6858
6673
7407
10132
15465
19014
9691
8675
12681
18023
31281
37076
35649
8156
7737
8616
29536
28390
29450
22018
12710
14015
17430
18512
16644
10806
9918
24788
25633
27500
30131
25859
21565
16200
10045
28200
21324
15643
13243
18304
17373
19303
12498
8345
26083
25481
34885
11602
16620
14830
7635
53119
44662
32590
40379
37231
35378
32992
15551
12578
18384
40889
48373
43747
39841
28957
28287
24980
19016
9617
10786
14753
10867
38607
46182
19311
17822
15080
14592
11948
24340
33902
6460
6104
6344
7030
32924
27161
22728
34778
11759
7067
51845
59518
51111
5701
5523
15517
15591
32119
12796
12117
9269
13387
11599
11975
4475
5267
5224
14690
15597
17137
26724
34071
39436
46741
19769
19002
18811
19368
19073
19815
17266
16865
7988
8417
12145
6268
6191
4850
27598
19235
30552
36330
29634
18594
19473
20466
18007
26890
43692
38491
42618
27061
29682
29189
29828
27093
28382
10871
33454
27849
13131
12798
6155
25227
19605
15816
11538
11577
15186
13382
13003
17142
15119
17707
14583
31504
28640
7429
7301
7234
23418
25061
15853
8132
18364
14740
6404
6332
6882
16981
4870
5028
9760
9054
9633
9276
31255
31259
24285
15535
10719
9649
15946
30311
27187
32665
45123
42512
52964
64467
14401
28729
24682
35392
35164
63314
62273
50538
29427
53681
35895
14797
16844
11850
24308
10856
11923
10365
8358
9015
15236
18602
17597
58336
65552
65463
10722
8547
12851
48942
50838
50237
28040
33162
27445
13710
11044
10809
11541
20331
18479
19169
31248
31432
30569
14881
18702
7347
9012
10925
10037
14996
15109
13162
16100
12650
18196
26277
21049
13910
13568
29757
7082
5956
5476
24013
19118
28652
7390
5705
7596
14789
15067
14213
14146
7741
31136
16279
5705
5469
38607
36583
30568
30183
12179
8996
9217
6460
18203
24837
30973
38416
25447
23685
20140
14109
12206
14743
6874
25649
54653
48044
16566
7391
9988
18062
28949
18449
14071
10220
6940
6766
7458
10261
15134
19052
9586
8822
12621
18943
30273
32185
35746
8209
8012
7972
28081
28888
27962
22290
14693
14524
17984
17692
15814
10490
9714
22703
26666
27570
26724
23031
20424
16836
9994
23429
20631
21100
13347
17925
16262
18344
11871
8242
27987
25625
37006
11211
17064
16617
8141
50363
43947
36577
34008
41030
37199
33882
14484
13809
18683
40708
47969
45923
40401
26493
24542
20810
20750
10452
9382
14708
10761
34917
45005
17302
18664
14419
14074
12136
23619
30005
5507
4998
5361
5418
33064
26880
24153
35166
10515
6358
51588
53469
45378
4792
4867
17028
17715
31909
10368
11397
10068
14525
12573
11978
4470
5178
5193
14622
15551
17936
29989
30305
39594
41790
20032
17714
19928
18142
16631
18007
16424
15971
7779
7973
11676
5921
5840
3345
26732
21771
36934
33748
28798
17659
21418
19926
18782
26396
43268
44421
44663
26342
29977
28840
28153
30125
28697
10379
34003
28098
13455
11810
5845
26464
23904
14733
12632
11268
13713
13345
13337
18326
16071
18272
14759
27364
27490
6533
6448
6567
23909
22350
17776
7653
15504
13232
6506
6270
6859
17573
5059
5355
10159
9410
9575
9422
36223
33605
25488
15788
11127
9904
15837
30787
26553
32714
46045
40375
54765
63550
14623
23620
30425
31587
31634
60471
62195
50803
28809
44180
30904
15696
16241
10206
30718
10561
11303
9837
8635
9528
16172
20371
18083
53335
64249
57558
12191
8064
11799
47775
50506
50341
30661
35576
33080
16208
12864
9779
10523
20065
18635
18924
31113
30680
27810
14038
19739
7752
9484
11201
9650
14375
14783
12231
14758
12714
17681
25066
20397
12425
11505
28993
7531
6474
5355
22675
17203
25062
6764
5271
7393
15890
15993
13943
13639
7984
32093
16127
5117
5807
40192
44246
31294
32232
12796
9445
7619
7249
18561
25190
31688
33959
26278
23418
16554
15166
12687
16431
7726
27349
56263
56809
16558
7085
9854
17654
29108
18457
18210
9958
6793
6615
7328
10107
15367
18878
9586
8660
12761
18618
29727
31803
31778
7048
6781
7819
24446
25725
25685
18779
15338
13360
17549
19047
15742
10509
9603
22725
27484
27623
27170
26990
17913
17452
9603
23814
17621
18448
13578
18021
16362
18314
12293
8551
24029
22571
29563
11616
17359
14832
7602
46847
47609
32693
37359
34513
33212
29904
13920
12712
17471
40465
49375
52788
36793
28038
25662
24592
18278
14465
13002
17540
10975
43303
50972
17887
17722
14352
13931
11889
26881
37976
6583
6497
6636
5080
34532
26490
24464
35038
11663
6727
57035
61404
49372
5342
5639
15315
18794
33239
11764
11722
9259
13395
11760
13261
4794
5617
5865
14910
16146
17448
31165
33414
42104
42619
18251
16058
18335
18394
17374
18873
17439
16798
8009
8346
12169
5937
6179
3538
26890
22818
31727
35359
31372
20660
18078
20233
18859
26538
42816
44774
41716
26805
27231
28756
30388
28011
25923
10270
31278
26959
13213
14206
6729
24235
23547
12903
12280
11384
14360
13333
13499
18031
16174
19090
14664
30045
30259
7532
6653
6754
24561
23899
16475
8305
14853
12438
6953
6469
6995
17565
5268
5440
10334
9688
10174
10719
37654
42172
25228
16059
11627
10047
16004
30856
29535
33927
40462
36560
48270
58878
14957
26863
26220
34550
33493
60086
68438
51981
25735
45557
29682
15158
14422
9971
27993
9997
10387
9253
8359
9446
15387
21748
17862
62821
65840
63976
12007
9008
13196
57001
58833
54367
28537
34111
28474
14463
10799
8977
9849
18169
18679
18756
31671
26389
25124
13967
17751
7145
8683
10541
9121
14906
14428
12001
13596
12144
16530
25202
20827
13901
14119
26197
6107
5514
5484
25417
19849
27483
7223
5187
7788
14987
16017
14427
13708
7928
27884
16723
5294
4587
36459
37255
27832
26214
13661
9006
9093
6377
18229
22952
27192
36661
27457
23572
16936
13843
11254
14338
6734
27249
55468
47675
17886
6902
9662
19949
29401
18443
15553
9992
6840
6670
7348
10381
15138
18226
9382
8477
12599
18095
33411
31177
30458
6921
7615
7855
25395
25963
27135
18751
14490
13666
17171
18025
15855
10576
9609
25090
27326
23985
27290
23353
17745
20461
13277
25736
20724
16796
13420
17879
16400
17522
11743
8587
26304
26602
31336
9812
16534
16100
7830
41096
40418
35558
39487
38305
35238
35164
15561
11907
18292
44867
49836
44427
34387
21971
25276
27077
21797
9621
9881
14182
10629
37384
38441
15723
16544
15149
14733
11931
26875
33440
5379
5060
7178
5267
38543
25670
22467
33797
10422
6059
57576
51649
52152
5892
5681
15409
16041
29938
12574
13370
9969
13271
11540
11789
4368
5103
5147
14586
15623
17011
29158
32390
49010
53155
16878
19132
18572
18155
17030
18713
16556
16193
7860
8371
11915
6008
6270
3647
24472
20317
30777
35675
30719
19647
18845
19171
17982
26382
39502
40386
37847
24365
25760
30535
32055
28391
25873
11657
33396
28763
14624
12859
5611
24928
21591
13526
12342
10883
13970
13358
13746
17868
15731
18261
14557
31413
32929
7382
6502
6241
23555
21936
14924
7851
14501
13569
6412
7056
6826
17720
5189
5338
10202
9487
9983
9581
31249
29772
25435
17332
11283
10225
16295
30190
30585
34267
42032
39624
52537
63553
13926
24095
21849
29936
32389
58934
60970
46832
27494
46999
30459
16022
14295
10071
24931
11360
10947
10361
9327
9821
16638
19356
18558
55489
61443
61577
12450
9999
12932
51926
51177
57669
30707
40997
28476
15962
13090
9409
10410
18375
19183
18710
26465
26625
29385
15747
17378
7312
9119
11073
8931
14800
13701
12013
14160
11861
17172
26258
22952
11140
10574
28354
5991
5822
5388
22523
16484
25823
7870
6132
8191
14789
14953
13401
13517
7909
30748
16684
4884
5604
35451
40790
28572
30713
10905
9388
8379
6139
18806
24712
31285
34039
25000
23091
16733
13543
11352
14646
6558
29014
52834
52009
19584
7509
10598
19037
23796
15433
15958
10118
6900
6889
8320
10340
15511
19128
9623
8754
12676
18240
28792
27887
34463
7671
7732
9192
28671
30324
30775
18623
13999
15640
18913
18834
15881
10449
9596
19988
27099
22603
27143
23376
21749
18249
9979
30899
21720
17288
13559
17903
16754
18405
12093
9103
28384
25115
34364
11681
16467
14793
7557
41777
46248
34567
33978
35167
35671
31018
13154
12149
18259
37886
48701
61230
40228
26960
29755
23694
20803
10913
10013
13626
11008
43707
45297
17887
16802
14119
14154
11844
25499
37824
6922
6417
6937
5105
37200
26270
26356
37550
11810
7282
50603
57896
46076
5744
5698
13712
14909
44156
13583
12121
11182
17892
11633
12109
4546
5242
5188
14560
15697
17265
32140
30999
45674
42326
20309
16527
20355
17853
16513
18164
16766
16172
8026
8224
12073
5682
5842
3664
26723
23102
