3788
4963
3399
2252
2687
2592
2691
2667
5307
4944
4869
2924
3094
3278
3317
3155
3113
1251
3658
3112
1543
1489
847
2758
2342
1896
1828
1550
1812
1804
1918
2536
2414
2608
2225
3275
3838
804
773
756
2798
2635
2199
1115
1862
1811
918
897
984
2462
712
729
1466
1356
1733
1385
3815
3545
2599
2231
1615
1519
2219
3485
3581
3891
5409
4965
6931
8999
1937
2962
2816
3809
3872
9477
9798
7078
3185
6801
3674
1758
1770
1433
2769
1271
1325
1312
1227
1338
2106
2610
2558
7477
10571
9221
1383
1285
1867
7150
7549
7406
3204
3730
3356
1679
1340
1322
1408
2661
2677
2749
3501
3420
3190
1726
2231
1071
1295
1542
1340
2130
1982
1730
2227
1686
2440
3093
2510
1549
1589
3310
770
696
684
2742
2106
3007
880
681
973
2140
2080
1943
1927
1082
3440
1967
605
565
4218
4767
3204
3175
1326
987
1091
925
2421
2953
3537
4144
2972
2937
2136
1722
1735
1977
940
3189
8551
7107
2053
1028
1470
2477
3190
2046
1961
1470
984
960
1073
1476
2162
2672
1320
1287
1855
2632
3921
3983
3689
907
863
1025
3044
3123
3469
2217
1885
1998
2393
2454
2172
1551
1493
2743
3137
3143
3378
2838
2122
2356
1424
2657
2357
2496
2005
2527
2326
2733
1788
1245
2889
3016
3810
1169
1728
2179
1078
7107
5440
3850
4045
4246
4367
3633
1567
1489
2546
5628
6967
6309
4810
3231
3212
2628
2767
1391
1261
1970
1546
5172
6197
2273
2388
2104
1909
1768
2911
4211
681
634
668
709
4287
3165
2698
4227
1281
777
7062
7804
6225
601
612
2092
2242
3468
1368
1397
1326
1941
1677
1619
624
724
719
2102
2204
2449
5436
3755
5062
5921
2122
2185
2614
2695
2512
2570
2362
2309
1153
1209
1750
864
914
485
3054
2372
