31322
31596
32890
20994
19640
22826
20301
29664
47791
45646
56286
28024
31331
29340
30315
33652
32542
11267
31887
28188
13953
12207
5888
25680
23127
13800
12457
10863
14279
14628
14910
18931
16707
20826
16442
28036
29571
7765
7063
7135
28240
29243
19105
8850
16697
14613
6612
6673
7395
26947
5191
5389
10492
9753
10222
10013
35582
31374
27860
15872
11275
10403
16408
27966
28782
37412
47862
37326
59362
66361
14315
31395
24174
38842
32745
64000
74226
50704
30000
51736
34043
15520
12821
10029
25130
11500
11758
9768
8707
9436
15996
20856
19319
56295
70156
67849
10420
9371
13349
53028
53370
52341
27369
31612
30112
13763
11100
9860
10202
21177
19045
20599
32208
31560
26648
15119
18200
7780
9381
11036
9226
15874
15419
12845
15528
12806
18217
30012
20466
11189
11126
27973
6128
5443
5119
26425
19482
28049
7399
5772
7658
15884
19301
14520
13792
8057
28731
18431
6402
4073
35043
43336
33642
30780
11901
10378
7233
6380
17791
28911
28820
41718
26449
26504
18475
12790
13069
18712
8666
28495
58164
50096
16532
7209
10454
18354
30116
16953
16814
11910
8057
7917
12065
13745
21070
19596
9766
11824
12935
19042
33506
35578
32258
9372
7527
9481
28636
30782
26242
22183
12649
17757
20948
18438
15896
10612
9621
26025
26118
25146
32895
27911
21076
17524
10230
29054
19409
17912
20083
18871
18999
19139
12581
8689
28617
26155
34471
11898
17697
16780
8920
49203
44799
33143
45637
39150
37692
36359
16118
12347
18666
41590
55448
47497
41737
29106
28120
28926
18737
9951
10748
16620
11204
39385
57684
17684
18411
15806
14042
11967
26959
38637
6373
6514
5812
5120
32814
28166
26946
34161
10295
6618
59305
53477
47655
5834
4934
16685
17056
31844
13052
13326
9257
14081
11620
11927
4698
5422
5403
15296
15818
17628
26741
30978
37678
41529
18436
17081
18999
18558
17705
18708
17124
17565
8193
8229
12187
5911
6474
3909
26837
21460
