28859
30798
28740
19776
19500
19779
17835
26558
38679
37939
37974
29950
22686
29186
28098
31123
26025
10910
31111
27159
14318
10841
5507
31789
23212
15122
14398
10721
13307
13470
13513
18276
17952
18823
14648
34466
28156
6979
7991
5402
22629
26305
15440
7681
13644
12866
6655
6875
7156
18180
5109
5597
11055
9483
10438
9461
37635
34753
22892
16828
11499
10210
15961
30845
30619
35065
48402
36614
56982
65399
15122
32437
24216
39508
37113
65945
64977
56262
27966
55895
34482
15352
12402
10897
29351
11392
9539
9066
8298
9010
15430
20585
18465
57825
59891
60155
9578
8458
12522
53612
53475
56501
29687
36104
29053
15666
9295
9342
10456
18635
19074
19433
30185
30321
27673
17089
15136
7266
9466
10758
9261
14829
14564
11985
14183
12401
17032
25264
20820
10870
10476
26014
7059
5961
5888
24571
17174
27386
7266
5038
7907
15827
15004
14955
14039
7965
27253
18323
4289
4054
35390
36987
29019
30215
11081
7091
7688
6364
17925
25540
27954
35109
30448
25822
19471
11796
12387
14611
6792
30644
72898
56186
15143
7380
10159
20701
27689
15524
13557
10225
6850
6645
7211
10139
17571
19758
9929
8745
12656
18966
33991
28149
28297
7481
7022
6780
24754
33418
28106
21096
14067
15562
17973
18462
16023
11407
9708
26308
27913
24344
29409
26814
19701
16490
10030
29725
21708
16854
13476
17855
16803
18550
12492
8725
24835
26336
33005
11047
12940
17605
9065
51734
44864
36463
38230
36621
38493
30699
14740
10951
18394
45638
57018
48659
39096
29373
24787
25099
20908
10342
8530
13819
11102
40516
50189
16015
18441
14600
18667
11806
24467
39134
7199
6061
5201
4932
36618
30662
26953
40225
12567
5698
51715
53712
51686
4522
4268
14528
15992
29800
13130
10952
8928
13231
11571
12183
4654
5199
5224
14943
16120
18841
30423
32600
40438
44089
15702
17211
18829
18961
16836
18818
16847
16202
7811
8549
12182
5780
6074
3416
25470
19536
