33547
35259
29167
18263
17699
18816
19821
26925
47596
40580
47680
26712
27506
31437
32824
32087
27835
10974
32068
30506
14210
10613
5852
28477
24878
13097
12450
11134
13265
13457
13729
18865
15980
19462
15323
34778
35859
8347
7974
5533
28158
26809
17194
8151
13859
12482
6616
6301
6888
19282
5122
5306
10505
9492
9894
10411
38361
36486
23474
16277
12195
10307
16410
33467
32694
37524
50676
43801
59405
70315
14181
29927
26666
43454
38437
72764
75225
59660
31677
55799
36216
17186
12199
9980
28931
12427
10205
9697
8543
9071
15835
18966
17977
71693
70980
69268
10419
8486
12206
64605
63345
60079
30926
36679
34435
16107
10038
9640
10036
23066
18787
19238
37102
28722
27837
15421
16129
7554
9020
10571
9023
15041
15226
12024
14392
12184
17323
27286
24373
11317
13869
32189
7122
6567
5657
27758
20240
30732
7626
5727
7746
15490
15637
14556
14075
8053
31506
19965
4395
4058
42381
45666
34017
37573
12800
7072
9610
6522
18822
28199
34006
40553
29850
27235
20075
11901
11677
15708
6558
29930
77441
54389
14121
7371
10437
17537
31233
19609
14048
9987
6457
6518
7205
10609
16879
19615
10045
9473
13579
18609
32179
33498
36897
9170
6728
9138
28000
35232
32321
22628
13671
15346
17313
18551
17051
10647
9690
26170
30243
33751
34578
27944
22468
17774
9990
22442
21907
15836
13222
18765
17424
19221
12229
8720
29792
28783
32651
10375
13351
14925
7437
44175
46831
36083
37368
36005
38959
36808
15593
11450
19932
42298
50189
46279
37010
27101
28543
21112
21184
11170
9425
13506
10864
40614
55444
23516
18628
15400
14218
12769
28394
35369
6937
6547
5011
5094
40456
31215
27162
39610
11931
5586
55013
54378
53844
4921
4321
16115
15072
33807
14342
9999
9041
14425
12290
11852
4495
5067
5218
14474
15877
17327
27848
31901
40899
52998
15265
16367
22455
19407
17872
18579
17162
16418
8334
9122
12358
5874
6194
3487
24773
23917
