37189
35131
30865
18972
22988
19311
20437
27014
47026
40788
40074
26411
26780
26926
27671
26318
28830
10929
32659
24853
11684
11043
6634
29413
21606
13315
12654
10674
13761
13719
14386
18841
16082
20098
15022
28807
35475
7351
6353
5454
28406
26865
17290
7858
15650
12879
6623
6458
7039
18605
5189
5329
10281
9675
10612
10179
38363
36382
20645
17234
11275
10358
19093
28724
33474
35378
43783
44275
57217
68728
14446
28899
21430
32620
35134
65048
67683
53624
30851
49821
36205
12996
12411
10758
27213
11370
9018
10072
8387
9107
16338
19460
19485
56760
63854
60840
9499
8745
12646
53491
53902
52520
26056
32067
30799
16048
9782
9801
10411
18790
21340
20293
30842
27213
27971
14234
15850
7431
8883
11234
9010
15148
14635
12753
14627
12886
17295
29671
20800
11581
11132
30977
6457
6507
4517
32429
19483
27187
8166
6366
8415
15581
15292
13867
13828
8210
31194
17949
4330
4104
38972
41812
29533
32438
12540
7959
8489
7883
19212
28890
32701
39839
25782
23660
17970
12271
12334
14458
7379
25968
60278
61819
14950
7674
9956
18374
29330
16752
14673
10009
6942
6726
7899
10217
15800
20150
9631
9022
13220
19653
33171
35923
34863
9205
5899
7027
29072
30668
33333
20623
13742
14509
18160
19061
17708
10912
9846
25347
28033
26225
34248
28401
19551
16315
10779
25192
19878
16556
13446
17880
16591
19284
12619
8362
28271
28171
34070
11113
13638
15344
7684
45042
43832
31496
34105
35156
38310
30434
15891
11041
19858
42836
58307
53827
37504
26929
26641
22186
29212
9752
8701
15999
10955
46530
54162
15383
19471
16813
14561
14875
25553
40492
7035
4858
5013
6635
42428
29755
26487
40328
10938
5370
53928
53496
47481
4515
5836
20071
14837
32788
14202
11787
11352
13511
11518
12758
4471
5324
5144
14897
15850
17241
26862
35110
47614
42218
15940
16181
18817
19011
17056
18555
17566
16337
7900
8301
12518
5879
6101
3782
28001
23537
