3800
3768
3439
2228
2542
2661
2469
2667
5223
4817
4784
2844
3016
3005
3420
3047
2999
1228
3644
3006
1590
1541
858
2684
2324
1862
1794
1514
1941
1976
1954
2514
2380
2547
2087
3377
3424
829
740
744
2718
2656
2227
1158
1939
1893
962
988
1022
2486
734
758
1538
1328
1464
1423
3821
3628
2759
2270
1513
1530
2176
3235
3204
3748
5619
4655
6746
8630
1920
2815
2685
3773
3687
8715
9574
6691
3094
6135
3604
1680
1699
1455
2763
1353
1404
1388
1358
1430
2106
2624
2473
7686
8744
8708
2015
1166
1617
6811
7510
7073
2953
3595
3277
1591
1244
1237
1309
2488
2557
2620
3378
3175
2986
1624
2114
1024
1289
1453
1272
2015
2025
1627
1988
1937
2366
3038
2426
1547
1495
3021
696
643
601
2600
2148
2863
845
644
843
2061
2165
1953
1919
1209
3297
1842
619
513
4048
4554
3215
3061
1302
916
992
840
2282
2674
3393
4080
3043
2697
2023
1640
1601
1949
883
2957
8035
6819
1848
925
1364
2433
3085
1828
1835
1419
913
891
982
1363
2139
2689
1401
1322
1781
2625
3786
3810
3673
811
849
1004
3023
3072
3164
2165
1755
1832
2448
2448
2310
1514
1393
4426
2949
2909
3330
2778
2199
2114
1385
2701
2082
2189
1823
2406
2303
2544
1618
1110
2909
2838
3691
1121
1844
2032
1071
6143
5547
3697
4009
4288
3949
3481
1430
1409
2501
5233
6620
6054
4542
3010
2979
2555
2577
1378
1227
1974
1553
4802
5998
2089
2321
1962
1922
1680
2731
4151
668
614
884
650
4840
3217
2749
4085
1166
718
6827
7411
5701
599
562
2001
2191
3446
1377
1339
1234
1792
1656
2361
685
857
706
2123
2199
2386
3158
3689
5116
5711
2037
2234
2542
2530
2257
2535
2240
2164
1040
1087
1616
944
799
455
2774
2227
