31130
39246
35695
22241
20955
20285
20470
27167
46567
39494
40114
26311
26670
27363
27917
31773
29739
11163
31224
25826
12543
13298
5919
28212
21241
13314
13060
11249
14585
13834
13846
18463
16167
19415
15269
30183
31295
7314
6376
6920
25022
24109
15482
7884
14953
13039
6587
6573
6986
18514
5173
5329
10378
9589
10721
10374
35150
32506
22649
15781
11289
10856
15920
28883
27567
37248
45470
44352
50296
62453
14658
31400
24783
36174
37886
71839
77406
50959
27416
52429
35968
15822
12224
11151
26444
11861
10695
9086
8558
9189
16051
19751
18886
57572
63460
60550
10517
9885
14100
57093
55155
60857
28690
36185
27789
15122
11839
9220
10690
23037
18895
18968
27540
29510
29812
15098
15402
7390
9416
11242
9197
15159
14657
12132
14627
12571
18103
27483
22678
10942
10616
30034
7314
6322
5973
27377
20089
27373
7481
5438
8317
16314
15503
13950
13836
8157
29226
17780
5588
4206
39339
37442
31653
28075
13909
9234
7714
6479
17622
34711
34001
39879
27297
27280
18416
13594
12961
15582
6925
27114
57586
48492
16794
7342
10092
17935
27635
18923
15268
10342
7102
6938
7621
10104
16494
19366
9921
8716
13352
18294
35127
32220
33069
8216
7848
8905
29027
29415
33004
20983
12463
14139
17295
18293
18132
10751
9684
26106
29881
26083
33262
28569
21142
17009
11253
23601
20802
17192
14592
18653
17508
19528
12627
8782
25680
25901
32210
11266
15452
15051
7721
43457
43181
37189
34141
45827
36956
34098
14297
13492
19423
41209
52615
47113
37539
29912
31746
26575
21177
10112
9020
14076
13247
41309
49026
16387
19088
15166
14783
12346
28664
42944
5274
5355
5412
5184
39153
31081
25891
41713
10626
6744
57802
63858
47859
5617
5481
14877
15118
34233
12313
10879
9270
13307
11630
12515
4498
5201
6110
16522
15796
18236
34125
38002
49260
50039
17519
19096
19981
20726
20474
19255
17759
17202
8618
8487
12663
5985
6147
3552
23442
19837
