41917
38459
35532
22180
20867
18874
20744
29207
49621
47454
49942
30473
31965
32165
34636
32392
31707
12137
37965
32028
14414
10862
6025
29328
24777
15302
13265
13715
14871
15258
14472
18966
15931
19739
16257
34955
37327
8374
8160
7032
28997
27182
16649
9080
15134
13509
7459
6708
7009
17921
5175
7132
10174
10332
10985
9990
40410
40540
22511
16422
11024
10165
16249
33293
31746
37797
51547
42670
58165
68611
13974
29159
27375
37091
37747
71496
76039
60403
33819
56073
36985
20939
16265
12248
28261
11421
12254
9642
13632
15124
17464
21523
18894
62139
71913
62994
10295
9190
12758
65925
56091
53330
31276
36110
32204
13734
11992
9724
10815
19526
19832
20358
28203
28374
28961
16190
14609
7779
10395
12759
8974
15091
14447
11965
14275
12342
19337
30490
25296
10996
10963
26810
7075
6559
6422
23146
19986
30304
8030
6154
9091
21006
15219
13578
14222
8283
33728
19020
4687
4203
40344
44010
33891
38274
13254
7237
10969
9396
23396
28591
29271
40769
29900
31836
23998
15490
12005
18827
6624
30181
67778
59118
13843
6909
10042
18726
37294
20253
13629
10071
6857
6770
7151
10317
15629
19488
9599
8655
12570
19004
37720
39048
37791
10089
9833
9240
36061
37145
36932
25260
14256
17263
17553
19199
17017
11368
10334
28169
30579
29914
33799
28822
22814
17935
10966
27933
22265
18363
14153
19173
17467
19887
13233
9043
31094
31708
39882
12716
13131
15785
8604
52376
50719
38194
43592
42717
40342
38806
16670
11141
19606
50271
61319
48590
39218
27559
27229
29776
24872
9818
8624
13659
11338
45904
54662
16235
18805
14852
13948
12111
29518
42783
7305
6996
5084
5978
41319
27774
32892
40602
12312
8250
61271
56704
56458
6408
4625
15818
15631
35942
14425
10275
9771
14016
11834
12240
4403
5579
5091
14775
16256
17727
33552
38351
49768
53324
16703
17528
20134
18518
17360
18969
17434
17469
8115
8331
12410
6262
6630
4156
29954
24313
