35613
33618
32428
17607
20195
20076
19838
29413
57523
46134
43672
27758
27861
26744
31269
29789
30736
10127
31184
25876
13184
11339
5504
28090
21044
14792
14002
10484
13899
13558
13749
20498
16162
19059
15577
31266
31547
7447
7077
5515
26644
26571
15615
8566
14360
14257
6517
6486
7451
19119
5476
5717
10284
9479
10014
9507
33443
36968
21720
18383
11557
10036
16650
28728
31269
36529
49401
39319
57503
63878
13996
25263
24936
37197
33467
71385
73296
55346
35306
59072
36172
12281
13085
10235
26727
11254
11728
9767
8416
11830
15244
20355
20361
55057
62817
68690
9521
8685
12683
57593
52751
60462
28036
31122
32112
14238
9464
9323
10378
18754
19151
19696
33863
32520
29380
14924
15203
7495
9650
10885
9226
15353
14696
12264
14317
13047
18179
26029
23489
10898
10599
31068
6930
6755
5332
26385
20448
28663
8209
6334
6668
15153
15413
13559
13991
8242
31779
17242
4672
4419
35701
40709
33181
30750
12734
8309
7990
6844
18329
25338
31213
38891
28687
27184
20512
12590
14793
16784
6800
28166
61764
57548
14571
7243
14794
19238
30775
18806
13937
10347
6792
6750
7463
10423
15868
19578
9919
9431
13185
18765
34178
37750
31948
7170
7710
7049
29680
27488
31394
20405
13313
15295
18776
18746
16408
11340
9694
23879
28647
25188
28118
24019
19955
16942
10092
25121
21636
17713
14084
18506
16967
19027
13097
9458
27406
24460
35339
11509
12660
15349
8042
42472
49911
35589
40363
37382
38927
32427
15163
14351
18878
45437
51735
46205
37503
25870
26180
22764
21467
10729
9668
13541
11514
44605
47638
16174
17516
14370
15333
13032
24699
35748
7083
5879
5624
5155
32949
31067
28040
34265
11846
5438
59125
58261
46693
6491
4522
14824
15232
31637
12370
10427
9445
14155
11813
12464
4494
5302
5234
14307
16241
19410
29242
33595
45564
43073
15334
16856
19140
19509
17591
19421
17974
17706
8169
9041
12305
5967
6204
3553
26095
18818
