34124
34931
34645
17369
19457
21398
18562
24536
46099
44684
39849
29046
30728
28558
31361
29007
28751
9939
31442
27173
12220
13236
8182
34858
21360
16729
12866
10702
13704
13506
13819
19256
16738
20554
15735
40685
28840
7293
5722
5690
34203
19780
16515
9031
18000
13713
7387
7717
7421
19763
5283
5398
11838
10331
10383
10048
41525
36548
24912
30394
16633
11108
17135
33002
30219
30401
60025
43871
57290
79295
14665
30021
21420
35379
37522
73743
76518
59782
28146
59972
35434
14902
13278
10330
28923
11130
10593
8952
9454
9142
15522
19616
17921
64681
62246
62762
9514
9507
12462
54402
53859
54615
27267
34860
32412
16606
9375
9242
10064
18589
19364
18995
29604
31092
27311
16051
15047
7929
9364
10565
9400
16439
16659
12148
14237
13303
17225
28227
21654
11213
13740
33131
6635
6208
4589
25830
21286
26116
7346
6120
6621
15091
15846
13943
14017
8004
31287
16371
4596
4404
35521
39752
32386
28090
11856
7849
7407
6269
18644
24374
32704
39473
27001
26610
17021
12353
12369
14820
6652
29319
79411
57443
14282
7243
9936
30488
28478
18217
16506
10254
6901
6725
7797
10286
16224
20514
9837
9232
13068
18855
34900
32403
37014
7202
6476
7136
30597
29190
30446
20835
12723
14737
17928
18740
16810
10889
9668
30318
27846
26208
31191
23641
19866
16235
10816
26636
22213
16711
13800
18254
16781
18963
12427
8632
26665
27637
36568
10277
13519
16091
7909
46919
55226
35158
39594
34715
36074
36103
11967
10875
18890
49137
51308
48965
37474
26189
26263
25402
20592
9708
8658
13600
10990
40682
57761
16694
17937
14525
14233
12371
27471
39451
5587
4893
4982
5142
35918
25866
26432
42973
11350
6086
59464
55008
56196
4533
4325
14636
18735
30756
14061
9850
9462
13433
11586
13547
4512
5188
5236
15149
15982
17205
28665
35982
40353
49740
17297
17046
18621
18768
19231
19201
17411
16357
8037
8337
12057
5803
6323
3554
23974
19650
