33540
31765
32323
18831
18909
19955
19103
24058
46552
44756
40432
25707
33099
27363
32235
30723
27201
9761
33379
26538
13687
13315
5653
25329
22280
12658
12412
11099
14196
13457
15180
18407
16202
18696
16897
31226
28919
7393
7342
6937
26101
24937
15485
7815
13645
12667
6737
6382
6948
17629
5166
6015
10938
9390
9974
9568
33245
30042
22288
15710
11141
10826
15776
31142
30967
37004
47043
36044
54279
72708
15399
26240
28903
35872
38426
69308
63828
50878
26924
52714
33862
17950
12213
10301
30638
11461
11273
9019
8513
9137
16484
19291
18469
59504
62252
66555
9743
8800
12546
50415
52178
59287
32396
34568
33439
15589
9920
9983
10556
19144
21422
19146
32919
30380
29809
17627
18167
9061
8809
10632
9613
15236
14469
14469
14664
12676
18190
30163
23498
11118
10620
30494
7087
6736
5630
25671
20485
29091
8089
6040
8657
15588
17183
13938
14123
7943
28155
16933
5579
5015
35197
41773
30735
34870
12617
9556
7553
6504
21434
28776
37971
42381
27034
26763
19214
12995
12615
14518
6918
28609
57593
52277
16956
7819
10882
20549
25259
16981
14328
10002
7196
6650
7452
10311
15863
19771
10299
8769
13009
19513
32238
36185
37749
8320
7671
7388
30501
32473
30578
20387
13743
14483
18264
19241
16385
10558
10002
25520
26193
28190
35855
29267
19600
18682
10880
24546
19388
16865
13716
18389
17534
19381
13030
8676
25903
28075
36961
11729
14264
16056
7934
44005
42423
37005
38998
36139
35410
30919
14666
12178
18015
44276
55539
56222
41611
29315
25087
27372
21585
10766
8791
15099
11015
46570
50066
15179
18280
16022
14022
12343
24682
34558
7864
5970
5641
5561
43369
28041
26236
35738
10588
7796
53803
55385
54496
6260
4545
15754
15305
31114
12427
13486
9106
14282
11685
11984
4362
5194
5215
15003
15945
18306
32424
37256
38651
41757
17265
18292
18859
18504
16880
18653
16599
17207
7929
8669
12459
5793
6099
3501
26484
19034
