3819
4029
3396
2128
2545
2668
2540
2735
5104
5027
5045
2812
3078
3127
3390
3069
3044
1238
3786
3086
1547
1496
828
2794
2377
1877
1774
1530
1823
1874
1880
2553
2191
2657
2125
3435
3489
867
849
843
2728
2705
2200
1156
1853
1943
916
1100
988
2479
721
769
1483
1388
1467
1425
3958
3657
2791
2223
1546
1392
2281
3247
3287
3834
5461
4677
6715
8676
1875
3002
2593
3705
3758
8985
9874
6889
3152
6489
3618
1834
1696
1418
2881
1194
1242
1338
1141
1220
2158
2673
2459
7292
8700
8743
1265
1221
1791
6845
7452
6922
3071
3645
3301
1678
1377
1334
1413
2537
2719
2681
3245
3199
3004
1607
2050
997
1204
1441
1231
2088
2007
1690
2057
1710
2474
3295
2518
1581
1619
3152
697
654
590
2602
2050
2982
820
650
944
2062
2038
1820
1858
1087
3388
2019
597
561
4202
4786
3388
3377
1355
1035
1083
920
2413
2919
3504
4156
3075
2678
2110
1646
1632
1931
883
3009
7974
6820
1917
972
1303
2589
3112
1952
1801
1322
883
875
977
1350
2105
2655
1415
1284
1789
2577
3735
3874
3775
875
857
980
3001
3060
3168
2190
1856
1876
2371
2579
2287
1522
1361
2706
2892
2945
3333
2792
2170
2162
1492
2689
2101
2287
1799
2576
2301
2620
1855
1267
2834
4111
3890
1283
1712
2037
1122
5772
5504
3771
4100
4254
4004
3640
1681
1640
2606
5528
7005
6187
4774
3033
3025
2631
2634
1388
1257
1842
1566
5051
6166
2076
2466
2014
1940
1756
2873
4226
779
725
747
758
4481
3310
2648
4291
1337
830
7151
7443
6816
588
615
1964
2046
3556
1489
1512
1409
1833
1540
1667
580
672
685
2016
2178
2418
3407
3672
5001
5853
2261
2364
2481
2497
2283
2551
2350
2199
1152
1209
1758
856
883
494
2748
2348
