36288
32013
31494
14324
17548
18278
16985
25873
46330
43682
42597
27975
29884
30049
26906
30168
30593
11276
29668
28787
13334
9647
5686
27206
17306
12375
11481
11887
14002
13751
13363
17468
15661
19078
14109
30801
27691
7781
11525
6412
23349
24933
15134
8327
13117
11945
6139
6333
7061
18098
5130
5334
10574
9360
10198
9823
31501
35082
18691
16103
10409
9979
16566
31121
31075
31245
47288
40608
53728
65581
13010
27392
18051
35759
31352
65203
72425
55631
29742
50026
33992
13165
11305
9485
25466
10848
9724
10376
8500
8485
14520
18041
17585
49935
67356
57228
10146
8502
12646
44701
47101
53344
29043
30368
30956
13209
11363
11192
9785
17766
17265
17301
31487
31061
33406
12903
21103
6881
8286
10047
8740
14174
13857
12097
14568
12333
17565
29492
17565
11352
10428
30938
7210
4743
4346
29406
16287
29116
8053
4514
6258
14617
14476
12875
13575
7630
32137
14509
4226
4062
38678
42781
28550
26082
10685
7411
6998
6173
17017
23351
27251
38638
29866
24548
19131
12098
13690
13870
6561
28454
53919
53349
14165
7221
9364
19440
30232
15811
13606
9832
6862
6647
7262
9546
14431
17781
9145
9210
12347
18304
34535
31013
30532
7203
6003
7537
32448
33216
26079
18913
12288
13802
16997
17960
15760
10428
9769
26425
27855
28815
33614
26387
15029
15848
9363
24967
18706
16864
13522
17823
16383
17098
11896
8584
27205
27742
32132
10654
12331
15016
7110
48071
45495
34023
32720
36819
37070
30210
15004
10627
19002
42157
48957
44298
38015
28866
29008
22021
19590
9488
8447
13556
11705
40543
50981
14577
17096
14217
13914
11861
27042
40869
5066
4865
5094
5126
39733
31351
27490
40557
8208
5191
49898
60355
44610
4439
4019
14952
14370
28253
11563
10083
9267
13886
11347
12135
4513
4856
5157
13797
16190
16908
27893
32109
45686
48880
15583
16492
17908
18965
16657
18320
16786
16327
7857
8264
13645
5765
6121
3673
28925
17322
