35932
38315
32331
20973
18849
19762
19945
28171
45699
46669
55381
28828
29891
32214
31593
32277
27105
11021
30928
28103
12063
10302
5473
33752
20350
13880
12643
10946
14019
13956
13893
18853
16418
19865
17157
31476
28378
7044
6094
5622
22610
22905
16920
8597
14400
12475
6398
8006
7024
17669
5275
5256
10159
9744
9957
9632
32326
36170
19296
16249
11298
10049
15977
28636
31468
36353
47400
40314
57965
62078
13832
29112
24241
35753
36582
70769
71207
49996
30943
47432
35856
15223
12714
10391
24778
11395
10460
8842
8379
11424
15252
19141
18374
54590
67633
60491
10048
8899
12271
49082
53646
54889
28738
34454
32746
13884
9567
9427
11617
18650
19251
19239
30120
31385
27293
16893
16024
7298
8965
10854
9793
15314
15394
12325
15108
12464
22181
25892
24219
11309
10892
32145
6388
6656
4587
28661
18905
33214
7517
5094
6654
15746
15612
13468
13613
8646
29966
16507
4550
4303
34647
37854
30723
27378
11740
8727
8130
6831
19257
28452
29759
36895
28999
25850
20452
12000
13084
16912
7192
26038
59137
51198
14134
7237
10365
18997
31416
17697
15909
9907
14165
6697
7409
9927
15558
19204
9576
10734
13091
18882
31743
37521
32713
7238
7333
7753
28465
26658
27193
20315
12977
14552
18938
18223
15785
10739
9813
27892
25839
28877
32392
25244
21308
16632
10487
24445
18982
17324
13501
18444
19022
18814
12474
8374
25784
27469
33343
11161
12522
15120
8128
42517
46839
32889
35724
37517
33046
37640
14397
12073
21553
45740
50346
49986
37886
26871
30228
23501
20289
10495
9438
13989
10914
44890
51823
15366
18176
14782
14205
12083
25670
35332
6339
6021
5251
5402
34834
29670
23088
39072
11606
5953
59542
54250
48749
4408
4014
16343
15250
30423
12778
10591
9183
13368
11490
12290
4516
5214
5416
15034
16449
17871
30145
33282
41372
42868
18664
17579
20599
20771
17587
19087
16829
16404
7946
8865
11899
5919
6029
3482
24425
19122
