3771
3784
3362
2080
2524
2638
2429
2701
5074
4826
5651
2839
3184
3298
3274
3087
3061
1112
3803
2982
1347
1358
716
2857
2337
1688
1713
1421
1803
1790
1845
2543
2178
2599
2000
3263
3588
835
763
764
2650
2643
2113
1071
1952
1715
943
919
998
2539
665
698
1444
1277
1331
1279
3857
3577
2651
2279
1536
1343
2151
3246
3176
5482
5453
4525
6748
8307
1891
2895
2531
3696
3701
8730
9405
6768
3098
6232
3813
1655
1712
1457
2899
1115
1244
1255
1166
1259
2065
2709
2506
7176
8865
8533
1259
1195
1607
6787
7244
6810
3018
3586
3292
1528
1241
1234
1381
2557
2634
2590
3312
3202
2882
1663
2004
1004
1156
1377
1228
2195
2000
1697
2074
1758
2438
3079
2500
1450
1407
3089
685
628
581
2684
2001
2958
748
574
846
2085
2027
1875
1855
1057
3280
1833
552
519
4329
4665
3289
3118
1260
1007
1071
857
2399
2914
3420
4098
3028
2670
1928
1630
1591
1991
877
3019
8007
6803
1921
1000
1392
5167
3273
1954
1844
1374
910
888
980
1364
2143
2883
1319
1196
1692
2544
3657
3895
3587
783
748
869
2960
3130
3049
2221
1720
1874
2301
2691
2308
1527
1364
2615
3009
2858
3278
2815
2229
2245
1346
2796
2170
2397
1814
2520
2289
2566
1871
1278
2911
2904
3786
1205
1836
2211
1106
5861
5215
3785
4052
4268
3992
3460
1652
1623
2628
5273
6789
7535
4584
3093
3040
2598
2604
1391
1244
1839
1563
4847
6537
2243
2425
2000
2034
1595
2930
4166
785
725
746
766
5175
3235
2891
4338
1297
797
7384
7623
6311
619
591
1989
2291
3476
1510
1524
1404
1883
1734
1896
605
714
706
2051
4125
2558
3391
3708
5473
5450
2176
2292
2541
2571
2370
2607
2364
2243
1155
1225
1801
851
875
510
2894
2332
