3860
3938
3525
2067
2540
2648
2578
2747
5208
5050
4986
2899
3090
3182
3345
3136
3213
1188
3824
3075
1375
1361
845
2829
2385
1701
1774
1519
1815
1783
1837
2613
2189
2591
2167
3479
3457
799
743
732
2796
2707
2275
1164
1974
1866
922
898
993
2468
666
690
1436
1267
1348
1394
3994
3666
2835
2382
1621
1490
2253
3329
3263
3896
5492
4625
6856
8541
1916
2914
2654
3768
3866
9037
9830
6823
3190
6444
3620
1611
1811
1499
2803
1188
1211
1315
1174
1277
2264
2646
2492
7306
9282
8638
1369
1240
1652
6751
7671
7053
3114
3661
3355
1628
1412
1403
1494
2545
2663
2560
3313
3172
3036
1822
2249
1023
1194
1579
1348
2084
2004
1782
2120
1693
2437
3042
2540
1515
1462
3123
710
745
604
2924
2141
3123
764
599
891
2014
2067
2034
1968
1174
3292
1977
630
586
4160
4711
3357
3159
1296
1044
1105
943
2383
2876
3347
4224
2993
2666
2103
1639
1776
2022
1004
2926
10936
6948
1936
1009
1389
2511
3185
1944
1933
1482
997
983
1085
1498
2165
2673
1496
1328
1973
2585
3804
3764
3853
882
839
1006
2959
3279
3259
2319
1738
1925
2347
2508
2317
1553
1404
2709
2951
2887
3314
2754
2401
2301
1510
2796
2408
2375
1911
2460
2370
2628
1791
1276
2948
2955
3855
1319
1742
2023
1133
5521
5486
3851
4175
4251
4082
3572
1477
1612
2613
5523
6850
6404
4739
3166
3284
2575
2718
1502
1355
1970
1559
4950
6317
2149
2433
2214
2107
1741
2916
4273
712
659
679
688
4264
3164
2800
4214
1146
730
7402
7754
6261
581
627
2098
2154
3536
1385
1400
1261
1823
1700
1708
617
719
729
2039
2174
2324
3165
3649
5183
5556
2138
2256
2552
2503
2285
2590
2394
2474
1193
1243
1797
866
923
504
2873
2391
