36749
34387
31010
19373
22300
19356
18794
24678
48672
46240
48623
30024
31835
32287
33775
31727
31661
11818
37339
31698
14075
9969
5424
25845
22241
12889
12589
10671
13671
13441
13750
21025
15825
19670
15112
31156
34451
8190
7858
5434
28213
27692
15585
8678
15510
12421
6567
6621
7421
17777
5344
5029
10404
9508
9938
9661
38891
36245
23369
15888
11444
10217
16201
32894
33111
38278
49888
43564
58296
70322
16964
33517
23719
38274
38298
72583
85622
51679
30702
53611
33114
17070
12129
10064
28280
11550
11919
9080
8290
9345
15234
19204
17422
52213
71019
70003
8785
9017
12679
57406
60436
51929
28729
36135
33313
16492
9148
9767
12235
17747
18584
20043
32708
35312
35610
15407
15068
7205
11282
10463
9447
16685
15007
12242
14316
12782
17789
29384
24871
10975
10600
32119
7467
6965
5563
23857
18552
25699
6863
5597
8153
15744
19265
14346
13661
7992
33801
19581
4250
4439
36627
37344
33391
33460
12241
8659
8208
6500
20622
26457
33338
34381
30179
28640
20241
11715
11733
17515
6609
30479
57082
56691
15144
7017
9962
17955
27233
18848
13088
10844
7560
6515
7272
10278
15149
20789
10093
9356
13269
18904
32468
38658
35786
8575
8733
7085
32775
31088
31472
20020
12400
21311
17201
18159
16529
10745
9447
24286
28836
28964
34559
26256
21048
15864
11929
28317
22830
16704
14452
17828
16722
18214
12037
8334
27029
24847
36700
12030
12395
15618
7891
44772
47755
32122
39174
40371
47274
36879
15592
12047
19000
48920
61747
57605
51396
31195
30261
26007
19042
9814
8603
13743
11048
54017
55892
15550
17959
14740
14313
12007
28926
41346
7180
6705
4950
5130
47903
37214
31503
41495
12170
6082
62591
66083
54955
7327
4177
16111
15813
37067
15567
10171
9140
13404
11350
12495
6481
5142
5292
14537
16017
22017
28228
37422
46280
50915
16126
16611
19179
19043
17579
19439
17586
17573
8295
8712
12483
6026
6296
3661
25525
26678
