3825
3885
3430
2031
2522
2711
2768
2684
5371
4850
4914
3041
3143
3087
3332
3132
3114
1117
3686
2982
1367
1406
746
2773
2380
1770
1657
1450
2006
3144
1911
2655
2418
2637
2022
3369
3432
740
789
708
2700
2675
2174
1052
1927
1783
887
860
937
2495
684
720
1377
1318
1436
1293
3859
3653
2810
2228
1512
1431
2166
3205
3244
3864
5353
4569
6642
8425
1855
2830
2623
3794
3769
9539
10012
6875
3119
6386
3612
1637
1627
1333
2858
1276
1382
1250
1218
1294
2211
2701
2606
7352
8974
8697
1347
1254
1658
7114
7399
6897
3072
3663
3333
1544
1304
1295
1313
2582
2716
2599
3274
3311
3083
1631
2139
993
1256
1459
1239
2261
2052
1733
2083
1679
2425
3149
2544
1536
1407
3151
694
644
595
2702
2016
3049
803
625
909
2057
2122
1937
2055
1193
3499
1960
610
575
4475
4876
3368
3146
1253
966
1099
874
2454
2889
3442
4210
3073
2761
2014
1725
1729
2138
907
3037
9363
6902
1943
1006
1291
2453
3106
2005
1804
1386
980
900
1103
1467
2243
2583
1312
1200
1782
2575
3682
3790
3969
828
800
909
3077
3174
3174
2302
1853
2036
2448
2470
2254
1510
1431
2623
3044
3058
3534
2942
2300
2220
1382
2759
2141
2315
1919
2574
2364
2645
1793
1207
3009
3043
3752
1224
1824
2184
1011
5542
5305
3869
4129
4211
3946
3629
1491
1594
2626
5240
6932
6235
4661
3108
3202
2656
2703
1296
1157
1831
1466
5063
6271
2110
2429
2041
1972
1681
2873
4389
708
622
647
658
4069
3114
2764
4352
1191
783
7268
7335
5946
629
558
2051
2203
3538
1417
1449
1361
1825
1722
1721
577
683
692
2027
2201
2340
3325
3792
5330
5624
2231
2378
2778
2624
2309
2793
2586
2235
1079
1229
1694
821
861
447
2832
2229
