35837
32768
29931
19335
20839
20553
23738
23804
47549
40763
46761
29584
29619
26116
33675
32493
31198
11248
36550
31219
12464
9973
5597
33361
22627
13852
12252
11430
14904
13549
13560
18120
17160
18672
14917
28443
32318
7281
7481
5783
23546
21738
15127
7921
13576
13070
6452
6318
6934
19155
5124
5433
10382
9552
10496
10285
37345
34075
18904
18020
12071
10893
16511
32470
27754
41147
47953
46106
53677
63924
14581
26656
24930
32986
35315
70231
71059
52986
31230
52946
35025
15320
12867
10501
27849
11343
9106
9088
8301
9360
16671
21627
19283
56045
67375
68237
9909
8849
13124
52815
57327
58398
29910
34526
28488
15273
9921
9810
10488
17991
20114
19044
31423
28292
25898
16621
15024
7324
9022
10620
8938
15843
14882
12304
14427
12391
17087
29399
21361
11036
10794
31708
7365
5834
4499
25791
17764
28385
6860
5327
6895
17699
16703
13958
14108
8099
32602
16410
4490
4450
34725
41575
33488
30490
13223
7676
7998
7168
19628
29005
33409
40246
33361
26593
19321
13630
14203
14772
6711
27410
64687
49468
14664
7120
10340
18986
33044
19156
15859
13494
9749
6660
7835
10322
16341
19307
9708
9209
14709
22057
34911
34256
35612
7703
6405
7319
30617
34288
28342
22270
12720
15672
18602
18714
15903
10707
9616
26957
32398
25863
35376
24057
21299
18000
10924
29124
22326
18230
13686
18269
16667
18380
12655
8653
27828
28459
37490
11655
13472
15361
7418
44879
43333
33942
38524
38399
38223
34758
14827
11757
20974
49920
57796
55275
36342
31592
28288
21458
22528
10994
9246
13931
11012
52052
48006
16629
19252
16398
16416
12015
26686
39468
6126
5183
4937
5116
43423
32154
27976
40354
11984
6219
59802
63761
53477
4628
4850
15564
16776
34240
12741
9976
9129
13506
11609
12003
4366
5066
5288
14418
15565
18185
28107
38082
43616
51795
16191
16443
21287
19172
18284
19295
16803
16518
8091
8339
12033
6137
7085
3787
27867
20045
