4930
3976
3594
2527
3103
3278
3181
3454
5456
5354
6313
3022
3290
3291
3473
3286
3394
1295
4406
4710
1719
3389
925
4499
2501
1820
1705
1561
1841
2033
1921
2615
2268
2747
2177
3513
3780
843
819
811
2841
2716
2149
1126
1923
1825
962
877
973
2554
709
765
1770
1623
1828
1643
4218
3962
2805
2287
1571
1387
2319
4404
4449
6027
7459
5856
9502
9478
1929
3880
2812
4075
3967
8979
10004
6884
3246
6753
4022
1746
1792
1429
2984
1243
1308
1211
1125
1349
2247
2807
2633
7660
9734
9244
1318
1256
1724
7002
7609
7344
3153
3722
3466
1667
1283
1268
1389
2648
2704
2682
4018
3399
3121
1648
2086
1118
1363
3742
1287
2189
2259
1727
2196
1845
2448
3162
2581
1579
1544
3250
697
712
607
2910
2046
3257
840
648
961
2145
2278
1982
1926
1139
3512
1936
589
605
4411
5012
3516
3391
1432
1038
1023
937
2483
2911
3452
4446
3097
2776
1981
1599
1697
2149
910
3171
9228
7143
2108
1060
1328
2597
3249
1975
2024
1384
1058
955
1021
1468
2333
2906
1372
1231
1824
2733
3843
3914
3739
802
834
990
3255
3213
3298
2333
1741
2017
2533
2598
2302
1473
1369
2748
3013
2945
3507
2758
2185
2239
1396
2894
2213
2239
1924
2526
2568
2588
1818
1134
2955
2975
4064
1184
1795
2076
1047
5898
5506
3658
4628
4369
4415
3789
1493
1436
2566
5695
6732
6371
4732
3051
3058
2568
2659
1330
1186
1895
1633
5122
6285
2172
2472
2044
2066
1654
2852
4472
822
775
787
812
4101
3108
2733
4370
1482
912
7324
9127
6355
632
610
1981
2164
4241
1528
1337
1343
1886
1581
1744
605
693
783
2645
2227
2520
3373
3690
5916
5803
2106
2263
2577
2564
2453
2558
2341
2250
1076
1129
1732
829
842
485
2942
2346
