30326
26645
24087
19980
22123
19073
18060
24960
39890
34996
39235
30884
25504
25072
27666
27508
28747
9818
33439
25165
11861
10985
6579
30646
17833
14486
12070
10517
13210
13086
13320
17581
15348
18604
14632
28813
32416
7646
5966
5890
24456
20972
14549
7344
14721
12634
6049
5870
6388
18131
4756
4917
9568
9255
9592
9038
31674
32441
18885
16464
11350
9967
16192
29925
27594
31008
41282
40489
49438
58375
14394
29649
19947
36887
32647
61962
64605
46844
28516
45163
30560
15061
11736
9729
24407
12560
9512
9501
8293
9157
15289
18245
17232
51087
60060
58774
9084
8272
11498
50255
55432
50143
27946
34579
29107
15269
9205
9520
9949
19983
20863
19276
27366
29650
29187
15274
14704
6932
8807
10731
8727
14899
17660
12000
14102
12169
17150
29405
21283
10366
9980
29337
6967
4866
4510
23705
20143
28281
7570
6043
6607
15648
14843
13644
13622
7898
27553
17618
4280
4003
35057
36878
27147
29008
11898
8094
8602
7341
16712
26987
32276
37949
26662
24684
18948
11723
12331
14065
6602
27988
56700
51937
14349
6850
9880
17616
26929
19487
14317
9989
6675
6526
7434
9944
15127
18767
9498
8897
13441
19599
34858
34119
32511
8075
5305
6487
26515
29716
32164
16503
12310
13716
16211
17948
16275
10058
9182
24488
24731
26801
28757
25456
19843
15860
9528
24999
18113
16260
13586
16772
16513
17080
11951
7833
27745
28291
40206
8689
13029
14055
7466
41991
44909
32449
40088
34038
33065
30093
14068
11869
19829
45703
48580
44568
35027
26248
29198
18072
19177
9619
8750
13707
11107
41912
45828
16201
17628
14424
13693
11622
26377
37886
6897
4695
5105
5144
37249
27304
25875
34315
11995
5915
50452
51502
43708
4404
4185
14382
15245
29268
12548
9209
8451
12287
10683
11928
4426
5247
5229
14505
14480
17052
28505
33463
39523
44334
15393
16548
18110
30791
15502
16832
15470
14927
7303
7757
11086
5519
10974
3431
26326
19240
