35625
32126
33067
19872
18846
20698
19275
26899
45175
40252
46197
27096
29260
30273
32483
30661
29947
11080
35438
31253
13165
10581
5664
29171
23053
14166
12913
10765
13666
13416
13662
18429
16371
19182
15911
32558
29231
7600
7256
7679
26781
24800
18363
8205
14302
13093
6718
6476
6973
17709
5081
5254
10408
9758
10055
10009
37273
32878
23578
16184
11281
10974
16337
30391
29352
35351
41679
37097
54110
67078
14136
33156
25577
34180
35871
67822
65622
59209
30144
54959
31202
16020
12479
10389
28329
10570
11477
9269
9489
10253
15545
19934
21331
56225
68021
69102
9948
8681
13980
59669
56330
52045
31317
37614
29673
15843
10156
9774
11004
19295
20406
19021
32167
30976
30235
17682
15020
7357
10130
11247
9281
15398
14449
12286
14857
12419
20565
28310
21801
11017
10686
27149
6980
7420
6092
24966
21353
31857
7386
6260
8744
15741
15785
13806
14273
8487
31201
18960
4927
4710
34646
39116
30236
32928
11356
10651
7501
6453
18750
24928
33054
39163
25677
26457
19393
11911
12354
15565
6886
29758
65508
50325
17399
8233
11946
18813
28923
19001
13969
10049
6984
6905
7358
10151
15568
20228
10077
9061
13147
18945
34808
33787
32399
8016
8407
7553
31107
32691
27520
18964
13874
15422
18125
18270
16020
11158
10199
23965
24636
25312
29485
24116
20833
16508
10801
24524
21490
20101
13436
18722
16849
18491
12355
9615
24783
23617
31938
11415
16496
14832
7744
42894
45342
33273
33499
35691
34459
31537
15828
10592
18956
48646
50572
54131
43513
31178
27810
26304
21183
11157
9113
14567
10957
39345
47144
15703
19862
15517
14556
12203
28816
38124
6510
6626
4984
5179
39647
27713
22509
34735
11491
7666
58596
61603
53816
5769
4353
14587
15140
30231
13096
12785
9475
15686
11847
12085
4397
5472
5554
15475
16401
17822
31500
30964
47221
49157
15334
16629
18748
20042
16666
20738
17284
16362
7912
8455
12108
5986
6840
3683
21671
22188
