3727
3823
3399
2012
2418
4238
2500
2822
5748
4990
4938
2917
3027
3044
3317
3111
2991
1311
3673
2961
1572
1538
872
2730
2284
1772
1600
1439
1854
1820
1778
2510
2179
2636
2040
3375
3412
746
728
696
2721
2594
2091
1113
1933
2263
941
861
943
2486
671
699
1465
1335
1446
1309
3788
4059
2693
2170
1488
1428
2141
3179
3140
3833
5686
4705
6829
8764
1974
2822
2565
6375
3917
9027
9955
7071
3114
6301
3606
1860
1719
1428
2678
1314
1382
1358
1276
1462
2059
2617
2632
7661
8965
8675
1291
1184
1704
7039
11229
7580
3059
3540
3268
1824
1457
1694
1303
2578
2791
2496
3202
3161
2934
1831
2159
1015
1273
1486
1260
1990
2021
1638
1973
1750
2489
3169
2560
1591
1441
3237
697
639
594
2780
2119
3088
792
619
954
2025
2119
1833
1915
1070
3294
1869
617
541
4153
4638
3356
3292
1256
928
1006
840
2340
2833
3393
4080
2972
2855
2088
1749
1613
2009
978
3046
8192
6730
1928
947
1307
2494
3134
1865
1806
1331
895
900
985
1387
2091
2688
1313
1263
1729
2501
5223
3792
3612
785
758
925
3009
3189
3179
2266
1737
1911
2395
2597
2287
1557
1475
2753
3018
2878
3359
2763
2140
2253
1348
2740
2188
2362
1877
2583
2341
2586
1662
1132
2839
2977
3832
1143
1758
2006
1014
5652
5375
3699
4123
4332
4050
3641
1680
1657
2630
5509
6718
6328
4741
3037
2975
2622
2673
1380
1150
1810
1543
4899
6769
2307
2322
2021
1959
1618
2873
4339
699
641
650
674
4000
3117
2677
4255
1311
805
7192
7444
6123
607
654
2010
2071
3567
1491
1502
1386
1830
1645
1667
575
686
674
1965
2178
2401
3260
3670
4969
5617
2053
2209
2543
2542
2301
2536
2397
2248
1087
1142
1686
904
807
466
2841
2273
