39401
37333
31325
22194
19766
20036
19618
24989
43762
47133
42563
27876
31855
33031
29452
26968
29130
11515
33300
31125
12791
12699
6727
27653
22183
14891
12444
10793
13894
14175
13822
18731
16815
20471
16229
28451
33838
7498
8065
7205
27179
26413
16959
8901
14669
13018
6440
6536
6899
17885
5044
5488
10795
9771
10459
9920
32560
34797
27318
19358
11106
11938
16600
29441
28716
33664
49151
43668
52280
64280
14079
28854
25661
32084
37506
69135
67673
58921
30308
48308
35558
17366
12724
10217
27609
11046
10884
10099
9918
10211
15840
19782
21331
63699
71235
71496
9659
8696
12348
59480
54404
61763
34676
36308
34607
17231
10729
10119
10285
19523
20272
20005
29524
34280
30358
17646
16965
7678
9380
11867
8933
15390
15317
12245
14725
12828
18788
28009
23454
11218
10668
29876
7975
5938
5540
24458
17774
25573
8210
5917
8334
18757
16128
13693
14331
8211
29668
16813
5256
4517
35954
41648
29970
30999
13068
9655
7986
6560
20596
25948
29412
36885
27664
27473
19257
12927
13831
16061
7660
28974
62382
55799
14794
7607
10445
18113
28100
20596
14054
10810
7096
6650
7565
10517
15596
22290
10931
9763
13421
18546
35154
37712
35123
8315
7937
7321
26241
30889
29759
22595
12845
14311
18088
18473
17289
10633
10302
27536
25812
29744
30156
25142
19008
16361
10408
25957
19800
17626
13633
19670
16650
19994
12600
8509
30114
26790
32893
12624
15223
15131
7917
45343
42942
33507
39455
37140
36016
32695
13407
12116
18529
51660
59192
54013
45153
30436
30462
24306
21417
11504
10420
14105
11750
42178
54710
15723
19045
14438
15520
12528
25037
37977
6928
6099
6432
5177
36489
27136
23407
43326
12059
6328
54071
58242
53546
5297
4319
14879
17298
37032
13069
10765
10016
14097
12394
12145
4502
5301
5360
14813
15830
18219
27287
36687
47823
46116
16896
17137
19188
19100
17449
18948
17418
17376
8262
8666
12325
6143
6361
3492
27274
21466
