26853
27677
24155
15076
16679
20009
18358
25102
35603
38451
34237
28500
26144
26918
27791
27828
26780
9772
31275
27997
12803
12478
5488
23724
21483
11718
12018
10594
13142
13754
13328
17988
15007
18181
14834
31638
27925
6542
7200
6258
22628
22416
15901
7511
15844
12156
6217
6144
6996
17544
5115
5208
10142
9544
9996
9405
32227
29561
23422
14988
11022
10305
16696
27779
26683
30802
40685
35142
47638
54718
14008
26391
25678
30251
32328
57707
65628
55163
28441
44749
29720
15115
13461
9572
25351
10105
11540
9069
8123
8535
15275
19518
17170
49268
61560
59680
9491
8112
13310
48617
51491
54678
26422
34469
29989
16470
11881
8973
10130
18065
18183
17904
27228
29790
26032
15755
15565
6761
8722
11756
8639
14745
14334
12131
14764
12102
16726
27039
20783
10726
10298
26013
6227
5886
5239
22961
18037
25129
6843
5258
8332
14991
14914
13301
13686
7949
30872
18629
5039
4013
36896
35686
28949
26358
12118
8166
7769
6154
17436
25701
32073
33947
27355
23805
16492
14549
11571
15771
7056
25537
53896
47321
15081
6984
9705
16958
29557
19119
13732
10109
6430
6471
7147
9887
15337
18436
9150
8780
12461
18245
32278
34491
31436
7793
7167
8598
25543
28726
29201
20574
12718
14688
17288
19549
15749
11820
9664
27116
24921
23903
27582
22800
18061
18787
11735
25762
18529
17330
15038
16802
15896
17132
11358
7914
22328
21117
34700
11348
16759
15110
8059
44080
37813
29963
34892
38660
35929
29688
14189
14414
19361
45034
47915
43757
34904
25050
25307
21633
19539
10425
9619
13307
10982
37409
50471
15254
18230
14759
14037
11984
27147
38726
7336
6573
6183
4969
34708
28959
26731
33478
11358
6453
48796
51372
43360
5486
5091
14355
18551
29201
13272
12019
8743
12983
11413
11632
4371
5240
5051
14409
16727
16540
29401
33654
37967
48120
16575
17925
18253
17386
16486
18080
16673
16156
7861
8263
11856
5914
5937
3487
26455
20524
