31215
32894
35726
21151
19414
20472
18575
22885
36867
49384
47821
24143
31431
27691
29185
29895
25585
11185
34575
28982
13315
10651
5531
25891
22761
13192
13247
11104
14886
13749
14140
18467
16337
19518
14998
36218
32975
7559
7137
5385
26965
25670
15331
7832
14472
12832
6438
6284
6996
19589
5169
5291
10175
9288
10082
9835
36028
32383
25625
16211
11038
10080
15848
31825
28468
36078
47498
39499
48101
60445
14490
24059
24957
35858
34286
60955
64274
52188
29220
55806
34788
15496
12337
10614
27180
11473
12152
8935
9224
9649
15181
19160
17980
57424
63996
58665
9400
8627
12174
56923
59809
58654
30673
34026
34909
18614
9437
9114
9471
18213
18987
18893
31264
27514
29381
15205
16202
7200
9149
10883
9380
16046
15784
12984
15658
13228
18672
30534
23456
11151
10908
30550
6275
6547
5206
26940
20160
26905
7289
6253
8261
15814
15703
13301
14015
8410
31319
18145
4220
4074
37078
44522
31446
33783
11871
8071
7964
6805
18054
28092
32568
39658
31383
28042
19241
11829
13093
15553
7580
29877
65170
61358
14607
7661
10438
18971
29460
18497
14253
10224
7242
7081
10425
11376
17898
19589
15458
12026
23370
19271
49708
46471
47722
9249
7254
8443
29867
28217
27591
24309
14776
16529
17853
18593
15867
10504
9535
27275
28636
26809
32079
25155
19908
15881
9351
29322
22320
16187
13399
18352
16363
20108
12391
8670
28863
29009
32270
9885
12190
15588
8179
42767
41159
35502
38018
37214
38639
35353
14780
10971
18903
45449
54695
60155
41921
28453
29638
26017
19387
9893
8678
14032
11117
40605
49168
18414
25309
14610
14919
12038
27929
36178
5816
6376
4966
5137
41928
27911
25529
41239
12282
6073
57750
56566
56096
5020
4424
21596
25930
47957
15032
14237
11535
18423
13752
12548
4498
5553
5266
14991
15925
26556
33014
37458
43173
44721
16228
16228
18590
19879
17138
18431
17089
16391
10471
8338
12190
5900
6478
3755
23731
21148
