27142
33864
28381
18955
20076
20607
17480
24716
39450
34440
43497
29562
26763
25063
29593
25846
26192
10577
30961
30543
13940
13011
5315
25734
22819
13877
12362
10828
13901
13291
13458
18743
16446
17148
13667
31127
29246
7574
7498
7290
27112
24677
14037
7360
15324
11624
6052
5900
6529
17324
5024
5241
10007
9459
10107
9805
32917
30959
23082
15988
11206
10071
16222
29815
28011
32121
41557
35939
47068
55616
12637
24096
22961
30853
34598
65177
67046
49345
28447
45751
30769
16790
12861
9967
28576
10984
11510
8813
8294
8960
15283
19719
18597
59805
57804
56163
11288
8468
11793
54856
58172
49967
26722
30594
28174
15206
11026
8559
10511
19205
18273
17919
29390
25657
29363
14816
16035
6845
8822
11735
8922
13727
13900
11415
13151
11689
16215
25254
22817
10048
9874
26655
7191
6366
5580
26541
18911
27029
7535
5668
8412
15094
15392
14132
13109
7438
30251
17886
5426
4084
37825
41874
32093
30302
11981
9645
8467
6624
19181
23223
29085
33914
27391
26480
16716
14364
12685
15243
6143
26079
55756
47196
17633
7247
11250
18213
30092
18126
13301
9948
6739
6582
6818
9703
15515
19047
9504
8658
12565
16987
33430
32116
32049
7234
6877
8783
29495
31298
30310
20989
12912
14581
16759
17787
14853
9844
9068
25241
26904
28715
33026
23987
20253
15461
10617
24795
20634
17139
13315
17906
16910
18150
11815
8011
26961
27676
30958
10207
17600
16363
8504
45415
44594
30832
35446
33599
33143
32104
14615
14779
19514
41499
47978
44117
36417
25874
24898
22308
18862
11214
11380
16695
10231
42547
50707
19423
17331
14462
13834
11687
28081
36175
6850
6189
6595
5064
34706
30482
26455
38968
11232
7156
50457
59924
45898
5127
5550
13952
14626
33880
12869
11374
9056
13350
10680
11120
4130
4843
4763
13282
14567
16746
26578
31957
42812
47327
17919
15914
19684
17622
16501
18283
16506
16373
7641
8304
11685
5959
5863
3338
23110
21261
