36220
37196
28678
21104
19203
21672
18297
24460
40314
49718
41024
24573
30895
26827
32876
28043
26109
9762
35394
27166
11826
10945
5747
28597
22743
14881
12729
13010
14141
13675
14008
19065
16871
19459
14743
31281
29563
7115
7546
5467
22836
25815
17564
7854
13755
12788
6508
6872
7247
19100
5159
5396
10760
9543
10181
9760
34658
35340
22050
15816
11277
10066
16839
29083
29032
36685
49358
38912
50546
64469
13989
25837
25705
38378
37504
69357
69905
54902
28498
51696
35708
15792
12501
10059
24654
11255
12455
9078
8520
9700
16625
19431
18352
56057
61686
63648
10170
9238
13050
56767
53290
59985
26952
34176
33803
13752
10207
9455
10259
19071
20110
20508
32089
27298
30369
16568
19115
7487
8888
12362
9006
15128
16792
12276
14098
13002
17493
29300
21306
11121
10756
28836
6873
6210
4576
26663
18151
28185
8259
5547
6873
15970
15667
14035
17003
8062
31189
16589
4240
4019
35032
43807
29326
29293
12627
7817
7519
6973
17816
23887
27359
40651
27115
25623
18579
12180
12046
15276
6627
28733
59595
51153
17253
7313
10394
18655
30083
20091
13464
10306
7026
6632
7604
10534
19422
19649
10288
9002
14726
18716
32275
33575
35890
11734
5750
8191
27732
27545
29501
20946
12770
15231
18276
18312
16086
10655
9570
24247
29614
25689
34075
24406
18871
16079
10071
26845
20381
16595
14464
17637
16495
18827
12921
8518
23764
23987
30735
10806
13215
15933
8087
49517
40771
33182
36963
37614
34978
35171
14448
10858
18771
46773
50970
48008
39571
25889
26648
22231
19168
9628
8535
13947
12281
40089
51124
15546
18254
15920
14560
11872
28881
37118
6270
6411
4926
5129
37492
27918
26707
35090
12205
5877
57993
57003
52376
5612
5021
17162
14862
34067
11627
10011
9281
13978
11431
11872
4462
5184
5169
14682
17352
17102
31560
30941
39813
44766
15153
17706
19358
18355
17598
18801
17523
16449
7998
8711
12276
6190
6348
3648
27454
22621
