32602
35436
32605
20030
18789
19715
18036
23508
49682
42143
40529
27729
31522
28343
36350
29421
29329
11415
32434
27630
12016
11566
5639
26050
21629
13446
13156
11719
13766
13388
13843
19256
16917
19080
15103
28196
33240
6893
7968
5474
26823
28781
16413
8512
14897
14156
7048
8908
7809
19409
5189
5770
10367
9605
10389
9771
37967
34259
27432
17462
11324
10206
16421
31689
27505
37561
53610
37004
51256
66411
15724
28543
25447
38297
38174
72667
72388
53617
29504
57699
33425
16858
12974
11336
26621
12679
13265
9522
9238
9759
15971
18869
17795
53545
79269
63419
9467
9836
14411
56747
60203
60453
29523
36268
33091
16173
11210
14334
12039
19947
19463
19055
32050
31609
30882
15912
16075
7546
9192
11361
9764
16017
14628
12365
14994
15206
20771
26877
22225
12087
11321
28366
6930
6571
5358
27019
17650
32204
8238
6440
7401
17385
15801
14003
13888
8145
33222
18583
5080
4095
36853
42344
34277
30560
12307
9481
8158
7011
22566
27092
34499
41843
29545
26214
19605
12387
12506
14954
6793
28922
65944
53163
16832
8431
11825
18187
30319
18907
13863
10241
6883
7106
8740
10621
17212
25541
11477
9157
14532
19119
36814
34760
32859
8924
7898
6749
30876
33142
32903
20842
13057
16300
17894
18673
16787
11076
9850
27418
31316
30744
34855
25355
23039
15565
10996
26364
21409
16686
13370
17896
17759
18444
12186
8611
28998
28967
35418
12115
12776
15814
8098
53680
49603
32795
36734
39080
39454
32782
14280
11139
19085
51655
56788
53642
38735
30090
30626
22572
20766
10960
9596
13729
10860
40926
47885
18465
23054
16113
15135
13553
28841
42990
7299
6428
5317
5047
43485
31007
27240
42039
11725
5646
55074
58935
51984
6040
4213
16052
16707
33137
11931
10345
9093
13351
11850
13472
4612
5213
5230
14655
17093
17849
27823
31670
42556
51355
17897
17847
20535
18473
17024
18976
17440
19961
10204
9522
12250
6016
6206
3582
28260
23096
