34139
35287
32318
14633
17217
19444
18272
23613
33576
43006
37103
25947
30054
29013
32972
30476
31048
9834
29962
27052
12012
9413
5282
23802
24372
12923
11426
10510
13633
12785
12777
17679
15385
18014
14130
36589
28249
7288
7804
8847
24598
26407
15260
7688
14064
12312
6336
6231
7328
18013
4917
5087
10011
8970
9784
9779
30464
35264
18885
14671
10299
9505
16319
27284
26089
32108
39400
50235
47144
62880
13270
27108
21562
30755
34613
58504
52119
54012
28564
45349
31486
15698
11777
9549
27736
12041
9554
8727
8437
8856
15594
18037
16978
48625
56685
56062
8958
8410
11679
55428
50323
46648
29453
35036
32708
14230
8747
9323
10540
17679
19180
19670
31305
28600
29368
15650
14651
7692
8530
9958
8696
14484
14364
11539
14526
12014
16742
25027
22058
16446
10332
27184
6992
6387
4613
29755
17705
24436
7771
5932
6278
14755
14067
12839
13175
8054
29402
16136
4236
4051
33461
42391
27379
30873
14177
6646
7047
6177
16575
22316
32188
32269
30112
28204
16363
11652
12515
14111
6571
25599
65134
48458
14749
6937
10006
18571
29032
15021
12515
9333
6429
6594
6948
9495
14254
18610
9219
8417
12951
17162
34872
31637
31293
8231
6088
6769
28128
29500
29254
15492
11866
14210
17044
17725
15372
10334
9549
25541
27470
28981
31942
23556
20010
15859
10628
27159
17572
16948
13685
17683
15981
18013
12277
8134
27071
28984
33796
11036
12116
18390
7004
49349
42116
35471
38313
37485
36542
33196
12444
11467
18419
44413
47426
45906
45076
29894
30451
18676
19597
9367
7970
13624
10717
45914
53217
16344
17083
14111
14220
11360
22288
33225
6743
4780
4602
5036
39089
26772
24075
33788
11172
5097
50631
58462
49834
4597
4199
13835
15592
31954
11891
11312
9063
13442
11544
11073
4389
5285
5166
14316
14698
15784
26348
31761
43956
47098
14877
16104
16933
16794
15693
17919
16110
15167
7538
7984
11936
6175
6393
3349
27010
22303
