26412
29791
25871
16168
18940
19424
18325
23696
34081
41727
36413
23423
25517
23296
31796
26797
26522
9672
28550
24096
11888
10425
5910
23047
21775
12595
12215
10260
12765
12695
12433
16900
15323
17930
14067
28009
28869
8025
5551
5335
22352
24980
15461
7932
14133
11631
6054
5902
6546
16353
4741
4920
10270
8943
9479
9126
35846
32380
17886
16182
11388
10017
16598
29287
26391
31284
40651
35227
48137
56526
14603
24974
24204
33957
34318
67006
68602
49033
28490
46255
31785
15633
12282
10912
23566
11388
8723
8703
7680
8464
15109
19090
16895
51034
58259
61747
10806
8438
13381
46886
49981
46589
29404
34465
30306
14313
9200
9203
9638
18416
17668
18118
29905
26712
25664
14344
15042
7809
8859
10518
8569
14638
15157
12182
14553
12349
17405
26378
20466
11007
9761
26511
6309
5751
5355
25416
18352
24440
6844
5816
6368
15016
14977
13015
12644
7544
27430
18102
4019
4006
33497
35714
27044
27716
11063
7585
8842
7547
15758
26210
29174
36226
25271
24195
20115
11467
11507
13439
6538
27900
54377
46851
14075
7111
9593
17969
29822
17600
12865
9177
6270
6160
7586
10125
14999
18848
9200
8359
11966
18036
35229
34321
36175
6927
6187
7208
25438
28296
30469
18645
12617
13223
16171
18546
15822
10702
9004
24786
25019
24540
28628
23254
18397
15561
9937
22865
19001
16263
12614
19207
17739
19293
11691
8030
25622
25563
38892
8666
14524
17929
8638
41373
42164
30307
32339
33608
32589
29184
14626
11174
22801
43187
46662
44197
35134
28722
26291
24014
21082
9998
8070
12648
10013
36793
43954
14189
17402
14182
13022
11220
24105
36144
7088
4993
5109
5260
33916
26115
23994
34262
10329
5912
56322
56451
43658
4756
4679
15157
14023
29566
13030
9477
8512
13079
10611
11006
4102
4799
4859
13592
15190
17261
26815
30307
37670
56691
15963
15387
16781
16591
16797
24273
16576
15937
7962
8429
12421
5828
6107
3565
25792
18203
