3798
3732
3371
2170
2485
2618
2482
2646
5252
4817
5115
3007
2944
3061
3271
2977
2991
1249
3609
2935
1403
1497
834
2693
2403
1821
1699
1615
1857
1892
1875
2448
2303
2533
2208
3362
3412
761
763
695
2614
2616
2222
1201
1925
1699
943
917
1010
2370
683
717
1376
1299
1407
1303
3795
3761
2778
2237
1588
1484
2215
3195
3167
3853
5591
4775
6720
8643
1894
2822
2654
3711
3764
9032
9821
6984
3062
7403
3697
1660
1769
1495
2742
1234
1286
1302
1200
1299
2044
2633
2417
7599
8711
8397
1269
1142
1679
6821
7201
7073
2978
3560
3245
1613
1416
1413
1496
2555
2551
2585
3137
3116
2925
1885
2160
1039
1267
1494
1310
2067
2118
1767
2046
1859
2587
3002
2381
1480
1572
3028
736
683
628
2710
2168
2950
820
844
939
2096
2102
1878
1885
1164
3395
1913
619
594
4182
4681
3224
3060
1348
978
1039
882
2275
2749
3287
4114
2915
2759
2062
1713
1732
2115
975
2926
8145
6906
1894
999
1374
2495
3050
2023
1955
1459
973
957
1077
1513
2180
2685
1479
1368
1732
2597
3780
3733
3733
859
836
976
2955
3079
3167
2272
1882
2087
2358
2555
5810
1514
1412
2724
2896
2855
3271
2783
2246
2129
1563
2707
2201
2268
1893
2463
2215
2573
1893
1287
2748
3274
3858
1148
1697
2023
1033
5547
5280
3655
4071
4133
3901
3551
1464
1610
2457
5179
6795
6208
4515
2984
3009
2536
2664
1433
1291
1850
1651
5001
6424
2086
2373
2109
1905
1638
2886
4220
678
644
640
670
4231
3109
2709
4201
1212
832
7236
7621
5852
574
543
1963
2158
3621
1413
1328
1322
1823
1533
1674
657
766
758
1942
2281
2348
3226
3696
5029
5434
2191
2221
2498
2582
2310
2603
2376
2228
1072
1179
1703
856
818
445
2750
2458
