4000
5211
3506
2224
2733
2714
2699
2928
5238
5727
5455
2963
3468
3186
3597
3209
3115
1254
3745
3097
1396
1315
783
3029
2495
1831
1876
1567
2135
2038
1900
3221
2257
2694
2244
3472
3519
849
819
831
2832
2892
2223
1095
1932
1752
1015
988
997
2586
726
751
1395
1403
1440
1388
4291
3739
2770
2274
1524
1453
2203
3390
3952
5303
5564
4855
6759
9087
1969
2996
2739
4275
3947
10031
10240
7023
3348
6400
3650
1714
1760
1410
3096
1242
1334
1249
1217
1232
2269
2696
2541
7692
9052
8749
1373
1262
1654
7193
7839
6981
3185
3779
3915
1643
1317
1253
1472
2586
2697
2735
3321
3331
3056
1723
2127
1000
1248
1532
1247
2193
2158
1783
2003
1700
2604
4144
5738
1504
1469
3355
749
708
647
2815
2063
3157
802
621
916
2097
2185
2066
2091
1110
3380
1997
633
568
4381
4784
3390
3419
1335
1048
1017
860
2496
3690
3615
4252
3264
2789
2175
1791
1697
2187
995
3174
8419
7058
2071
990
1534
2628
3206
2013
1977
1448
967
916
1017
1373
2321
2707
1865
1351
1831
2608
3792
3893
4011
848
820
919
3043
3266
3444
2310
1813
2005
2457
2590
2286
1447
1369
2836
2975
3078
3629
2929
2294
2255
1386
2871
2285
2367
1869
2504
2469
2640
1816
1244
2973
3018
3918
1273
2140
2259
1027
5922
5604
3816
4164
4254
4269
7600
1640
1494
2663
5508
7256
6389
4714
3196
3118
2769
2715
1329
1176
2216
1552
5161
6180
2149
2592
2097
2083
1794
2844
4408
710
659
676
691
4554
3219
2933
4361
1251
768
7367
7759
6758
636
609
2112
2158
3667
1300
1376
1292
1816
1597
1693
609
726
789
2117
2652
3057
3530
6212
6725
5777
2232
3659
3143
3962
2934
3553
2903
2349
1183
1193
1793
833
916
479
2996
2692
