35100
31712
29649
17896
18520
20022
19910
23577
42572
36948
36230
30420
29084
23879
28813
27486
30244
11854
35815
27084
13900
10135
5709
30554
23527
15693
13319
11449
15313
13558
15580
19739
16237
19434
14982
31057
29379
7135
6498
5078
23044
23817
16850
8375
14181
12566
6490
6329
7231
18074
5037
5685
10969
9518
9969
9753
34301
33975
21275
17184
11533
9971
15662
29188
29152
32502
49083
40791
55912
60212
14137
24487
22171
34227
33616
64070
64180
48675
31859
50697
33477
16041
12314
9994
28527
10178
12278
9690
9672
9327
17125
20858
19002
56114
61026
69345
9579
9117
14479
53000
62168
57235
27655
30112
28119
14080
10165
10857
12718
18853
19205
20548
31366
30130
29346
17271
16823
7333
8909
11149
9120
15348
15223
12158
16184
12757
17177
30805
23275
10961
10546
27324
7156
5886
5293
25776
17869
26506
6492
5286
8115
16249
17464
23207
14204
8101
28093
18127
4228
4057
37758
44156
33846
32776
12101
7406
7533
6733
18170
27599
35200
33857
24710
27186
19979
11820
12089
14648
6876
29742
63356
50188
14481
7046
10498
17926
31451
19254
13639
10076
6849
7806
7460
9973
15686
19684
9665
9075
12817
19285
37956
32545
30804
8423
7284
7245
26591
27589
27590
21603
14051
20311
17762
19388
16699
10746
10319
26415
28641
24416
30687
24482
22544
17914
10419
26139
20189
17997
13520
18880
16840
18790
12773
8399
25784
24823
32271
11787
13004
16076
7688
42933
44748
35012
43888
38759
36322
30258
12810
10791
19084
46836
51153
51791
38311
31353
28688
23496
19647
9876
8642
14207
10863
46731
48788
15973
17267
15013
14465
12040
26841
38814
6893
5245
5026
5125
39865
24924
19962
39530
9914
5843
49528
51908
39791
5995
5147
14861
16425
29894
11177
11401
9357
13350
11387
13708
4427
5118
5132
14471
15525
17706
28565
33363
42369
46659
16501
16599
19387
18468
17148
19018
17050
18643
8100
8283
12547
5803
6258
3517
28151
19997
