31446
27257
26378
16266
20384
18937
18343
21036
47414
32606
35295
23949
25759
29484
24528
29343
28882
10973
32215
24933
11710
11547
6402
23078
19730
14875
12216
10892
13745
13721
13596
18918
16401
19331
15116
29785
27294
6586
7058
6921
23141
21769
20120
10630
15762
13577
6682
6547
7117
19762
5212
5364
10268
9672
10694
9827
32378
29764
24391
15596
11143
10252
15956
30510
26989
30908
43831
39000
51912
62520
14305
26082
24633
31618
34626
56697
64346
47430
28796
49762
32472
15366
15521
10036
23198
10532
11316
10527
8490
9196
15457
18394
18439
50298
57442
65869
10429
8705
12365
54146
61003
57777
28038
32887
34818
15156
10867
9567
10072
20081
19317
19206
30883
28392
26406
16200
20472
7327
8893
10432
8911
14421
14238
12188
14324
12734
16986
25853
22110
12693
11164
30792
6990
6306
5790
25014
17109
24005
6586
5010
7662
18254
17624
16019
14547
8050
28776
15991
4804
4558
33297
35236
27089
26321
10632
9249
9858
6549
17524
22490
27230
33058
24996
22907
16463
13137
12221
14815
6915
26646
53663
47311
18289
7390
10042
18231
31383
18282
15407
9973
6787
6594
7291
10042
14714
18726
9356
9013
12396
17572
33164
36435
34735
7922
7068
8936
31126
28138
26419
18439
14675
13594
25529
22661
16590
10897
9799
24054
26806
27358
27504
23445
20148
19707
10175
23746
20093
18111
14118
18126
16577
17421
12120
8369
23544
24032
33499
11841
14821
14756
7674
45558
39605
30389
36559
36853
36792
33978
14221
13671
19515
38671
48025
44223
35270
24794
25213
21188
19799
10813
8288
14185
11633
37796
48305
18013
18822
16698
16176
12214
24497
39576
7772
5531
6069
6306
34006
29396
23775
32559
11804
7351
49712
50016
44963
5102
5014
19125
19900
32483
13048
13097
9196
13340
11444
11824
4377
5075
5077
14269
14844
16849
29495
32945
37787
40567
18025
16942
19358
18719
17901
19645
17850
17394
8165
8706
11863
5782
6042
3475
23088
18671
30328
36008
28127
17488
19874
22150
18347
26054
44468
42225
36980
26231
31452
31280
27229
28824
29246
11067
31149
27325
13416
12641
7078
24593
20801
16538
13065
11668
14912
13552
13398
18078
16135
19051
15067
28883
31826
6717
6681
7169
28020
23557
18678
8151
14491
12957
6640
6565
7072
17644
5276
5485
10273
9601
9977
9486
35688
33588
26723
16103
11151
10236
16032
26486
27850
32608
42190
43210
48184
55036
18203
31565
25005
34884
34781
68292
62899
48545
25953
45335
33218
15018
14219
10006
28466
10012
10548
11294
10393
12352
16106
17980
17713
51179
63469
65576
10429
8705
13314
49236
52215
49360
28192
33223
29329
14955
10569
11517
11520
20281
19535
18976
31620
29910
23980
15863
19268
7814
9507
11194
9415
15403
14263
12014
15269
12187
18943
29291
21282
12330
10727
26674
6720
5737
5785
26154
18198
27264
7414
5934
9994
16370
15285
14136
13991
13024
33375
15838
5309
4479
41657
38163
27161
28422
11390
8891
9940
6514
17298
24301
31328
35770
27723
23981
18062
13644
12614
15345
7150
24606
54491
54155
16646
7295
9983
17570
29707
18841
15237
10130
6924
6810
7426
10308
15529
22841
11102
8888
12912
18720
41046
31310
30580
8992
8135
9408
26437
27261
37257
25363
12698
14338
17480
18886
16107
10705
9803
26208
28047
25396
33349
28418
22452
16176
9964
22209
19033
19512
13367
18283
17103
18681
12439
8470
26901
26920
29082
12875
13946
16901
8003
43010
44621
34259
38576
33839
31853
28645
12571
12424
19537
39666
48445
49476
40654
26501
27731
23746
18931
9622
9884
15342
10841
37275
52237
18565
17314
14010
13871
11971
26973
37533
6664
6035
5994
6058
35943
31077
26788
38894
11529
7100
55512
58741
50753
5293
4942
17082
21200
31461
14221
11963
9253
14423
11777
11241
4195
5157
5120
14206
15773
17179
30199
35392
39977
42551
18529
16457
19917
18519
16615
18419
16707
16028
7556
8413
11873
5804
6068
3486
27840
20002
31750
38254
34399
20679
20169
19726
17912
26219
46005
45007
45120
26760
31271
31904
31192
31495
26875
11079
31594
28615
14088
12905
6009
26592
20210
13852
12694
12031
14356
13446
13423
18533
16241
19902
14970
32062
28741
7389
7574
7114
27744
27363
17481
7811
13893
13186
6421
6539
6953
17447
5163
5294
10111
9442
9960
9236
31554
34034
24629
16739
11086
10195
15792
30628
30921
37388
41491
40097
50775
57969
16077
27021
23261
32529
34965
59064
70291
49042
29356
46887
30089
15682
16004
10439
27618
11109
11759
11115
8405
9017
15011
19059
18245
54381
59271
60064
12348
8463
12316
60646
59385
59760
29957
30758
30147
14938
12524
9561
10007
19149
19191
18724
28448
31474
28253
14258
17868
7224
8844
10274
8912
14969
14509
12206
14486
12372
17368
27301
21777
11931
10966
29184
6166
6459
6331
23145
18331
25582
6951
5353
7819
17902
18268
15854
13797
8130
31640
18604
5263
4778
39290
37436
28010
26819
10890
8532
9760
6366
17058
25663
28845
35413
27474
27405
19245
16253
12868
15508
7322
28959
62518
51396
16927
7743
10679
18536
28855
16567
16309
10032
6858
6673
7407
10132
15465
19014
9691
8675
12681
18023
31281
37076
35649
8156
7737
8616
29536
28390
29450
22018
12710
14015
17430
18512
16644
10806
9918
24788
25633
27500
30131
25859
21565
16200
10045
28200
21324
15643
13243
18304
17373
19303
12498
8345
26083
25481
34885
11602
16620
14830
7635
53119
44662
32590
40379
37231
35378
32992
15551
12578
18384
40889
48373
43747
39841
28957
28287
24980
19016
9617
10786
14753
10867
38607
46182
19311
17822
15080
14592
11948
24340
33902
6460
6104
6344
7030
32924
27161
22728
34778
11759
7067
51845
59518
51111
5701
5523
15517
15591
32119
12796
12117
9269
13387
11599
11975
4475
5267
5224
14690
15597
17137
26724
34071
39436
46741
19769
19002
18811
19368
19073
19815
17266
16865
7988
8417
12145
6268
6191
4850
27598
19235
30552
36330
29634
18594
19473
20466
18007
26890
43692
38491
42618
27061
29682
29189
29828
27093
28382
10871
33454
27849
13131
12798
6155
25227
19605
15816
11538
11577
15186
13382
13003
17142
15119
17707
14583
31504
28640
7429
7301
7234
23418
25061
15853
8132
18364
14740
6404
6332
6882
16981
4870
5028
9760
9054
9633
9276
31255
31259
24285
15535
10719
9649
15946
30311
27187
32665
45123
42512
52964
64467
14401
28729
24682
35392
35164
63314
62273
50538
29427
53681
35895
14797
16844
11850
24308
10856
11923
10365
8358
9015
15236
18602
17597
58336
65552
65463
10722
8547
12851
48942
50838
50237
28040
33162
27445
13710
11044
10809
11541
20331
18479
19169
31248
31432
30569
14881
18702
7347
9012
10925
10037
14996
15109
13162
16100
12650
18196
26277
21049
13910
13568
29757
7082
5956
5476
24013
19118
28652
7390
5705
7596
14789
15067
14213
14146
7741
31136
16279
5705
5469
38607
36583
30568
30183
12179
8996
9217
6460
18203
24837
30973
38416
25447
23685
20140
14109
12206
14743
6874
25649
54653
48044
16566
7391
9988
18062
28949
18449
14071
10220
6940
6766
7458
10261
15134
19052
9586
8822
12621
18943
30273
32185
35746
8209
8012
7972
28081
28888
27962
22290
14693
14524
17984
17692
15814
10490
9714
22703
26666
27570
26724
23031
20424
16836
9994
23429
20631
21100
13347
17925
16262
18344
11871
8242
27987
25625
37006
11211
17064
16617
8141
50363
43947
36577
34008
41030
37199
33882
14484
13809
18683
40708
47969
45923
40401
26493
24542
20810
20750
10452
9382
14708
10761
34917
45005
17302
18664
14419
14074
12136
23619
30005
5507
4998
5361
5418
33064
26880
24153
35166
10515
6358
51588
53469
45378
4792
4867
17028
17715
31909
10368
11397
10068
14525
12573
11978
4470
5178
5193
14622
15551
17936
29989
30305
39594
41790
20032
17714
19928
18142
16631
18007
16424
15971
7779
7973
11676
5921
5840
3345
26732
21771
36934
33748
28798
17659
21418
19926
18782
26396
43268
44421
44663
26342
29977
28840
28153
30125
28697
10379
34003
28098
13455
11810
5845
26464
23904
14733
12632
11268
13713
13345
13337
18326
16071
18272
14759
27364
27490
6533
6448
6567
23909
22350
17776
7653
15504
13232
6506
6270
6859
17573
5059
5355
10159
9410
9575
9422
36223
33605
25488
15788
11127
9904
15837
30787
26553
32714
46045
40375
54765
63550
14623
23620
30425
31587
31634
60471
62195
50803
28809
44180
30904
15696
16241
10206
30718
10561
11303
9837
8635
9528
16172
20371
18083
53335
64249
57558
12191
8064
11799
47775
50506
50341
30661
35576
33080
16208
12864
9779
10523
20065
18635
18924
31113
30680
27810
14038
19739
7752
9484
11201
9650
14375
14783
12231
14758
12714
17681
25066
20397
12425
11505
28993
7531
6474
5355
22675
17203
25062
6764
5271
7393
15890
15993
13943
13639
7984
32093
16127
5117
5807
40192
44246
31294
32232
12796
9445
7619
7249
18561
25190
31688
33959
26278
23418
16554
15166
12687
16431
7726
27349
56263
56809
16558
7085
9854
17654
29108
18457
18210
9958
6793
6615
7328
10107
15367
18878
9586
8660
12761
18618
29727
31803
31778
7048
6781
7819
24446
25725
25685
18779
15338
13360
17549
19047
15742
10509
9603
22725
27484
27623
27170
26990
17913
17452
9603
23814
17621
18448
13578
18021
16362
18314
12293
8551
24029
22571
29563
11616
17359
14832
7602
46847
47609
32693
37359
34513
33212
29904
13920
12712
17471
40465
49375
52788
36793
28038
25662
24592
18278
14465
13002
17540
10975
43303
50972
17887
17722
14352
13931
11889
26881
37976
6583
6497
6636
5080
34532
26490
24464
35038
11663
6727
57035
61404
49372
5342
5639
15315
18794
33239
11764
11722
9259
13395
11760
13261
4794
5617
5865
14910
16146
17448
31165
33414
42104
42619
18251
16058
18335
18394
17374
18873
17439
16798
8009
8346
12169
5937
6179
3538
26890
22818
31727
35359
31372
20660
18078
20233
18859
26538
42816
44774
41716
26805
27231
28756
30388
28011
25923
10270
31278
26959
13213
14206
6729
24235
23547
12903
12280
11384
14360
13333
13499
18031
16174
19090
14664
30045
30259
7532
6653
6754
24561
23899
16475
8305
14853
12438
6953
6469
6995
17565
5268
5440
10334
9688
10174
10719
37654
42172
25228
16059
11627
10047
16004
30856
29535
33927
40462
36560
48270
58878
14957
26863
26220
34550
33493
60086
68438
51981
25735
45557
29682
15158
14422
9971
27993
9997
10387
9253
8359
9446
15387
21748
17862
62821
65840
63976
12007
9008
13196
57001
58833
54367
28537
34111
28474
14463
10799
8977
9849
18169
18679
18756
31671
26389
25124
13967
17751
7145
8683
10541
9121
14906
14428
12001
13596
12144
16530
25202
20827
13901
14119
26197
6107
5514
5484
25417
19849
27483
7223
5187
7788
14987
16017
14427
13708
7928
27884
16723
5294
4587
36459
37255
27832
26214
13661
9006
9093
6377
18229
22952
27192
36661
27457
23572
16936
13843
11254
14338
6734
27249
55468
47675
17886
6902
9662
19949
29401
18443
15553
9992
6840
6670
7348
10381
15138
18226
9382
8477
12599
18095
33411
31177
30458
6921
7615
7855
25395
25963
27135
18751
14490
13666
17171
18025
15855
10576
9609
25090
27326
23985
27290
23353
17745
20461
13277
25736
20724
16796
13420
17879
16400
17522
11743
8587
26304
26602
31336
9812
16534
16100
7830
41096
40418
35558
39487
38305
35238
35164
15561
11907
18292
44867
49836
44427
34387
21971
25276
27077
21797
9621
9881
14182
10629
37384
38441
15723
16544
15149
14733
11931
26875
33440
5379
5060
7178
5267
38543
25670
22467
33797
10422
6059
57576
51649
52152
5892
5681
15409
16041
29938
12574
13370
9969
13271
11540
11789
4368
5103
5147
14586
15623
17011
29158
32390
49010
53155
16878
19132
18572
18155
17030
18713
16556
16193
7860
8371
11915
6008
6270
3647
24472
20317
30777
35675
30719
19647
18845
19171
17982
26382
39502
40386
37847
24365
25760
30535
32055
28391
25873
11657
33396
28763
14624
12859
5611
24928
21591
13526
12342
10883
13970
13358
13746
17868
15731
18261
14557
31413
32929
7382
6502
6241
23555
21936
14924
7851
14501
13569
6412
7056
6826
17720
5189
5338
10202
9487
9983
9581
31249
29772
25435
17332
11283
10225
16295
30190
30585
34267
42032
39624
52537
63553
13926
24095
21849
29936
32389
58934
60970
46832
27494
46999
30459
16022
14295
10071
24931
11360
10947
10361
9327
9821
16638
19356
18558
55489
61443
61577
12450
9999
12932
51926
51177
57669
30707
40997
28476
15962
13090
9409
10410
18375
19183
18710
26465
26625
29385
15747
17378
7312
9119
11073
8931
14800
13701
12013
14160
11861
17172
26258
22952
11140
10574
28354
5991
5822
5388
22523
16484
25823
7870
6132
8191
14789
14953
13401
13517
7909
30748
16684
4884
5604
35451
40790
28572
30713
10905
9388
8379
6139
18806
24712
31285
34039
25000
23091
16733
13543
11352
14646
6558
29014
52834
52009
19584
7509
10598
19037
23796
15433
15958
10118
6900
6889
8320
10340
15511
19128
9623
8754
12676
18240
28792
27887
34463
7671
7732
9192
28671
30324
30775
18623
13999
15640
18913
18834
15881
10449
9596
19988
27099
22603
27143
23376
21749
18249
9979
30899
21720
17288
13559
17903
16754
18405
12093
9103
28384
25115
34364
11681
16467
14793
7557
41777
46248
34567
33978
35167
35671
31018
13154
12149
18259
37886
48701
61230
40228
26960
29755
23694
20803
10913
10013
13626
11008
43707
45297
17887
16802
14119
14154
11844
25499
37824
6922
6417
6937
5105
37200
26270
26356
37550
11810
7282
50603
57896
46076
5744
5698
13712
14909
44156
13583
12121
11182
17892
11633
12109
4546
5242
5188
14560
15697
17265
32140
30999
45674
42326
20309
16527
20355
17853
16513
18164
16766
16172
8026
8224
12073
5682
5842
3664
26723
23102
37741
31546
29556
19687
19373
22194
18173
27841
45450
45161
42584
25292
25885
26044
28272
26256
26261
9835
30701
25861
11571
11682
6538
25662
21425
13221
12321
10861
13827
13290
13398
18452
15827
18796
14975
30695
28708
7671
7300
6995
26596
25907
16700
7828
13878
12438
6522
6851
6855
18011
5162
5391
10284
9668
10073
9719
35022
34202
22873
18511
13051
10872
15688
30347
28691
30811
40882
42323
49009
57341
13342
28470
26049
35512
31590
59016
71680
55271
26587
45135
30257
14087
14258
10485
26794
9950
10576
11802
11075
11949
15253
18770
17616
51157
58238
62731
9761
8744
15059
48688
50704
57828
29779
32000
27551
14552
12359
9185
9712
19277
17922
18741
30844
29457
24930
16093
18473
7321
9237
11075
8989
16236
15913
12611
14565
12599
18394
29374
23961
10958
11151
26965
7324
6699
5857
22769
19025
28628
7580
5817
8486
16306
15504
13736
13656
7879
38725
16048
5751
4099
36167
42094
30560
26473
13444
9198
8527
6163
17212
29174
32234
37759
29049
25664
19080
14102
11908
15310
7149
27688
57189
47400
17089
7105
9681
17485
25992
18644
14705
10887
7440
7249
7349
10123
15294
18839
9435
8879
12676
18100
30126
31334
31406
7645
7414
8725
26300
26648
26353
19139
13945
14276
19508
18812
16576
10891
10112
24323
25072
25595
28422
26677
20535
21009
13269
28876
18233
16621
13399
17866
16361
17989
12187
8409
26983
24231
34564
10716
16023
15449
8260
40189
39214
31611
38693
37670
32367
35035
13530
13720
18404
44151
49170
45756
39183
29494
26841
24091
19955
9568
9368
14764
10484
39186
49332
17538
18622
15743
15948
12355
23967
43028
6469
6750
6870
5517
39268
29139
19712
29757
9220
5777
56085
49907
38272
5701
5600
15757
15138
31389
12759
14325
10066
13291
11640
11590
4540
5290
5261
14495
15485
16678
28815
35559
38590
41017
21793
17909
19241
18245
16942
18234
16473
15998
7838
8301
11902
5875
5964
3499
26681
19289
33437
33026
28304
18007
17322
20102
18399
26163
43578
37464
40237
28244
28644
30494
30345
28044
28271
10748
34257
26586
11701
12302
5676
27023
20134
16407
15847
13694
13475
13592
13369
18050
15546
18331
14795
32105
29939
7463
6878
8162
26580
23635
15516
7830
14029
12936
6398
6480
6900
17431
4858
5029
10029
9475
12621
9922
31034
33609
24266
16977
11097
10252
16083
29183
27086
31102
46083
38986
52963
57082
14785
25608
24587
34309
34634
60998
61834
53086
29414
48913
33912
15361
13232
10080
23104
11404
12621
9774
8186
8831
15629
18921
17675
55099
60615
55230
11029
8818
12557
48501
56890
47976
25189
33085
30222
13108
11750
9193
10147
18905
18459
17713
31498
30374
27030
15543
17824
7624
9740
11828
9227
14228
13771
11608
14095
12262
17192
28733
22897
10863
10597
28349
6771
6080
5864
25140
19008
27103
7012
6032
8521
15054
15101
14209
13918
8037
30586
18209
4558
4341
29809
34980
26517
25650
10296
7895
8454
6575
17841
27350
26101
32093
24424
22910
14875
13923
11498
13623
6564
25051
62993
48204
16561
6758
9455
17629
29225
18459
16086
11879
6700
6593
7273
9964
15458
18948
9776
8851
13107
18819
33795
35325
31309
7095
6848
7809
28934
27759
26003
20876
12824
13946
18082
17892
15706
10768
9533
24977
27003
24372
27698
26871
19342
16713
10899
23978
19525
21598
17670
18673
16872
18193
12072
8311
24202
26019
30897
10950
15878
14830
7638
41679
40614
34815
32732
33037
33219
30971
12811
12403
17400
40083
48601
46574
35650
25081
25827
21350
20318
10886
9911
15375
10721
41737
45496
18415
18502
14338
14286
11985
27697
34845
5922
5471
5464
5157
32991
25567
25737
39582
11421
7550
55855
51345
44936
5952
6367
14185
15950
30478
12905
12485
9176
13324
11373
11763
4391
5140
5110
14082
15032
16810
29846
34905
37974
47612
16944
18326
19504
17722
15866
17510
16691
16139
7926
8238
11936
5699
5856
3374
23825
18841
32241
36661
27496
19719
17701
18577
18774
25425
39086
35946
37440
25182
25620
26353
28326
29548
26350
10697
34730
28438
12686
12356
5646
27407
23564
14133
12139
10726
13575
14112
13416
18449
15620
18739
14665
25582
24340
5748
5646
5523
20146
19848
15730
8476
15066
13146
6558
6341
6828
17428
5037
5265
10059
9613
9994
9622
33149
29680
22125
15839
11059
10185
16080
27400
30672
30352
40188
34945
47075
50044
14296
21123
19425
27666
27649
61704
70233
48002
26074
39606
31476
14364
14173
10122
26086
12653
11944
10555
8353
9168
15234
18073
17072
50744
58512
58065
9258
8109
11935
54301
57188
50623
27563
31481
27482
15704
11094
9171
9814
18041
19262
19219
29074
30176
26678
15141
17002
7463
8992
10807
8945
14887
14219
11843
13822
15930
16755
27018
21643
10598
10563
29558
6891
6518
5564
24131
17479
25491
7111
5611
8695
14386
14821
14185
13515
8126
30095
17713
5694
4770
34100
36914
27723
29782
12208
8306
7283
6282
17144
33410
33153
34238
27121
24856
18469
13952
11813
14466
6844
28126
56400
56134
14944
7241
9971
17767
26833
19769
15520
9652
6370
6518
7095
9938
15249
18863
9656
8556
12411
17390
30661
36955
33953
7903
6852
9954
28545
28125
27001
20950
13593
15235
18005
17904
15809
10568
9546
26104
27994
25673
31334
24449
21730
15732
9771
24188
21032
16749
13303
17770
16613
17564
12264
8468
27097
25013
35273
11017
16087
14912
7571
45735
45629
32209
38883
35085
37051
30305
12932
12880
18025
40352
47833
50967
39431
28140
28369
24208
18265
9723
10167
14309
10623
39018
51010
15254
17255
14588
13708
12026
26249
33678
6881
6010
5702
4934
36693
26269
22822
33751
10376
6308
49803
57716
51413
5988
4872
14755
15667
30902
12233
11073
10878
13371
11572
11798
4363
5083
5372
14887
15699
16939
26809
30253
37591
41012
19968
17491
18315
19117
16573
18665
16572
16303
7901
8337
12110
6012
6105
3550
25889
20671
31595
33800
30483
21307
20467
19783
18686
23924
39235
37364
40232
27247
30740
28896
28809
25479
24584
11125
34142
24962
11905
11313
5590
24410
19419
13993
11743
10112
13392
13453
13101
18198
15956
18672
14245
31133
29353
6540
7574
7069
26194
26920
16231
7793
13716
12448
6468
6638
7277
17946
5112
5429
10060
9097
9611
9606
35243
29615
23348
16061
10728
10026
15650
30786
29234
35787
40077
35216
48329
64669
13992
27633
21925
34143
37016
62785
61000
53000
26423
50400
32303
13819
12941
10088
25729
9837
11771
8959
8365
9040
15269
18628
17709
49900
57827
57482
10346
9343
15560
49323
52014
50339
27117
30074
29917
15791
12128
9829
10964
23026
19559
19224
29752
32100
29224
15617
15783
7396
9502
11475
9171
15995
16562
12604
15101
13383
18718
24502
22628
11090
10960
30844
7083
6347
5816
28400
19705
26739
7137
5664
8462
16846
16548
16201
14344
8353
32846
17583
5337
4170
37850
36133
33149
28923
12652
8844
7508
6449
18822
33902
28552
33315
28452
24475
19132
12340
12417
14578
6859
31357
62683
52816
15472
7324
10058
19295
28049
17805
14062
10884
7206
6872
7484
10424
15942
19153
9765
8849
13130
18111
45174
31914
32207
7062
6735
8016
28454
28746
29697
20743
13387
15784
17467
17848
15719
10510
9570
25143
26685
24268
27501
23269
18412
16099
10610
22975
20020
15707
13672
18359
17858
18398
12258
8332
26896
27331
35494
11560
14687
14968
7662
42806
46313
35818
32230
33735
32393
30032
12667
12749
18595
39850
50123
43805
40920
28994
25012
21714
23715
11543
10226
14257
11129
38448
43290
18165
23284
13977
14197
11950
27225
39013
6523
6581
6614
5108
33074
27103
25316
33257
10043
5593
58927
50736
43026
6175
5961
14966
17935
28125
11414
10462
9182
13351
11586
11779
4199
4884
5204
14743
14970
16969
29723
26015
33055
39970
20584
16376
18276
18004
16905
18071
16577
15446
7549
8022
11772
5754
5987
3862
23662
20714
