39992
38255
34634
17994
19820
19181
18293
26611
41778
43909
42673
25109
26790
27871
31112
30468
28102
11600
37739
30788
14813
10169
5626
26790
19706
13092
12312
10937
13900
14128
13580
18108
15874
20146
15493
33484
28708
6685
6813
5574
27429
24299
16423
8032
15265
12888
6578
6500
7008
18421
5174
5448
10575
9540
10480
9856
36833
30677
22977
15896
11353
12220
16978
28964
27757
33065
47681
43962
67790
60348
14108
27970
25041
38055
32009
65835
73150
52830
32108
47868
36714
15439
12555
10327
27230
11396
9579
9730
8803
9124
15821
20362
17862
58314
62496
65619
9422
9832
15627
50507
51928
53948
29977
32679
32843
15947
9928
10583
11572
20032
18964
18994
31027
28192
26703
15188
15590
7984
9372
10645
9433
15428
16915
12304
15798
14974
23390
27766
24497
11304
10650
33908
6940
5025
4519
24943
20767
28799
7802
6354
6886
17606
15133
16165
13761
10286
32788
18296
4906
4700
40542
39557
28420
31087
10985
7155
8297
7700
17525
26868
33681
39174
30551
26308
20703
14059
12131
16630
6995
26289
72198
51449
14931
7633
10382
21333
26773
17640
13727
10279
6931
6638
7329
10127
15679
19411
9756
8860
15414
19922
34552
39137
36053
7051
6369
7456
30141
31535
31959
18046
12911
14426
17891
18365
17148
10767
10752
27398
28487
25642
32241
27728
22670
16407
10514
26642
21390
16630
13469
18209
17508
18590
16813
8847
28497
28459
37800
10520
12682
16521
7748
46680
42106
33625
36450
36719
38189
33159
15322
11112
24150
48548
59278
49580
40498
30783
30790
20312
21235
9739
8857
13635
10949
40911
50304
20137
19858
15451
14739
12374
29126
42823
7109
4923
5188
7435
36300
27615
23967
41554
9641
5544
60016
58437
48500
4511
4671
15467
17857
34251
15986
11616
13099
13447
11654
12879
4619
5467
5235
15265
17755
18095
32719
36497
43232
48173
16088
16962
19559
19582
17102
19137
17922
16404
8150
8511
12626
5977
6139
3640
28671
22719
