37094
37883
35326
15441
17503
20472
17462
25288
43320
41049
42294
25760
28249
28031
30049
27920
28271
12108
36680
35537
14842
11926
6732
29284
22473
12612
12952
11330
14293
14199
14968
20854
15833
18324
15436
27376
36958
8047
6024
6266
24914
28816
15487
8491
15266
13181
6467
6542
6904
17741
5624
5217
10083
10054
9916
10039
33317
33305
21186
18072
12726
11142
18809
31318
32256
41389
50185
45091
67042
60325
14938
30025
25910
34993
36146
59207
74772
59312
32464
48610
31929
16335
12556
11684
27287
11913
9250
8735
8772
8884
15062
18759
16690
55951
63313
69442
9288
9739
12423
51788
54633
51950
30402
31970
30440
14357
9597
9598
9800
18949
19910
19906
32699
28418
28825
17837
15362
7281
8687
10374
9177
14922
14304
12465
14339
12338
17381
30703
20788
11231
10525
30773
7944
5959
4477
24966
18589
26850
7540
5707
7154
15081
15221
14106
13449
8008
32837
18174
4531
4163
35791
38789
33584
32321
13660
7052
7939
6469
17209
28689
34547
40441
31304
28516
20938
12115
12031
13478
6585
26332
58336
50979
14574
7451
10965
17637
30500
20293
13634
9582
6396
6825
7237
10195
14740
19246
9594
8841
12822
17643
32473
34297
33451
8287
6429
7370
29109
29188
32500
20307
12021
14727
17630
17920
16106
10993
9759
25128
26605
24661
34223
23921
22933
16896
10635
27637
22734
16527
13639
18192
16949
18640
12781
8449
26683
31688
38445
11418
13254
15151
7649
50959
42602
36850
39510
44301
40864
33320
15406
11190
20107
49574
50156
52814
39531
31168
30522
18142
18630
9147
9394
13064
10881
45659
51431
15095
17184
14300
14272
11745
27513
41913
7355
4717
5119
5278
39675
30982
29665
41752
10952
5564
57413
61605
54338
4524
4327
15929
16017
43915
15569
9856
15783
13369
17446
12385
4657
6944
7703
15183
16552
16744
31312
31017
54180
47953
16284
17972
18503
17616
17153
18835
16386
16476
8109
8563
12378
6204
6338
3641
29155
20043
