4214
3870
3469
2194
2701
2877
2830
2768
5204
5019
5103
2912
3269
3293
3376
3273
3136
1133
3985
3189
1483
1353
742
2908
2349
1799
1744
1463
1867
2378
1909
2558
2278
2725
2088
3616
4717
1044
1037
736
2851
2730
2184
1063
1908
1722
879
861
1018
2608
704
715
1388
1329
1438
1312
3980
3755
2726
2250
1597
1478
2328
3307
3278
4010
5572
6866
6932
8453
2071
3362
2746
3827
3946
9306
9523
7035
3307
6293
3774
1638
1708
1334
2859
1217
1282
1197
1158
1286
2327
2736
2534
8051
8916
8482
1300
1227
1638
6981
7292
7227
3268
3679
3415
1697
1354
1349
1350
2683
2969
2888
3382
3246
3050
1628
2093
1047
1261
1488
1227
2024
2060
1712
2058
1645
2389
3148
2491
1512
1454
3083
699
705
595
2909
2809
3172
789
654
1416
2274
2251
1980
1850
1159
3272
1999
570
542
4234
4697
3358
3256
1398
1027
1098
901
2551
2879
3449
4234
3054
2801
2186
1598
1744
2071
1005
3239
8255
6996
2105
1028
1327
2502
3079
1965
1813
1365
998
979
981
1416
2239
2705
1333
1289
1797
2635
3843
3800
3805
893
786
994
3308
3089
3326
2300
1777
1970
2463
2725
2199
1557
1403
2729
3068
3021
3416
2763
2274
2203
1423
2865
2310
2415
1822
2864
2338
2618
1670
1162
3013
3382
4102
1264
1852
2184
1058
5700
5243
3810
4235
4384
4087
3628
1618
1461
2642
9844
6953
6115
4928
3167
3100
2612
2653
1378
1159
1906
1474
4986
6522
2382
2493
2055
1976
1793
3032
5247
716
647
673
678
4384
3298
2870
4231
1255
776
7390
7677
6303
645
608
1988
2131
3602
1402
1361
1377
1822
1633
1678
599
731
733
2146
2228
2509
3368
3949
7675
5549
2163
2361
2613
2572
2453
2595
2354
2364
1170
1262
1730
802
866
495
3050
2353
