45324
32720
30708
20330
18606
19646
19283
24552
47410
40270
43696
21143
30255
30971
27796
24229
32825
8696
35650
31936
11912
11994
5695
21048
22685
12944
12466
11859
13873
13498
13435
18377
16362
21311
15342
29595
29429
8042
7430
6671
23685
25251
15689
7787
14284
12423
6516
6302
6976
17944
5162
5962
11767
10671
9989
9718
33230
34863
26787
15947
12263
9974
16056
29495
31829
37096
42304
41871
55497
67619
14959
27477
26712
31962
38135
72271
63513
51349
30741
47699
34477
15278
12557
10985
25703
10100
12582
9530
8524
9205
15584
19991
18888
53047
61006
62983
9906
11428
20121
62271
56613
52349
31027
30880
38991
21581
9769
10126
13090
25234
20511
19992
30870
33445
34858
16011
14987
11630
11785
10748
9220
15055
15171
12360
17567
13319
18570
27686
23944
11056
10866
32202
7924
7196
5440
37326
20057
30190
6670
5785
8260
14877
16892
14213
14121
8012
31475
18697
4789
4091
37256
38704
27980
27169
11398
38203
8016
6457
18740
26713
32832
34478
26104
30928
16974
12853
12366
14415
7068
28440
68513
51825
16257
7037
12091
20069
30077
19035
14496
10013
6881
6688
7415
9937
15820
19175
9781
8832
12863
20157
34746
33340
31778
7228
7996
6961
30333
30688
28915
19463
13797
19197
18595
18578
16104
10811
9825
23092
24914
26971
27816
23419
18589
16282
9927
23642
15821
16980
13573
19411
18389
18697
12384
8383
24918
24524
31847
12668
13023
14934
7650
39023
45976
28944
37225
36189
34997
28633
13022
12591
19350
47424
50005
46010
38153
29802
29772
21959
21449
10799
9254
13876
14593
38539
48152
16764
17817
14655
14811
12369
24282
36856
7035
5683
4953
5145
41334
31109
27881
40061
11546
5524
52472
56050
49442
5658
4940
16867
16982
31202
11182
11550
9619
14016
11787
12049
4545
5293
5326
14609
15979
17366
30478
32408
44970
50303
15525
16164
18321
18128
17057
18745
16779
17049
7922
9500
12072
5903
6044
3493
27075
22285
