38912
31251
34382
17034
22101
19958
18344
27664
45182
38780
42530
27154
29857
31138
32276
28597
28689
10869
35078
28439
13500
9923
5602
23704
22724
13402
12826
11066
13760
14136
15866
19279
17124
18898
15143
31818
29337
8429
6714
5740
23717
23245
15421
8405
13843
13135
6569
6652
7211
18435
5280
5396
10407
10029
10372
9838
32345
35865
20958
16580
11177
10478
15688
29584
27065
31103
44207
41593
50224
67137
14124
28369
23720
34524
29896
69656
64239
55942
27023
44017
30939
15356
13012
10813
32535
11213
9059
9100
8592
9220
15507
19516
18296
60987
68518
68642
9615
8823
12555
52038
53240
51481
26265
33123
32132
16883
9276
9228
9802
18849
19261
21216
29934
27805
25214
17420
15403
7553
8915
10617
9230
15333
14673
12105
14448
12521
18113
25695
23331
11079
10708
24336
5480
5206
5920
27412
17652
30424
7588
5138
6710
16540
16102
13815
14220
8064
25155
14173
4553
5010
37605
39081
29337
29629
11899
7232
7907
7694
29769
26410
35070
36704
30205
23692
18266
12619
12785
17949
7593
26329
77079
62161
18464
7940
17675
19141
30488
18251
13900
16196
12173
6757
7391
10843
18597
28005
11069
9718
13188
18219
41924
53125
31507
7403
7251
8528
32015
29066
32548
28438
13121
14702
17387
18964
16501
10657
9599
23499
26127
32113
35283
24125
39741
16198
10631
26468
30672
21354
21038
26396
16848
19411
12838
8696
23502
25346
36806
12077
12845
16642
7653
42473
41125
34978
42023
38795
38625
33834
14405
10820
23176
45922
52511
47560
39781
29771
25709
22811
22554
9766
8402
13972
11016
46866
51955
15659
18110
15706
17906
12294
27883
35492
6763
5674
5283
5092
40697
26449
25202
36796
12801
6021
53220
57464
53514
4556
4359
15817
15532
32596
12779
10979
9270
13441
11628
12016
4440
5106
5237
14633
15540
17625
31321
32194
44815
48932
16032
16498
18199
23050
19136
20559
16515
17362
7920
8289
12065
6010
6049
3479
27813
19023
