33461
33748
32071
20235
21492
18858
18979
27067
43063
45801
47570
26354
29057
31278
30279
29579
30110
11561
35971
29757
13259
10019
5696
27348
21328
12886
12633
10631
13597
14214
13767
18403
16980
19489
15020
29989
33285
7311
5607
5558
31152
23397
15392
7918
16707
12908
7445
6538
6910
17944
5311
5427
10242
9899
10081
9828
34040
35258
19737
16106
11558
10465
16589
31691
31410
32587
48360
43052
56717
58690
14564
35753
24385
35941
34995
59972
69622
50705
29890
54135
36217
14131
12463
10130
25928
9603
11051
9407
8622
9154
15698
19649
18243
56420
70280
58379
11231
10274
12153
60606
69358
49353
28937
31049
30566
14739
9874
9926
10415
19204
19229
19465
30869
29127
29165
16333
14875
8117
10584
10750
8968
15600
14514
12313
14597
15582
17525
26742
23421
11289
10884
28276
6108
5928
4758
23800
17888
28778
7506
5928
6852
15858
16048
13643
14068
8038
32897
17502
4502
4063
36856
37304
30578
30737
12161
7672
7640
6983
17447
29080
33941
38283
36404
27511
16941
12713
14135
15323
7460
30727
64866
57856
14378
7286
9864
18642
30685
17663
16931
10036
7040
6562
7210
10104
15567
22349
9710
8887
12890
19155
36889
37233
36403
8256
5949
6889
28345
30829
30008
20770
13454
16417
18550
18397
17500
10557
11253
27142
27799
25168
28333
27685
21636
18006
10827
27430
20743
16604
13864
18527
17540
18794
12569
8484
29033
28346
34815
10925
15208
16926
7866
45589
47977
34807
35415
35352
37060
34689
15204
10827
18653
47540
51538
49753
44268
29593
27252
25808
22812
9607
8667
13849
12328
40289
55582
15617
17670
14720
14132
12084
28731
39933
5214
4834
5008
5132
38702
26811
27100
44233
10799
5623
53603
53713
49662
4478
4354
15585
15884
31535
10971
10574
10287
13533
11695
12011
4463
5205
5695
15253
17630
19465
30879
33532
41182
49093
16728
16675
18527
19147
17098
18266
17384
16474
9146
10055
12188
6060
6289
3649
27443
22183
