3098087
2939319
2711318
1628054
1944655
2055422
1909124
2254683
3784302
3716678
3549927
2280345
2426674
2281145
2614053
2283505
2312556
851028
2914145
2260380
985508
1014617
543802
2072599
1799369
1340551
1280374
1055356
1345045
1348639
1439972
2056281
1726414
2136309
1629218
2701898
2893312
557348
543787
544707
2154768
2013616
1728691
809414
1494502
1363148
679499
659759
737271
1998235
517519
529460
1120312
997368
1087313
1028638
3128786
2859559
2192368
1750748
1175346
1062819
1788005
2615715
2544062
3041689
4093563
3517750
4473160
5393760
1504302
2311167
2051210
2921062
3046308
5459399
5863915
4612469
2562878
4286283
2871774
1247902
1327438
1093763
2342437
887301
956265
980901
907012
916130
1533957
2135782
2003758
4891742
5503554
5314426
972786
896698
1167027
4473295
4781018
4563687
2408143
2896621
2693583
1255415
992056
973828
1025532
2032281
2153709
2119079
2720238
2521741
2152535
1199315
1629912
743474
819297
1020814
951841
1517579
1484580
1220116
1467881
1344076
1877427
2286932
1877047
1145310
1176377
2375222
520240
487360
477609
2223507
1604030
2515978
620047
462091
713752
1792460
1665547
1501260
1516884
819639
2753248
1634407
424539
400515
3238229
3515689
2590095
2457563
888733
737843
819613
611713
1824150
2305508
2743088
3224479
2301521
2073476
1568663
1234946
1263335
1561134
683213
2467816
5014704
4565060
1524398
725946
1033732
1971537
2374088
1492134
1366853
1000571
661215
681472
745973
1083078
1663872
2137515
1058023
942422
1420798
2116537
3026289
3106350
2756169
604625
555970
679232
2402842
2517349
2439027
1694007
1197149
1375486
1810113
1970723
1635474
1056375
1015460
2116523
2351397
2333192
2620290
2174019
1674322
1651259
1063550
2202219
1698168
1774361
1440390
2061106
1807824
2031343
1331901
874264
2334633
2435309
2960200
883236
1328094
1560600
751396
3965478
3741228
2978772
3184586
3389224
3109910
2863500
1153180
1144784
2129310
3872060
4292846
3947663
3389915
2406589
2447295
1935265
2078281
934392
836438
1421052
1093441
3568421
4199351
1645643
1938962
1451761
1390082
1204964
2092164
3341113
510512
446678
469188
493018
3198793
2426689
2188473
3213036
922290
551448
4609727
5124484
4051644
433041
376934
1491205
1546288
2779535
1036511
1043427
893760
1420250
1205606
1234141
433367
524512
521079
1660576
1766445
1965200
2636478
2989942
3908860
4124073
1704924
1772600
2005313
2012805
1840012
2062007
1886405
1754226
863792
886198
1334893
616723
639403
351037
2300047
1826647
