2811564
3066961
2543858
1598144
1962113
1963853
1965164
2059578
3514835
3394948
3576846
2175859
2509075
2318508
2491693
2317261
2281206
847730
2952477
2467127
1045973
1018206
548948
2090696
1818402
1340974
1284416
1118637
1440272
1435826
1435885
1991894
1714122
2042875
1609810
2521409
2680846
558860
548989
535858
2225700
2062342
1654171
792023
1479882
1343869
615158
639545
700280
1946750
505505
527055
1069366
986411
1050659
1006129
2846917
2683296
2076453
1695136
1152677
1057704
1716308
2537669
2414358
2797932
3595307
3480787
4209630
5269891
1458321
2273616
2037635
2927893
2924104
5173033
5873028
4276625
2481427
3991926
2658634
1243602
1281136
1032466
2094876
829239
914027
915778
852481
935576
1636612
2066107
1940740
4485064
5059141
5254573
979859
872159
1284728
4337012
4876220
4573547
2285918
2885470
2684680
1207300
952169
941326
1005572
1960098
2054961
2032005
2463195
2378964
2350752
1270563
1589599
702323
901616
1093232
933538
1610206
1470125
1281287
1521590
1245185
1840189
2296626
1909125
1138635
1092859
2545713
513596
480667
434448
2032483
1465611
2234119
564085
433032
646793
1588640
1609675
1452260
1463554
814751
2583092
1464744
412422
386472
3275089
3256243
2446090
2512369
967502
714756
761531
640044
1863578
2230740
2512807
2987179
2281587
2180115
1525366
1242618
1240780
1535150
673742
2376046
4856181
4513288
1449971
717062
1016665
1979252
2546191
1478377
1423445
1028674
679331
657331
742252
1051140
1667086
2084619
1009062
907829
1296517
1998931
2757799
2829036
2894415
597325
574957
645025
2273718
2562827
2374151
1732097
1348285
1615473
2198654
2311129
1993662
1129777
979830
2076252
2378213
2411591
2718628
2237205
1730749
1757386
1131589
2123954
1689437
1780271
1449333
1997622
1823089
2069328
1434659
972927
2543850
2532036
3211064
1003195
1433339
1692406
821834
4331908
4114867
3100930
3318430
3354457
3255442
3016738
1237744
1232859
2127765
4066898
4914636
4559459
3712637
2632686
2594347
2183537
2231322
1095020
960459
1567614
1251263
3922601
4601653
1757347
2078813
1694035
1652999
1355241
2455164
3504967
546554
501998
521019
547642
3404190
2709390
2329689
3564969
1017377
568726
5087755
5254998
4480759
462382
436647
1681972
1776890
3024071
1106302
1119915
1009641
1527989
1298164
1369154
460696
546458
551839
1702085
1839338
1980988
2693073
3103734
3840758
4073445
1686596
1811295
2150228
2069258
1964140
2187744
1934527
1867972
845541
911091
1361509
639473
676346
351227
2447763
1963342
