3193157
3205581
3011952
1787012
2096341
2296333
2129422
2366948
4098993
3915613
3787425
2503731
2681098
2693191
2869360
2711459
2608832
912955
3240299
2523927
1099259
1005499
542953
2439434
2096615
1548113
1485946
1230871
1590446
1621663
1711078
2240352
1855988
2277061
1753194
2683345
2799227
585794
545845
577953
2331132
2117060
1830465
913660
1605100
1463017
703969
698039
689146
2035739
527120
586150
1170051
1092811
1235434
1021442
3100009
2980632
2162440
1719265
1195388
1082107
1797984
2512102
2605399
3049415
4130824
3309316
4802450
5315906
1557930
2414114
2185599
3066715
3031258
6113555
7110407
4841259
2775250
4787576
2949261
1344127
1338734
1116879
2458924
975826
1028115
1026020
1021220
1159674
2033354
2490341
2261214
5554669
6214227
6049269
1134595
973285
1485667
5221434
5528543
5362741
2830891
3271896
3057823
1412300
1107450
1082778
1161611
2321016
2412263
2372787
2949189
2929140
2733827
1465903
1834922
844747
1038848
1281970
1086647
1871112
1764155
1491367
1759368
1450832
2160817
2720569
2222968
1301065
1247280
2833438
588648
545669
501142
2483374
1749017
2638682
647422
501492
767623
1846833
1881804
1665655
1720341
956068
2886750
1658907
461040
431048
3634514
3811988
2928550
2833035
1102162
788985
874216
741362
2091305
2598682
3020565
3638277
2714221
2520526
1774463
1504274
1433761
1773560
794967
2691450
5920322
5301304
1790407
833971
1220196
2229948
2824045
1685603
1614851
1186221
761897
752804
842686
1252290
1885302
2453114
1190732
1036111
1588247
2315696
3366652
3541852
3343167
687597
648350
767863
2803212
2961813
2917463
2028520
1557573
1810230
2206051
2297117
2011685
1311724
1156418
2482009
2681710
2685420
3100235
2607575
1974403
2003058
1190187
2548400
1889020
2069157
1644160
2337985
2114329
2345043
1504800
1031885
2656850
2661590
3407313
1020181
1552128
1809842
917327
4479504
4377181
3401058
3545057
3624482
3530908
3261394
1335608
1333416
2275805
4476178
5247522
4908628
3865936
2568197
2640316
2137104
2285069
1129973
940372
1616459
1203284
4150650
4679967
2053813
2231502
1734513
1672970
1407952
2472160
3454588
558558
519261
532305
570166
3559510
2819184
2428242
3759772
1014250
637834
4930017
4923451
4532945
479192
462609
1655271
1686205
3002886
1128944
1155642
947127
1562209
1339321
1317970
480998
559341
554038
1665993
1867302
2042533
2557196
3047320
3881596
3894414
1789157
1873650
2040301
2153250
1967780
2175983
1992132
1858063
884225
937273
1256621
632911
657443
328815
2371946
1958604
