2638577
2790346
2395030
1390930
1823679
1820689
1734839
1919671
3583935
3411692
3173977
2138261
2158875
2328600
2339562
2287925
2135692
753180
2762806
2276258
969740
884196
473828
1950408
1608611
1174233
1125384
972156
1256114
1251628
1251426
1733017
1497034
1788296
1401406
2478015
2582474
488361
478535
470620
2047188
1913445
1584095
737791
1302508
1186775
571231
565408
616257
1716182
439452
459701
939172
866830
916099
874975
2632652
2660386
1832554
1481375
1014049
922210
1496897
2222647
2452414
2632990
3728014
3217817
4281617
5029298
1285497
2005384
1778514
2715122
2599903
5258530
5082337
4236883
2197269
4077783
2503239
1158541
1193967
967516
1963758
807850
852609
846128
791333
861059
1531182
1933814
1822717
4458192
4746612
5133112
921472
769478
1189153
4078852
4211935
4310796
2162014
2705591
2296052
1123037
882911
869812
933808
1835780
1930358
1908223
2408104
2234849
2270362
1173816
1411725
684783
839150
1016837
864928
1497605
1451002
1130137
1431810
1216282
1728946
2145572
1787142
1058509
966668
2179681
475832
446438
382861
1996991
1499794
2113026
519176
400103
601205
1395651
1487805
1349522
1363734
757427
2297051
1349899
376501
355615
3066703
3045614
2297127
2205117
888476
663526
707775
558902
1731088
1975215
2355080
2952616
2141358
1936859
1417089
1154452
1104063
1432954
629858
2279454
4568654
4240554
1423556
633750
897809
1806746
2324762
1387848
1323952
968478
632269
581467
684902
977029
1538879
1945496
934192
841910
1256403
1866544
2702777
2643296
2772834
551412
531177
631245
2286316
2392389
2206814
1614603
1161009
1388933
1749311
1825413
1616587
1038256
898821
1916461
2188358
2056015
2523472
1951676
1551668
1601890
967348
2009140
1548665
1651576
1318927
1835850
1577804
1865827
1210876
805429
2036507
2267658
2611742
807154
1238414
1469202
714292
3694872
3365846
2786407
2791228
2829744
2935093
2474558
1064575
1055019
1851894
3387141
4019016
4037489
2990731
2135275
2231586
1868862
1931518
919029
816594
1336108
1055613
3235184
4060902
1522876
1765684
1453559
1410326
1188695
2005263
2866682
464829
434707
442750
454526
2941606
2185159
2069594
2837069
835101
502638
4134796
4519667
3715716
393176
376797
1447929
1509268
2440726
933242
962745
830571
1307632
1133473
1171174
397434
469231
470185
1453017
1582165
1735213
2255563
2676406
3192620
3742589
1509432
1606375
1850404
1841927
1673827
1864401
1695932
1641118
748526
793280
1183466
549932
566715
307849
2154669
1652488
