173781
115503
104279
61856
71842
79135
76121
87570
136570
141474
144032
82608
88428
90696
102323
97076
88722
31286
110656
87027
37193
42042
20103
81750
71805
51867
51320
41364
50388
51930
52192
77928
66681
76155
61578
103026
104056
20061
19338
19332
81298
81104
62135
29609
57428
51129
22299
22689
25498
76519
18580
18707
37726
36551
39610
38216
118279
111167
72357
71037
42045
38465
62845
92560
96333
116190
153195
126858
165097
215462
54124
79343
72405
114522
117238
217760
228691
180509
98661
167407
99927
46310
48356
38808
82454
32741
34094
37241
30150
33524
59917
76788
79256
188397
208077
205015
35913
30162
47412
184284
221016
187387
89341
102088
95338
52935
37262
33994
37554
70977
81254
81080
107602
101662
93122
52008
68802
27964
32448
38333
32608
56514
55261
45655
53650
45923
70177
86693
70101
41489
38749
87773
18568
17019
15763
78020
53868
90007
20215
15578
24254
54829
55098
57783
51371
29618
93509
50823
14679
14085
122319
130859
92845
96448
36759
28262
28480
24214
70710
83498
97461
121546
88768
80711
53930
47529
44477
55018
24420
89765
201698
181066
58186
29892
38975
75093
91733
54102
50887
36944
23937
22974
25633
36765
59520
75058
35227
31374
53814
75085
104325
108090
102398
21240
21337
24154
85747
91646
94203
63212
45134
50946
67135
70682
64707
39104
35235
78767
86667
100145
100858
81612
62126
62007
38597
78531
63630
62049
50771
70115
68582
76832
45258
32564
81866
87338
109009
30931
45499
64236
28322
152425
141139
108015
122166
116344
109433
99423
41091
39159
76775
143358
177092
155681
131945
94116
85370
77610
81626
33482
36240
62397
49510
138425
161837
55284
64631
61103
54398
44665
80033
132829
19306
18406
17902
18330
123798
90484
82777
127572
42743
21116
174563
176040
149436
15013
14822
53025
59186
101957
34486
37157
31514
48605
41293
42820
14939
17482
17848
53761
60538
68681
99348
112409
137364
141974
57211
60130
75740
75539
65549
70136
75845
67360
30663
36190
46144
20831
21682
11730
88351
65700
