172718
89382
76072
42505
52541
63946
57092
55278
112682
95300
98771
60598
96652
92703
85913
78402
61972
18937
77541
75188
33247
29317
15988
74269
60715
41388
44581
26639
34355
42110
46330
62507
50962
62046
44246
72300
67260
12837
15439
13223
54079
59706
48417
21675
38783
33510
15422
15172
16576
46006
13326
13176
26452
31897
25454
24069
73822
66799
47722
38852
27258
23939
40875
60227
61659
74523
94788
85927
112756
133613
32060
51079
45956
74697
75280
138503
143610
111884
59146
102984
67411
29012
30170
23336
51492
19290
20337
19820
18274
20547
38446
49265
46619
126260
145707
134663
21963
19115
29367
117014
121407
113699
57355
66345
59712
29985
21802
20793
22790
46985
50784
49073
75060
62930
57961
28023
35488
15926
19226
22936
20022
47166
36124
31701
45460
32528
45805
59549
46701
27109
25042
63916
11906
11520
10467
51831
35576
54680
12708
9631
14753
37466
38563
32963
33298
20161
60325
32662
9313
8557
76338
87752
70065
63974
21577
16245
17406
14546
44702
54786
71930
81440
60245
56037
36030
28213
27880
34361
14853
52709
126863
110233
34569
15893
22879
45211
57908
34396
32425
22965
15894
14926
16788
24019
39153
50273
22313
19794
30335
46025
68242
70696
68298
13848
12529
15243
57144
62903
60999
39417
29062
33561
44052
46213
38989
25085
22303
48878
53744
52723
67012
51092
38033
38686
23297
48877
36596
39456
31949
45984
40815
46512
29192
20272
54768
55544
71922
19153
29432
35395
16810
103075
99668
73863
81270
94409
85597
75668
31160
32593
54050
109471
128731
118907
95389
66841
64450
58093
61712
25184
23334
38803
31330
105292
124129
40374
50616
40121
37697
33660
65912
88553
13724
11636
14627
13499
95190
75840
59577
87868
25847
17891
141654
131520
104648
9802
9417
37238
36639
64831
22461
23262
22164
31433
28143
29184
9742
11428
11591
35667
42259
49712
70355
89928
99087
109832
42433
43979
54242
52788
46833
53902
45061
43655
20269
20166
31431
14165
14440
8067
58155
45934
