3497812
3524447
3165370
1934158
2332696
2406675
2309957
2590316
4411380
4218470
4178830
2663198
2868688
2965011
3045809
2905124
2871312
994164
3374721
2780952
1274000
1153720
623175
2447977
2053306
1509758
1474737
1257479
1654023
1624727
1607758
2268789
1962263
2333198
1789241
2976181
3062399
637719
625117
613034
2447234
2381827
1858068
889690
1658516
1552098
828028
719148
781000
2280675
587813
669221
1293107
1154126
1252689
1194126
3532103
3317583
2417073
2021605
1345498
1264377
2011090
2934454
2999378
3424802
4451853
3851251
5144368
6190810
1681522
2591192
2352153
3455731
3394596
6268825
6547830
5134347
2863261
5034269
3324114
1412191
1560569
1226742
2648057
1015741
1092272
1073347
1006287
1095871
1919118
2457553
2299677
5717898
6599081
6560212
1266297
1036057
1636965
5667400
5632918
5310623
2778857
3331892
2970645
1460649
1088191
1071330
1176923
2277545
2302045
2432621
2882765
2833706
2711139
1538558
1807893
869032
1046439
1220749
1074720
1820208
1803394
1420783
1738303
1468574
2032249
2675379
2111898
1246455
1205345
2820714
602889
559337
501727
2549207
1838252
2709767
643976
505022
746742
1843574
1861128
1654123
1647380
904692
2985314
1626420
466967
451822
3566765
3849846
2912594
2852660
1095503
805188
839852
711534
2057368
2567935
3085808
3455637
2615381
2488421
1742674
1377607
1375889
1694039
748821
2691983
5634157
5037607
1667163
808659
1168133
2103876
2751002
1665641
1603756
1183119
769123
743408
824614
1206267
1836656
2287184
1122195
1025087
1524322
2274997
3225668
3424242
3470813
661013
634341
740590
2573199
2622009
2756045
2044163
1625975
1728864
2169852
2301768
2021857
1358807
1190102
2418642
2588240
2655251
2932604
2535301
1967875
1938252
1180210
2466614
1880054
2039673
1683853
2243380
2072171
2288756
1497759
982297
2555805
2627985
3305274
992662
1506391
1824121
840170
4426729
4343454
3339891
3581511
3630416
3344605
3229825
1347949
1277053
2268739
4161355
4666181
4851552
3898618
2775189
2659289
2327112
2333454
1101450
1002430
1590194
1234507
4016522
4674500
1868684
2162500
1763725
1744305
1427091
2507779
3578661
560755
507489
497506
542160
3494178
2735231
2393570
3590145
983106
588684
5037031
5064955
4727264
503907
452390
1736712
1805819
3160686
1144131
1198871
1064890
1560410
1345813
1434607
488743
571019
573664
1765462
1906481
1992908
2645329
2993911
4114701
4318288
1796673
1875854
2224104
2216632
2094603
2330705
2064417
1984471
958425
964477
1297895
643444
654585
351871
2454297
1986510
