2645502
2885604
2402785
1547634
1757437
1987439
1895480
2086001
3330320
3559753
3215328
2176392
2185002
2194361
2582523
2195712
2182240
803900
2728934
2143823
994808
965806
516167
1959613
1744498
1211438
1185459
1057076
1371487
1369414
1364961
1897700
1650611
1890459
1459188
2400349
2647963
494701
511811
507294
2122457
1957176
1567400
718080
1397538
1277903
584235
600223
663195
1850952
477737
497296
1011109
888623
959608
911334
2739190
2718752
1977006
1533493
1039841
950179
1535613
2297706
2312525
2716705
3516562
3079843
4014485
4770758
1317275
2024897
1957270
2664413
2672760
4929586
5143173
4070513
2228420
3809231
2542208
1114069
1152223
927262
2003959
838091
881533
877921
809587
841662
1502321
1892626
1784312
4371803
4825642
4811288
989384
782656
1157919
4118985
4534072
4193344
2185030
2539103
2348266
1096844
852169
839175
903940
1792279
1894679
1959843
2312049
2442860
2237016
1210444
1523104
709447
808376
1040866
833810
1533456
1394135
1230758
1375861
1246575
1771973
2185082
1834327
1090652
1047234
2401052
460668
427105
403078
2051397
1388493
2127760
502756
382730
571898
1407297
1430557
1286643
1301438
718166
2302956
1289457
357272
336431
3108532
3288771
2463094
2247704
852319
626460
673042
559450
1639456
2135484
2374866
2987313
2151222
1942388
1356041
1086519
1104342
1356405
588294
2094719
4590320
3997351
1327403
669961
885517
1687208
2350635
1321822
1263823
932423
605822
581507
645520
923842
1455845
1846708
898923
848566
1211207
1760555
2572559
2670091
2812912
528447
511699
636710
2284221
2231439
2358777
1557066
1182460
1326429
1646911
1747204
1531111
983699
891414
1896642
2277340
2206129
2379305
2077493
1489097
1523411
915268
1920601
1471488
1662104
1268313
1749552
1688935
1786694
1163104
772144
2043513
2220278
2639825
822079
1193007
1435774
686897
3543511
3364363
2566074
2976049
2856184
2980595
2689317
1021140
1005700
1775957
3410655
4252195
3807975
3295962
2339406
2326980
1794745
1847022
926588
788991
1287863
1016396
3439729
3997874
1447632
1690476
1384626
1342108
1128004
1997203
2874466
446769
411822
419819
434815
3069657
2362861
1938384
3047546
854440
489943
4388296
4585658
3928856
379650
376642
1368697
1431137
2582673
885714
914356
833437
1259035
1073179
1114810
382868
442861
443595
1380276
1489725
1645662
2254247
2804269
3498107
3492990
1451707
1538715
1770401
1754004
1595667
1774626
1605569
1550090
708978
748622
1118277
516340
534846
305110
2117154
1587895
