3169265
3173630
2841989
1693804
2091045
2238909
2097278
2331227
3989218
3872161
3817697
2449558
2647938
2658515
2772833
2613189
2582113
916415
3072237
2572704
1112278
1084394
589908
2324656
1902984
1408484
1377961
1206914
1556414
1516669
1494928
2092927
1808968
2182295
1677690
2740149
2818787
614837
606259
587800
2321244
2143165
1762241
834421
1594398
1467054
686631
658900
711552
1972630
520299
533718
1106643
1051363
1126090
1080493
3161935
2961571
2180346
1815710
1245972
1134166
1851245
2695919
2684173
3193698
4140703
3615416
4685584
5532462
1559083
2415574
2120831
3094175
3206747
5856187
6088506
4823690
2637385
4431113
2954135
1317457
1350658
1070766
2358715
927173
966268
976483
898468
966818
1734803
2259996
2075241
5065079
5676643
5684519
1059140
917709
1378693
4920418
5000519
4932207
2503643
2858175
2856746
1245421
1012494
1014744
1054341
2009915
2148236
2017306
2696222
2534420
2446027
1408773
1686735
801353
971750
1192253
1031504
1720783
1623904
1366683
1687147
1393944
1953596
2483779
1940972
1172493
1118485
2564126
541973
505088
446560
2229097
1643855
2496347
589186
475684
691087
1698696
1699507
1514499
1508558
843474
2660601
1497344
427258
396880
3404460
3662463
2539676
2641257
1041437
751022
817957
697567
1978884
2372767
2749385
3305273
2563358
2229788
1667880
1298873
1297475
1634419
710744
2480342
5378405
4552732
1562139
754135
1058543
1988225
2623107
1547708
1398582
1035946
685513
667780
719591
1046436
1675301
2114612
1013028
916464
1349162
1969680
2891229
2962371
2962810
620756
569032
686457
2431480
2394189
2444633
1791239
1339335
1564525
1901057
2060224
1866442
1203044
1118973
2321047
2517703
2515973
2830315
2363257
1789582
1884355
1189668
2399719
1880257
1872172
1459938
2032644
1891919
2093231
1334621
838392
2328621
2461101
2815037
845412
1269328
1525404
846243
4048083
4071862
3134632
3332996
3359850
3088359
2746372
1128250
1220632
2098374
3961864
4666299
4286018
3330783
2365539
2361489
1958857
2104710
989136
895937
1466654
1172167
3672112
4264793
1626908
1914460
1566956
1541149
1266541
2263442
3292544
537259
473779
495953
515132
3202561
2530519
2163201
3258750
887046
540324
4870796
4842864
4284541
450943
402156
1524623
1595155
2752726
1006719
1019337
921973
1407641
1232722
1268984
435363
491642
517451
1594341
1636473
1790403
2474948
2940870
3791726
3675869
1506529
1601325
1976118
1946665
1879752
2134217
1911607
1942016
885014
943395
1396370
610397
636256
347217
2352999
1891056
