182970
117524
105686
63268
78080
84639
76845
84816
150589
146203
143438
88952
94952
96793
105659
98596
95556
32469
125199
104924
45349
38901
22267
84153
75973
54679
51833
43121
56056
55223
55165
78286
71638
89061
62566
103901
107181
22097
21053
21406
91729
94653
69993
40525
76696
65490
28188
27672
39556
87584
20802
20997
45907
44780
44856
41439
132961
116479
82693
66238
50803
40800
74285
102065
112056
131557
175423
157624
202209
230906
77972
91985
80501
170611
195018
266284
291395
205381
102970
188173
125717
50812
58011
45579
116611
40855
40853
48557
36218
38999
68454
90021
90059
209595
229102
224799
40502
34562
53287
188136
211175
202672
105798
120074
113661
54827
37781
38733
41360
88661
91025
91860
115172
110627
111840
50832
65276
29857
37190
45896
36147
61445
64013
52292
61938
55402
77582
97521
90502
48194
45348
105203
22169
20680
19096
95606
62413
95529
25761
24365
28048
67174
65174
62212
75822
33157
112324
63009
16727
16141
139804
153167
114042
110359
40363
30762
32943
27439
81197
91841
119699
130871
100017
84255
60519
51267
53146
73397
27547
100323
219225
194747
75420
29566
44591
80145
106648
69850
60042
44052
29365
25170
30901
43601
71758
91787
43014
38597
60303
92490
129506
131075
127914
23871
23185
27684
100052
106486
106619
72123
55199
58600
79891
84370
74375
47939
42058
89651
97287
95924
111263
91267
65631
70325
41666
84592
65729
72868
57179
81981
83739
83169
55266
34838
96114
103126
128878
36540
55722
65223
31793
175244
175960
127293
139927
139119
135968
111429
46502
45938
80608
164094
181199
181653
137509
99929
99768
82288
86187
44329
36673
61807
52450
143786
188615
67062
78968
64768
65055
56213
93151
142588
21539
19830
22368
20477
124788
110598
94300
135089
38360
23085
202549
217335
172087
19362
16729
65299
71824
116666
38657
40848
37900
63931
49018
52619
17664
20703
22294
64990
69511
78209
114123
123780
161271
173422
64418
68522
89191
79834
78627
87880
82924
72858
36242
34792
50965
23605
24777
13453
107010
71364
