141322
80017
71892
40570
52646
53898
49051
53325
95922
95770
94166
57815
62486
67731
73167
63960
63553
20692
77744
63099
25898
25471
13671
69040
55256
39258
37019
35787
44066
53202
49741
51452
54077
61144
47572
68487
70250
14535
13182
13412
55555
55456
39412
18767
36756
33722
16779
16789
18211
50891
12530
12342
26234
24712
25546
25470
80572
74194
53569
41126
27173
26137
42979
67591
67019
80560
107511
91894
125676
153181
35143
58926
52060
79507
81484
153656
160986
126882
66470
117564
74249
31802
32382
26239
57301
21578
22628
22273
21955
22749
42901
53807
49617
135876
151766
150995
25580
21123
32674
126245
132627
126663
62003
70118
66618
30633
23764
23543
25341
51209
54777
53630
66650
66369
63787
32229
41142
17959
21871
26561
22862
40813
39369
32745
39371
33021
48675
64408
49955
28009
27699
65252
12904
11936
10955
55643
39155
61784
14710
10705
16186
40637
41749
37853
37949
20444
69420
37143
10120
9754
86447
94567
69575
66108
23617
17861
19513
15962
50130
57385
69240
84995
61671
56305
38816
30673
31632
38050
16725
60091
144086
124323
39925
17930
26025
49254
61200
37982
47111
26672
16210
15735
18118
25955
40049
51799
23791
22738
33437
49943
76342
78344
72012
16102
13973
16156
67382
61791
63834
42943
31505
39195
47312
52545
43711
28039
25141
56179
62841
60897
69698
56809
42340
43546
26219
55344
41788
44894
35929
52314
46707
52111
32253
20896
59963
62861
79712
22381
33255
39843
18927
112377
105526
76663
85782
87471
82770
72974
29868
28551
50528
98276
124366
116785
93613
59532
59350
63643
63721
28116
24116
38881
28315
101773
133240
48147
57252
47881
47033
39020
71724
88425
12736
11678
11820
12035
79793
65099
56853
87779
27369
16845
120965
126528
122664
14012
11785
51702
48012
89868
35256
26119
29946
36753
30593
40063
10813
12719
14166
44423
44326
48944
77598
80434
96562
108665
43125
44873
54297
57596
49464
55570
48382
46659
20699
26132
31252
14501
15555
9010
58825
50910
