2961536
3021924
2857332
1530553
2091896
2222677
1928092
2373923
3931121
3701680
3453312
2203488
2560838
2527552
2539377
2365036
2343628
893347
2769230
2517476
1101316
1068884
575052
2127176
1766836
1406515
1347407
1174822
1509663
1506363
1504050
2089975
1813871
2104501
1682978
2570313
2802184
586219
573575
562137
2084383
2157358
1731214
834644
1548742
1411676
684042
672604
736011
2039784
530106
539337
1119133
1039370
1101108
1056631
3129708
2759642
1989646
1770187
1129485
1106204
1806824
2477268
2460953
2866725
4043550
3540299
4245112
5443051
1422364
2210623
2133120
3061270
2849192
5584640
5809948
4732824
2603551
4416989
2945629
1307231
1345474
998778
2270329
897540
891398
931203
823724
957570
1577809
1997116
1865637
4591361
5443708
5088942
945389
836114
1218200
4762409
4884201
4424736
2461190
2722754
2726785
1167934
913626
898397
965137
1892679
1970719
1943917
2657439
2409263
2392876
1225556
1530418
707991
870409
1047035
897919
1528504
1480719
1228322
1466974
1246067
1767367
2486185
1845525
1101322
1050470
2362805
499160
460921
421652
2051302
1588518
2416628
547010
418905
626035
1539142
1553523
1398515
1407501
793108
2486360
1489612
392532
370381
3052688
3504852
2506899
2623433
932187
722519
735312
617320
1796349
2289150
2557226
3033778
2501268
2246874
1471624
1183139
1193859
1459801
647534
2416070
5387504
4634371
1474589
688524
978822
1842144
2368755
1417329
1355072
1050570
658060
639197
745337
1012298
1591981
2003175
1026643
870820
1309018
2027989
2940753
2884261
3022416
576498
559576
685726
2306736
2530745
2409531
1687292
1265992
1430119
1793775
1871178
1657660
1071600
967478
2189262
2276231
2403208
2705612
2252614
1707226
1747442
1059051
2070032
1689245
1798350
1452671
1995679
1833097
2038720
1333478
886498
2391910
2277945
2986881
892916
1359172
1607031
781880
4130075
3581130
2751983
3180594
3068075
2951925
2933067
1175553
1149686
2027171
3630021
4277674
4280847
3425937
2311193
2497755
2043221
2096069
958882
847351
1457752
1164410
3442815
4048759
1650467
1916030
1582451
1540441
1217296
2292326
3128884
513322
477703
487537
503135
3203468
2402747
2181995
3099413
924675
560446
4504740
5077961
4029887
434806
418865
1508687
1647064
2796705
1031351
1048491
986306
1437903
1168370
1280273
413939
513228
490410
1495285
1617629
1893267
2585938
3012288
3483871
3737342
1654293
1760551
2028008
2009032
1846784
2035631
1859544
1784638
823944
873515
1306228
603082
600213
335952
2287100
1810958
