205208
133208
128643
78429
88147
94862
90238
97796
162144
164081
177705
110075
121555
118878
122897
109383
110531
37071
137469
112845
49156
47680
25656
91455
79816
54795
56003
48348
63687
63513
64975
85194
74357
87924
75213
127738
136323
25718
24516
23941
90087
93347
73752
33913
64745
60297
27811
27884
33268
93585
21516
21877
43726
43907
48244
44670
132060
143634
100902
79826
54027
50938
88684
132622
126120
151980
198459
205889
213144
285331
77358
129023
109493
198207
169960
314769
373455
311323
159500
237409
154590
81624
71101
56109
126450
65184
51659
53045
64871
72719
86687
123085
138290
294807
465887
511990
66977
59876
100982
356543
312333
229847
110716
120515
107501
50293
39244
39448
47241
83640
87874
95063
109843
118039
99026
53684
72242
33342
40618
44799
40676
66937
63817
52838
64265
54386
80496
101847
87288
50421
48341
114895
22232
21618
21016
89481
66916
100287
23928
18529
26802
65608
66845
60581
61678
34096
107330
66881
18545
17439
134851
151750
109272
103659
39170
30570
33651
29482
79267
91803
121336
131700
100809
94426
65147
50860
54818
61935
28130
95365
223358
196075
73118
35404
45669
79721
102866
62147
66890
44840
29568
28451
32563
48267
78409
100732
47600
42141
56784
85142
136825
124594
123264
26137
26299
31780
112479
120087
114962
71240
54970
68803
90864
95953
82873
52980
44190
94616
98355
107561
124551
102564
77491
77445
48336
99475
69693
80269
64987
92043
86039
94867
59373
39231
107293
109765
140787
41242
56800
73273
32167
171554
179566
135302
148568
151572
144445
119001
53885
53863
89947
192124
213933
197740
144324
109121
108721
95588
100964
44197
38105
66990
55509
175505
204694
73117
87529
64659
70162
62019
109540
168918
28966
22604
33658
22540
158727
168271
131196
155169
43000
25616
209195
250456
190071
19726
18404
67533
70411
128623
46744
48125
43771
67461
53636
55866
19173
22147
23766
66361
78970
88512
120306
140501
170780
185978
82971
73548
93842
93362
89474
95526
89147
75746
35409
38177
59236
25047
28536
15364
95898
76853
