30750 7327 38077
17571 4162 21733
36178 8858 45036
43535 10357 53892
34330 9430 43760
33009 8100 41109
22332 5396 27728
15836 3697 19533
26202 5915 32117
51878 13425 65303
14964 3444 18408
46331 11104 57435
51842 13474 65316
33353 8136 41489
16613 3678 20291
25296 6001 31297
57160 14192 71352
18148 4873 23021
37747 9374 47121
55584 14186 69770
70792 19017 89809
30972 7487 38459
22090 5396 27486
19518 4044 23562
26115 6697 32812
39795 10227 50022
11179 2733 13912
9586 2212 11798
10619 2582 13201
37591 9800 47391
51400 12265 63665
26008 6295 32303
51415 12628 64043
35420 8291 43711
36043 9248 45291
29474 7413 36887
44598 11009 55607
18324 4274 22598
41879 10466 52345
39658 9812 49470
8759 1961 10720
36284 9172 45456
25458 6760 32218
29100 6885 35985
8656 2088 10744
16242 3823 20065
49879 13312 63191
13511 3045 16556
36687 8958 45645
34282 8636 42918
15004 3546 18550
66616 16922 83538
15280 3447 18727
17543 4134 21677
25699 5869 31568
12576 2974 15550
85968 21922 107890
76933 19766 96699
55816 15161 70977
44082 11577 55659
11789 3037 14826
45180 10916 56096
11085 2686 13771
25912 5775 31687
20111 5232 25343
7961 2010 9971
11270 3308 14578
101163 24609 125772
15483 3863 19346
9516 2357 11873
11337 2848 14185
7467 1818 9285
49195 11689 60884
106270 24641 130911
28343 6995 35338
26537 7048 33585
37273 9184 46457
47413 11997 59410
46377 11180 57557
41707 10941 52648
13194 3272 16466
40458 10936 51394
76492 19205 95697
51628 12872 64500
62002 17137 79139
55029 13625 68654
24895 5807 30702
13434 3315 16749
37429 10072 47501
40256 11076 51332
69973 17851 87824
30365 7517 37882
24058 5801 29859
33817 8525 42342
9559 2371 11930
18550 4505 23055
23725 5727 29452
39279 9467 48746
21370 4990 26360
97577 23708 121285
32273 8460 40733
30761 7523 38284
39961 10397 50358
31131 8205 39336
10132 2329 12461
33454 7884 41338
30059 8198 38257
15396 3665 19061
35813 9257 45070
60036 16056 76092
23680 5494 29174
25135 6001 31136
50730 13084 63814
44461 11691 56152
6496 1627 8123
65134 16812 81946
38748 9632 48380
8222 2059 10281
5206 1442 6648
26048 5983 32031
8130 1907 10037
18113 4251 22364
25896 6791 32687
22150 5197 27347
44907 10730 55637
6850 1768 8618
18017 4609 22626
22250 5040 27290
97032 24883 121915
41627 10644 52271
35749 8965 44714
36472 9268 45740
57873 14775 72648
43254 11121 54375
36132 8792 44924
21120 5413 26533
35837 8902 44739
10265 2606 12871
25658 6921 32579
18633 4287 22920
9360 2306 11666
7059 1791 8850
12182 2911 15093
33854 8698 42552
40638 10236 50874
14637 3513 18150
26736 8685 35421
37715 9556 47271
23288 5576 28864
36313 8762 45075
57117 13745 70862
8160 2064 10224
18408 4440 22848
51311 12812 64123
15088 3580 18668
67249 18403 85652
52643 13370 66013
18766 4708 23474
28420 7195 35615
90455 22727 113182
35416 9073 44489
54403 14314 68717
26827 6653 33480
30067 7897 37964
27454 6587 34041
9994 2377 12371
23008 5472 28480
49268 11694 60962
34120 8334 42454
45228 11093 56321
17475 4097 21572
31825 8417 40242
11603 2758 14361
16091 4018 20109
15884 3545 19429
8024 1969 9993
17853 4886 22739
50203 13300 63503
35106 8796 43902
23795 5942 29737
11933 2921 14854
44831 10751 55582
11892 2927 14819
22692 5515 28207
29318 7194 36512
17770 4314 22084
15927 3648 19575
12398 3436 15834
14448 3580 18028
28962 6587 35549
17532 4541 22073
39064 9791 48855
23236 3348 26584
26487 6738 33225
37872 9683 47555
44827 10681 55508
28493 7100 35593
49010 12165 61175
18568 4317 22885
76484 19184 95668
49290 12274 61564
32741 8494 41235
18729 4398 23127
43036 10326 53362
22032 5383 27415
33012 9481 42493
10589 2684 13273
24316 6448 30764
30291 7760 38051
21049 4895 25944
51772 12535 64307
78744 20110 98854
18289 4658 22947
49288 12063 61351
25961 5972 31933
10045 2455 12500
21777 5292 27069
51477 12708 64185
35835 8883 44718
25583 6247 31830
26164 6030 32194
61259 15582 76841
39808 10305 50113
21690 5304 26994
27614 6648 34262
46134 10895 57029
41971 10940 52911
74603 20082 94685
20138 4948 25086
15823 3923 19746
7389 1913 9302
18145 4324 22469
24134 5793 29927
26443 6865 33308
46589 11602 58191
26308 6799 33107
15218 3676 18894
42137 10896 53033
26249 6096 32345
7311 1961 9272
36675 9144 45819
95232 23819 119051
33195 8571 41766
13608 3454 17062
38172 9638 47810
39619 9903 49522
10382 2515 12897
44795 11296 56091
21612 4791 26403
27547 7015 34562
82935 20490 103425
16205 4168 20373
44700 11859 56559
16220 3659 19879
8220 2084 10304
41677 9960 51637
40051 10360 50411
46789 11387 58176
55021 14502 69523
41948 10457 52405
61905 16263 78168
31688 7501 39189
52164 15038 67202
17780 4182 21962
15653 3667 19320
37094 9284 46378
90402 21626 112028
81613 21485 103098
32224 8167 40391
25543 6532 32075
18090 4599 22689
21527 5065 26592
73020 19225 92245
48502 12657 61159
26778 6940 33718
36306 9329 45635
40553 10570 51123
26724 6881 33605
37871 9528 47399
25107 6544 31651
18170 4187 22357
46919 11094 58013
34373 8644 43017
51227 13903 65130
9221 2140 11361
37263 9447 46710
23223 5652 28875
32341 8164 40505
12544 3261 15805
50152 12907 63059
29577 7280 36857
8955 2217 11172
96011 25151 121162
84728 21648 106376
41344 10218 51562
35379 9237 44616
24699 5853 30552
27776 6827 34603
27720 7159 34879
44071 10931 55002
54541 15303 69844
45483 10910 56393
82471 20917 103388
25649 6215 31864
83390 20649 104039
17934 4256 22190
30537 7651 38188
9040 2279 11319
28314 7041 35355
66301 17982 84283
19901 4944 24845
7805 1949 9754
