13825 49854 63679
6936 27189 34125
14908 53887 68795
20521 58598 79119
13875 51369 65244
13156 47796 60952
9439 36361 45800
5962 22675 28637
11281 41100 52381
21397 80726 102123
5535 22200 27735
17563 62009 79572
21853 81077 102930
14523 47406 61929
6282 23255 29537
11149 40948 52097
27508 94180 121688
7432 31392 38824
13921 54608 68529
24492 78711 103203
28603 111518 140121
12790 51864 64654
9265 35168 44433
7138 28495 35633
11696 40466 52162
16971 64527 81498
5158 19693 24851
4768 21186 25954
4516 17784 22300
15209 64597 79806
25509 82745 108254
11372 45948 57320
22284 78799 101083
14343 55414 69757
14609 56410 71019
18812 49730 68542
18827 70109 88936
8137 30217 38354
17925 68098 86023
16050 60492 76542
3152 13763 16915
14902 58264 73166
11983 44438 56421
13274 47011 60285
3625 14967 18592
6752 23871 30623
22912 73248 96160
6274 22102 28376
14751 56551 71302
12733 48763 61496
6539 24581 31120
26653 93216 119869
5917 23206 29123
7531 29058 36589
12171 36529 48700
5280 17039 22319
41208 140003 181211
29278 108767 138045
27881 94881 122762
17455 67096 84551
6499 22936 29435
19286 67019 86305
4805 17810 22615
10315 35086 45401
8316 33613 41929
2857 11581 14438
5656 21089 26745
42298 149996 192294
6071 23830 29901
3713 14287 18000
4290 16260 20550
2732 11483 14215
20637 73288 93925
40578 145085 185663
12783 44878 57661
11973 41659 53632
14748 57392 72140
21708 82394 104102
17281 67046 84327
18058 68421 86479
5925 21969 27894
17430 69151 86581
30185 103802 133987
23288 81689 104977
25249 88426 113675
23133 84721 107854
10463 35894 46357
6419 23110 29529
15248 56826 72074
18911 61854 80765
27408 104804 132212
12018 48423 60441
10228 38974 49202
13795 55642 69437
4213 16853 21066
8238 32048 40286
9117 47469 56586
17404 60522 77926
8896 31049 39945
46199 140601 186800
14629 52973 67602
14542 49760 64302
18253 66441 84694
13116 56451 69567
3929 15523 19452
14209 54077 68286
13988 50107 64095
6723 25704 32427
14873 53151 68024
28160 106092 134252
10190 40173 50363
10282 43400 53682
23510 80781 104291
19090 74764 93854
2751 10310 13061
26175 95952 122127
15757 60151 75908
3567 14379 17946
2368 9909 12277
10977 37649 48626
3065 12171 15236
7482 28925 36407
11540 43117 54657
9235 33172 42407
19250 66844 86094
2876 11621 14497
6575 27479 34054
8953 31091 40044
39761 149302 189063
16490 59887 76377
13360 54202 67562
17052 61254 78306
23278 90057 113335
19283 67815 87098
15503 59778 75281
11132 39322 50454
15511 56926 72437
4641 18346 22987
12409 45339 57748
8433 34647 43080
3571 13411 16982
3059 15560 18619
6003 26448 32451
15032 59083 74115
15486 60080 75566
5697 24471 30168
12425 45964 58389
14949 57850 72799
8696 33461 42157
13944 51834 65778
24313 81481 105794
3644 13025 16669
7690 28735 36425
20130 73115 93245
6044 22114 28158
32206 113275 145481
21821 76421 98242
7828 30386 38214
12105 41085 53190
36102 140102 176204
13774 49671 63445
26390 91326 117716
12523 36859 49382
12223 46126 58349
12056 42260 54316
4570 17318 21888
8890 32013 40903
19196 66876 86072
13904 49708 63612
17724 63782 81506
7915 29542 37457
14460 57188 71648
4343 15956 20299
6776 26040 32816
6153 26233 32386
3692 15636 19328
8124 30192 38316
22470 80588 103058
15567 60767 76334
10665 38052 48717
5232 19290 24522
18062 67373 85435
5124 19874 24998
8435 32769 41204
15359 48058 63417
6938 27173 34111
6463 25979 32442
6000 22904 28904
6612 26673 33285
12097 45687 57784
8254 32506 40760
17622 65210 82832
6896 26144 33040
13591 52341 65932
17424 63680 81104
19224 77955 97179
11212 38955 50167
23943 88175 112118
7490 28495 35985
29728 102532 132260
21078 76425 97503
11959 48508 60467
8076 30855 38931
15649 56595 72244
10510 45983 56493
19284 66362 85646
6346 20477 26823
16702 61818 78520
15088 53673 68761
9477 37284 46761
23029 101249 124278
38735 132899 171634
13570 34129 47699
22254 82329 104583
15655 51519 67174
3952 16317 20269
9628 38333 47961
23510 83854 107364
15330 62704 78034
11793 42094 53887
12039 44685 56724
29685 103129 132814
18375 73942 92317
11101 40024 51125
14025 49983 64008
21670 72608 94278
20948 75022 95970
32932 132642 165574
8464 35849 44313
7422 28417 35839
3035 13802 16837
7949 32295 40244
10943 41112 52055
12798 45922 58720
20166 79443 99609
13203 48616 61819
7213 25739 32952
21787 79547 101334
10889 41119 52008
3332 15245 18577
18343 68087 86430
45455 161912 207367
15824 64744 80568
7515 24838 32353
21032 68506 89538
18669 68345 87014
4865 20243 25108
18579 70910 89489
10766 37635 48401
12458 45397 57855
38486 135904 174390
8181 31321 39502
20970 85132 106102
7131 28604 35735
4053 15593 19646
17117 63222 80339
18629 70102 88731
20543 77665 98208
25056 89205 114261
19688 71864 91552
28191 94922 123113
12536 47137 59673
22511 94703 117214
7446 27163 34609
5777 23797 29574
16993 67405 84398
36083 128142 164225
35714 131984 167698
15222 57133 72355
11752 41073 52825
8019 32668 40687
10154 35950 46104
35360 113259 148619
20339 77933 98272
13417 46811 60228
14885 56550 71435
18089 69969 88058
12146 42480 54626
15410 61983 77393
12225 46036 58261
8302 30115 38417
20709 75012 95721
13499 53018 66517
21987 76455 98442
3959 16149 20108
14680 57994 72674
10699 36693 47392
14162 56453 70615
5468 21465 26933
22414 87212 109626
13818 50329 64147
4187 16653 20840
40373 143657 184030
36015 137409 173424
19196 69475 88671
14951 56297 71248
10060 37934 47994
13765 47307 61072
13428 47547 60975
19669 71993 91662
28538 94160 122698
20128 71632 91760
38713 128905 167618
10688 42720 53408
36138 137322 173460
7831 26995 34826
13685 49813 63498
3872 15720 19592
14515 44033 58548
27464 107002 134466
9173 34429 43602
3268 14034 17302
