15909 44268 60177
9280 27513 36793
24390 52303 76693
23156 59273 82429
19535 51355 70890
17109 46003 63112
11448 37192 48640
8371 23012 31383
16950 39048 55998
25017 68501 93518
8112 22443 30555
22928 58782 81710
27671 75365 103036
16617 44153 60770
8864 24249 33113
14976 34005 48981
28500 72266 100766
9270 26635 35905
18282 52816 71098
32333 84240 116573
35372 100568 135940
14806 40233 55039
11913 32569 44482
8688 24014 32702
13265 36957 50222
18771 52944 71715
6330 19546 25876
5151 15231 20382
6094 16613 22707
21856 57297 79153
27624 71999 99623
13941 39561 53502
29467 70432 99899
18996 51604 70600
19133 54679 73812
15764 46026 61790
24708 67319 92027
10180 31211 41391
23011 60479 83490
20863 54825 75688
4368 13267 17635
20729 54393 75122
15379 41560 56939
16177 43416 59593
4500 12920 17420
9294 25696 34990
29091 79534 108625
8800 19711 28511
19508 51848 71356
16089 45314 61403
7545 22853 30398
34431 91874 126305
7785 20306 28091
8748 23667 32415
14934 38481 53415
6646 18405 25051
45384 119678 165062
39765 106298 146063
34109 86739 120848
24320 62714 87034
7620 19851 27471
21677 60034 81711
6519 17497 24016
13555 34408 47963
10177 27453 37630
3863 10729 14592
6752 18943 25695
49055 124939 173994
7649 21688 29337
4850 14053 18903
5958 17008 22966
3309 10117 13426
26713 67901 94614
52915 132591 185506
13706 39434 53140
14463 40000 54463
17919 46368 64287
25903 63917 89820
23692 63600 87292
20947 58584 79531
6881 22156 29037
20763 58471 79234
40466 104160 144626
29765 78731 108496
30488 82415 112903
30829 79366 110195
13360 34538 47898
7183 20573 27756
20444 47960 68404
23036 62754 85790
34819 90707 125526
16560 45242 61802
12957 35878 48835
17181 48424 65605
4702 13378 18080
10045 26531 36576
12267 34390 46657
18529 48471 67000
12179 34002 46181
47511 120762 168273
16448 46260 62708
14826 39687 54513
21650 54191 75841
16460 47600 64060
5251 14573 19824
17872 48620 66492
14012 43940 57952
7725 23842 31567
17518 50827 68345
30479 82538 113017
13160 34646 47806
14261 33705 47966
25786 69250 95036
24601 68645 93246
3746 9365 13111
35014 91231 126245
19500 54562 74062
5175 12271 17446
2469 8727 11196
12579 34022 46601
3841 11486 15327
9802 23307 33109
15628 39978 55606
12798 34614 47412
23463 85718 109181
3758 12079 15837
12972 31046 44018
14223 33784 48007
44688 126716 171404
21637 55087 76724
18623 56356 74979
23881 65490 89371
32883 82736 115619
25289 77063 102352
19478 64241 83719
14373 35148 49521
17102 43329 60431
7410 16355 23765
13975 41935 55910
9067 24223 33290
4877 14887 19764
3800 12061 15861
6155 21597 27752
19586 51722 71308
21674 60928 82602
7947 19211 27158
15002 43283 58285
22843 64044 86887
12967 36135 49102
25442 56054 81496
31776 78484 110260
5419 11718 17137
10077 26667 36744
27706 71600 99306
8551 24042 32593
36987 102751 139738
30940 74666 105606
9584 26616 36200
15280 42809 58089
45006 119191 164197
16612 50066 66678
29811 85429 115240
14165 41170 55335
17464 45905 63369
15828 52651 68479
5912 16118 22030
13306 40881 54187
28906 77001 105907
18780 55091 73871
28685 67037 95722
11187 35588 46775
18895 54768 73663
6488 18567 25055
9907 25362 35269
11115 27242 38357
6313 14916 21229
13708 36428 50136
33083 83871 116954
20100 58040 78140
12233 34714 46947
6763 17806 24569
21212 53928 75140
7320 19110 26430
10903 32185 43088
16007 43919 59926
9639 27129 36768
8825 25666 34491
8214 25825 34039
9257 24774 34031
14998 38558 53556
10961 28662 39623
21650 58581 80231
9432 21879 31311
13530 39905 53435
22059 58547 80606
25408 67283 92691
16009 46964 62973
28133 76808 104941
9643 29033 38676
42274 115283 157557
30610 76937 107547
16615 51193 67808
13333 32115 45448
22770 61728 84498
13336 34508 47844
18291 54428 72719
5703 16781 22484
13810 40845 54655
14639 48051 62690
11196 29971 41167
29746 73211 102957
42346 114222 156568
11818 28413 40231
26307 71838 98145
13457 33584 47041
5314 14870 20184
12246 34704 46950
30505 73679 104184
20148 54595 74743
13406 35163 48569
13245 33494 46739
36300 87747 124047
20371 54760 75131
12729 33297 46026
13127 40860 53987
23749 57077 80826
21238 60588 81826
40477 130775 171252
11668 32802 44470
9303 25991 35294
3753 10817 14570
10444 24332 34776
13992 40492 54484
13999 45866 59865
26788 71342 98130
15406 45170 60576
7122 19545 26667
21752 60483 82235
14388 37608 51996
3918 12225 16143
20596 62889 83485
52614 146052 198666
16502 49249 65751
7228 22463 29691
22328 61686 84014
30010 64872 94882
5706 17404 23110
24168 63750 87918
13132 34245 47377
17234 57882 75116
39962 120413 160375
8532 23955 32487
24434 68762 93196
8036 23699 31735
4615 13144 17759
22791 57757 80548
20072 55013 75085
29104 78572 107676
31950 73503 105453
22366 59557 81923
32468 87922 120390
14670 38498 53168
27446 88155 115601
9880 25518 35398
7325 21857 29182
17983 46356 64339
45936 120693 166629
42730 101519 144249
16699 45836 62535
13602 34434 48036
8501 23765 32266
10746 26955 37701
35007 91152 126159
26839 74376 101215
14338 38642 52980
17519 48059 65578
21627 60589 82216
13346 36208 49554
20212 55354 75566
12373 34156 46529
9575 25590 35165
21640 69950 91590
18182 50224 68406
29577 79160 108737
4530 12715 17245
17464 47400 64864
10782 31106 41888
15672 43621 59293
5892 16856 22748
25305 67094 92399
14766 37335 52101
4493 13130 17623
50713 129351 180064
43598 115805 159403
20864 53355 74219
17677 46927 64604
13270 35590 48860
12789 34651 47440
15140 40224 55364
20743 55533 76276
29165 82821 111986
22260 57814 80074
40364 107956 148320
12094 31177 43271
41967 107984 149951
8574 22515 31089
17440 37119 54559
4945 13696 18641
13061 35354 48415
34262 94845 129107
12224 25853 38077
3784 12133 15917
