14694 48226 62920
10126 29665 39791
17651 54887 72538
21599 65741 87340
18568 57402 75970
16550 52398 68948
11177 35264 46441
7111 23587 30698
13936 38356 52292
27614 76283 103897
7381 22924 30305
21486 62615 84101
24762 79789 104551
15332 48294 63626
7937 27235 35172
11830 36962 48792
28224 88894 117118
8300 30184 38484
17744 56837 74581
27322 82364 109686
30152 102428 132580
14411 49884 64295
11043 35497 46540
8762 28815 37577
11861 41699 53560
20358 64920 85278
5631 18036 23667
4480 16160 20640
4756 14900 19656
19272 63824 83096
26809 77676 104485
14855 43462 58317
26929 81363 108292
16949 54868 71817
15881 51938 67819
13299 43435 56734
19685 63554 83239
8462 27367 35829
20140 64498 84638
18422 53742 72164
4765 13930 18695
17282 55669 72951
14198 46542 60740
14975 47410 62385
4185 15857 20042
8563 26454 35017
25530 76857 102387
6507 21367 27874
15819 50991 66810
15628 48941 64569
6544 23648 30192
31392 96980 128372
7012 22367 29379
8593 27885 36478
13051 38701 51752
6059 18454 24513
40961 126939 167900
36417 119880 156297
29163 87687 116850
21018 66260 87278
5587 20000 25587
22445 66731 89176
6076 18823 24899
12175 37260 49435
10472 34625 45097
3910 11628 15538
6403 19293 25696
46133 144185 190318
8364 24327 32691
4673 14225 18898
4956 17052 22008
3365 10612 13977
22149 67156 89305
49063 146560 195623
12866 41148 54014
14941 43816 58757
17172 56570 73742
24857 74591 99448
21310 69361 90671
22302 73572 95874
6920 20952 27872
29246 91972 121218
37480 106933 144413
24324 72013 96337
26733 82492 109225
24800 74946 99746
11363 33436 44799
5996 21949 27945
16161 49918 66079
23267 65028 88295
28492 88448 116940
14995 48356 63351
10254 32141 42395
15121 48922 64043
4003 13670 17673
8899 26653 35552
11825 38988 50813
20008 59433 79441
13126 33030 46156
40153 121190 161343
15281 49383 64664
12513 40006 52519
20436 63353 83789
14485 51094 65579
4212 15594 19806
15483 51825 67308
13827 46501 60328
7607 24824 32431
15535 47898 63433
33496 98962 132458
10994 35069 46063
13014 38499 51513
24150 76505 100655
20415 63114 83529
2987 10272 13259
36685 100296 136981
19045 57146 76191
4131 13683 17814
2648 8290 10938
12420 37589 50009
3925 13790 17715
8376 26416 34792
11539 42951 54490
11210 35792 47002
21796 64999 86795
2940 11814 14754
8390 27487 35877
9775 29175 38950
44543 143093 187636
19553 62328 81881
14966 49953 64919
18760 58962 77722
24929 75779 100708
21605 70368 91973
14918 48214 63132
10653 34358 45011
14823 47457 62280
5171 16698 21869
12100 38652 50752
9482 30365 39847
4085 12694 16779
3321 11501 14822
6349 19632 25981
18178 56934 75112
20260 67650 87910
7115 23858 30973
14325 42281 56606
20575 69845 90420
11775 37657 49432
19273 57855 77128
28255 80338 108593
4271 23379 27650
9583 29886 39469
24804 79604 104408
6554 21401 27955
32428 105593 138021
28851 80430 109281
7866 25321 33187
13887 43701 57588
36458 114271 150729
15073 49243 64316
32350 79014 111364
12654 38245 50899
14441 46965 61406
12153 35825 47978
5051 16309 21360
9877 30568 40445
23853 70740 94593
15839 47338 63177
21211 67679 88890
7682 24544 32226
15758 54171 69929
4855 15512 20367
7305 24337 31642
7716 23856 31572
3865 13259 17124
9103 29574 38677
26078 84033 110111
17143 50599 67742
12942 60698 73640
6367 21527 27894
22210 70934 93144
6411 21232 27643
11468 34947 46415
13378 45522 58900
8526 28555 37081
7014 25729 32743
6205 22942 29147
7371 22204 29575
14731 38596 53327
8201 28741 36942
17458 56880 74338
7532 25531 33063
14164 42449 56613
20472 65995 86467
23612 72040 95652
13786 44298 58084
26714 81467 108181
9543 29888 39431
36162 129329 165491
28579 90857 119436
18024 56281 74305
10030 35341 45371
22265 67204 89469
12050 40507 52557
20182 59073 79255
12858 18512 31370
13866 44262 58128
16430 50864 67294
10607 33623 44230
25670 80284 105954
39597 119579 159176
10106 33606 43712
24197 75535 99732
13658 43150 56808
4365 14538 18903
12621 35429 48050
23794 77166 100960
16979 52340 69319
11486 35687 47173
12533 37314 49847
28158 91028 119186
19553 60078 79631
11155 35023 46178
15416 42126 57542
23640 69787 93427
20803 67415 88218
36091 118523 154614
8784 29715 38499
8173 24696 32869
3100 15553 18653
7652 26126 33778
13176 42822 55998
15229 44350 59579
22211 67904 90115
14642 47785 62427
7827 24608 32435
22919 71558 94477
12579 38579 51158
3541 12569 16110
20936 67342 88278
42109 133634 175743
16849 55360 72209
7001 20766 27767
20187 64045 84232
17616 55852 73468
5377 18511 23888
22693 66825 89518
9920 31315 41235
14892 46374 61266
37215 111846 149061
8487 28496 36983
21916 72209 94125
7078 25020 32098
4401 14619 19020
18776 59255 78031
18284 58737 77021
24740 75847 100587
26406 78218 104624
20243 64527 84770
28356 90361 118717
15019 48183 63202
33043 93886 126929
9097 27721 36818
7126 23750 30876
17147 51471 68618
39613 120205 159818
39967 126731 166698
16034 51963 67997
13761 42056 55817
9161 30859 40020
10043 30376 40419
33341 103901 137242
25446 79937 105383
12316 38666 50982
16878 57462 74340
20453 69284 89737
14234 43900 58134
17863 59122 76985
13201 41687 54888
8354 24857 33211
20976 61928 82904
17456 54510 71966
23845 74982 98827
4474 15721 20195
18304 60957 79261
10411 34247 44658
14517 49616 64133
6621 22233 28854
25648 81593 107241
15207 47799 63006
3985 14840 18825
46673 148111 194784
39458 123028 162486
21684 61903 83587
17634 56460 74094
11482 37537 49019
12760 40492 53252
15771 46117 61888
23625 66937 90562
28474 83634 112108
23626 76178 99804
38100 119417 157517
12782 37329 50111
40021 119692 159713
8819 32254 41073
14952 48001 62953
4225 14714 18939
14172 42003 56175
31736 101538 133274
9411 33452 42863
3590 12479 16069
