11601 58706 70307
5986 33637 39623
13744 67568 81312
13068 64541 77609
13265 65510 78775
10969 54939 65908
7505 39692 47197
6292 32526 38818
9049 45293 54342
18071 121597 139668
6787 29490 36277
15045 76966 92011
17523 110160 127683
12225 62599 74824
9220 26286 35506
8958 47460 56418
21878 100305 122183
6054 33960 40014
14045 69880 83925
19737 105508 125245
25576 112695 138271
11011 56964 67975
8060 40203 48263
6373 32819 39192
9931 52166 62097
13385 72368 85753
4029 22420 26449
2910 15502 18412
3009 17258 20267
12151 77487 89638
18070 90544 108614
9919 48661 58580
16109 76374 92483
12397 63279 75676
12661 63803 76464
9532 56114 65646
15128 75508 90636
6615 36364 42979
13868 74818 88686
14307 68976 83283
2547 13419 15966
12304 67108 79412
9555 53212 62767
10393 52758 63151
2613 14554 17167
5999 33283 39282
17370 92121 109491
4966 24977 29943
13690 66154 79844
12004 61817 73821
5271 27401 32672
22478 112007 134485
5457 28717 34174
6479 29449 35928
8975 45857 54832
3676 19528 23204
28279 150299 178578
28420 127918 156338
21903 110295 132198
14471 78542 93013
3690 24493 28183
13505 68590 82095
4138 22410 26548
9606 48035 57641
6957 41428 48385
2560 14416 16976
3917 20065 23982
29631 143405 173036
5995 31913 37908
2659 15808 18467
3515 17890 21405
2147 11610 13757
14718 69858 84576
30730 157443 188173
10666 51544 62210
8522 43758 52280
11633 57118 68751
16831 87073 103904
14157 80180 94337
15291 88171 103462
5109 26450 31559
15663 85979 101642
26195 114703 140898
18362 91845 110207
20249 103004 123253
20468 105074 125542
9216 49565 58781
5342 36999 42341
14325 64889 79214
14153 80551 94704
26736 124791 151527
11387 60728 72115
8303 45242 53545
12107 60268 72375
3220 18258 21478
6431 36468 42899
7882 42356 50238
14250 68076 82326
7479 38369 45848
38752 150028 188780
11266 58703 69969
10317 55571 65888
19587 81043 100630
14706 76404 91110
3136 17923 21059
13098 69507 82605
11284 61215 72499
6280 30988 37268
14171 69275 83446
25465 122008 147473
8629 46166 54795
11145 49480 60625
21878 92293 114171
15408 87094 102502
2408 12754 15162
26971 123821 150792
14400 74261 88661
2930 18118 21048
1978 12738 14716
8886 44341 53227
3402 16015 19417
6511 33418 39929
9855 52470 62325
9031 41799 50830
15332 78186 93518
2269 13367 15636
5745 30979 36724
8295 39904 48199
31245 155238 186483
13427 71222 84649
12777 66357 79134
13570 100576 114146
20839 102089 122928
16022 77927 93949
13466 64381 77847
7441 42362 49803
12455 62389 74844
3516 20277 23793
9536 47923 57459
6310 36057 42367
2981 21068 24049
2637 14148 16785
4221 22926 27147
13661 62925 76586
13419 73308 86727
5217 29154 34371
10273 52371 62644
14022 79400 93422
7486 40635 48121
13630 64352 77982
20208 96114 116322
2928 17939 20867
6786 32993 39779
18257 90560 108817
5784 28210 33994
24294 118691 142985
20237 92112 112349
6543 34496 41039
10889 54242 65131
29457 151882 181339
13683 72289 85972
21977 110773 132750
9515 48336 57851
9953 55201 65154
9833 49490 59323
3628 19846 23474
7423 38276 45699
18028 79989 98017
12929 60989 73918
14973 80493 95466
5995 33330 39325
12031 63608 75639
3674 20943 24617
6130 27516 33646
5825 27219 33044
2704 16695 19399
6195 34823 41018
18030 84685 102715
13037 62948 75985
8639 45534 54173
4295 21839 26134
14209 76347 90556
5041 22835 27876
8041 41652 49693
11309 56267 67576
6464 34299 40763
5427 31084 36511
4545 27674 32219
6486 29493 35979
9183 47769 56952
5621 35258 40879
13124 67133 80257
5760 29473 35233
10450 50046 60496
14271 66970 81241
15003 81427 96430
13234 52870 66104
16851 92722 109573
6432 39015 45447
26810 127869 154679
17087 88482 105569
11204 64113 75317
6753 37709 44462
14086 72369 86455
8007 43169 51176
12348 61493 73841
3566 21262 24828
9134 49561 58695
10787 52222 63009
6511 38634 45145
18506 94727 113233
28198 135632 163830
7030 38731 45761
16964 84824 101788
13083 48395 61478
3058 17427 20485
7990 42695 50685
18829 91401 110230
13608 66940 80548
9000 46238 55238
9498 48720 58218
21423 111019 132442
14548 78427 92975
7565 37679 45244
9906 50836 60742
15849 77456 93305
14335 77235 91570
27621 142547 170168
6799 36535 43334
5914 32322 38236
2680 13525 16205
6339 32165 38504
9524 43291 52815
10046 50901 60947
15785 84717 100502
9921 51465 61386
5590 27469 33059
14251 77025 91276
9084 46555 55639
2487 14830 17317
13825 70210 84035
31426 165894 197320
12596 59493 72089
4989 27183 32172
14123 70158 84281
13400 70749 84149
3942 21580 25522
14142 78037 92179
7700 40287 47987
10012 50964 60976
29393 146924 176317
6028 32719 38747
16767 82482 99249
5899 30514 36413
2610 17197 19807
12852 69214 82066
13418 73311 86729
17117 83541 100658
19495 98573 118068
15029 72687 87716
22432 112276 134708
12143 57648 69791
18592 111814 130406
7171 31843 39014
5724 28765 34489
13610 67598 81208
31154 152015 183169
28966 139145 168111
12073 57250 69323
10885 48093 58978
6416 37638 44054
7252 35611 42863
26828 140415 167243
16359 89066 105425
9565 49749 59314
14438 67085 81523
17148 73186 90334
12695 52651 65346
13337 70706 84043
9264 49904 59168
6586 32101 38687
15645 77827 93472
12967 67882 80849
18243 91316 109559
2893 17379 20272
12431 67143 79574
8269 43878 52147
11642 62080 73722
4553 24872 29425
17385 86172 103557
11250 54479 65729
2828 17856 20684
32970 169688 202658
30913 134965 165878
14523 70939 85462
13130 66040 79170
7889 45079 52968
10539 51623 62162
10140 50022 60162
15489 78759 94248
22999 104575 127574
16308 80576 96884
28598 149385 177983
10217 40720 50937
28696 127493 156189
6302 30638 36940
10512 51666 62178
3110 18303 21413
10591 51228 61819
25131 125511 150642
6569 37536 44105
2549 15937 18486
