10175 57795 67970
5286 33495 38781
11779 70092 81871
13715 75497 89212
11213 65182 76395
11734 69677 81411
7413 39694 47107
5229 32188 37417
7360 51157 58517
15147 101129 116276
4493 28290 32783
12698 79454 92152
15340 99493 114833
10993 60683 71676
4856 31526 36382
7329 46460 53789
17619 106464 124083
5352 36350 41702
11904 71891 83795
20527 104255 124782
21633 124083 145716
9264 55490 64754
6413 40663 47076
5882 35045 40927
8693 56513 65206
12449 73650 86099
3379 23360 26739
2607 18616 21223
3089 19070 22159
12040 75505 87545
14405 82967 97372
8651 53463 62114
14122 88723 102845
11443 67471 78914
10338 59801 70139
9005 55806 64811
14011 79730 93741
7828 32070 39898
13219 79251 92470
12354 72665 85019
2807 15408 18215
11696 70156 81852
8803 49806 58609
9425 60478 69903
2542 18164 20706
4941 30458 35399
16732 99724 116456
4286 26698 30984
11410 69517 80927
9521 61182 70703
4160 28919 33079
21748 118047 139795
4775 30959 35734
5568 34081 39649
7444 47837 55281
3339 23500 26839
26207 155318 181525
24214 142236 166450
17588 107827 125415
13553 82208 95761
3267 25474 28741
12822 73536 86358
3504 22819 26323
8167 48716 56883
5846 38536 44382
2117 14500 16617
3983 25186 29169
28615 171439 200054
5676 31498 37174
2739 16472 19211
3170 22768 25938
2206 15159 17365
14352 86423 100775
30902 183370 214272
9040 54641 63681
8320 48521 56841
11157 66887 78044
15395 91429 106824
15745 85288 101033
12996 75989 88985
4597 29563 34160
14392 87972 102364
22479 124087 146566
16908 100848 117756
18048 115747 133795
17248 109253 126501
8439 49673 58112
4360 28259 32619
11530 69270 80800
13502 79093 92595
23451 135566 159017
10528 64574 75102
7739 48343 56082
11971 96354 108325
3293 19697 22990
5758 34804 40562
6699 45064 51763
15155 74559 89714
6598 44809 51407
33270 163616 196886
11024 65943 76967
10058 90895 100953
12698 76761 89459
10071 60896 70967
2641 18564 21205
11105 65122 76227
9452 54894 64346
4526 28781 33307
11404 67906 79310
17597 108539 126136
6120 38236 44356
8062 41501 49563
14557 88247 102804
13549 80119 93668
2228 12394 14622
18723 119898 138621
14302 76793 91095
2861 14802 17663
1571 10675 12246
6525 41108 47633
2181 13841 16022
4799 38841 43640
7051 50179 57230
6181 38725 44906
14089 75497 89586
2523 15329 17852
8409 36906 45315
7357 40368 47725
26044 154153 180197
12071 65562 77633
10967 67651 78618
13124 77827 90951
18437 92422 110859
11910 74738 86648
9568 57682 67250
6411 45875 52286
10527 63518 74045
3591 19789 23380
8440 54037 62477
5184 31851 37035
2486 15677 18163
2243 15012 17255
3065 20625 23690
13076 64178 77254
11463 69413 80876
4872 30482 35354
7547 53192 60739
13375 84181 97556
7432 46850 54282
13004 71510 84514
16097 88862 104959
2852 27361 30213
5743 35217 40960
18673 90780 109453
4489 29977 34466
23542 134575 158117
16450 103699 120149
5162 32496 37658
9402 56437 65839
26770 161392 188162
10183 65075 75258
19009 111583 130592
7714 45063 52777
9525 59156 68681
7413 44808 52221
2581 19791 22372
6038 36872 42910
14708 85188 99896
11989 63250 75239
13471 82048 95519
4988 30985 35973
9373 59492 68865
2916 19305 22221
4669 28749 33418
4456 26402 30858
2361 15683 18044
5246 32810 38056
13233 84438 97671
12926 73970 86896
6307 39963 46270
3016 20277 23293
11559 68436 79995
3986 25542 29528
6777 44029 50806
9494 58693 68187
5177 34552 39729
4412 29121 33533
3566 23809 27375
4169 29788 33957
8155 52153 60308
5291 33185 38476
10304 62913 73217
4794 28707 33501
7769 54676 62445
10423 61893 72316
14182 83691 97873
8898 53608 62506
13505 83223 96728
5768 34454 40222
25221 133416 158637
19083 93443 112526
9113 59344 68457
6144 38058 44202
13145 72946 86091
6016 37847 43863
10664 64337 75001
2833 19083 21916
8185 53602 61787
9670 57268 66938
6883 39705 46588
15403 94565 109968
23640 143807 167447
5444 34107 39551
14973 88689 103662
6791 43211 50002
2858 19986 22844
6980 43409 50389
16417 100252 116669
14838 72970 87808
7644 50681 58325
16161 53672 69833
18843 107044 125887
14247 97331 111578
5843 37603 43446
7821 49237 57058
12329 72018 84347
13814 80427 94241
21217 128919 150136
6419 39481 45900
4446 28300 32746
2120 15243 17363
4817 28990 33807
7537 48127 55664
7805 44998 52803
16844 90480 107324
8070 48663 56733
5427 29247 34674
14872 78398 93270
7666 47114 54780
2166 15402 17568
10572 66401 76973
29325 172522 201847
10681 65802 76483
4396 28666 33062
13186 78669 91855
12265 67363 79628
3403 22501 25904
11579 78443 90022
6558 40913 47471
8053 49546 57599
26025 151014 177039
4619 29925 34544
13510 88038 101548
5201 31106 36307
2380 16104 18484
12637 73325 85962
13381 80679 94060
15358 95077 110435
16190 117250 133440
14721 81744 96465
18334 105087 123421
9334 56008 65342
14319 105785 120104
5603 34487 40090
4771 25863 30634
10926 63946 74872
28462 154301 182763
25261 152774 178035
10214 62417 72631
8278 49665 57943
5841 36463 42304
6422 39871 46293
20314 121318 141632
12991 86021 99012
7756 46413 54169
10728 70313 81041
12723 79109 91832
7916 47689 55605
12337 75693 88030
7353 46735 54088
5213 29653 34866
11900 71209 83109
10916 66220 77136
13849 105228 119077
2613 20587 23200
11292 74377 85669
6753 52321 59074
11680 70218 81898
4034 31066 35100
15328 97505 112833
8631 51906 60537
2601 17124 19725
28463 152649 181112
28361 137804 166165
15137 75027 90164
11254 67717 78971
7136 44945 52081
8513 53054 61567
8301 46860 55161
15274 82116 97390
18956 117133 136089
16255 85423 101678
24280 141973 166253
6848 40566 47414
22588 154448 177036
5800 35496 41296
9590 59781 69371
2628 16276 18904
7829 47444 55273
21510 127652 149162
5544 33585 39129
2434 18616 21050
