28816 15795 44611
17725 9422 27147
35072 18746 53818
37149 19055 56204
33671 18158 51829
31832 15914 47746
20025 10607 30632
14424 7344 21768
23112 11931 35043
46217 24618 70835
14578 7622 22200
40530 21405 61935
44288 24066 68354
30043 15230 45273
15317 8046 23363
22489 14811 37300
53748 29280 83028
17141 9799 26940
33647 19744 53391
48930 26317 75247
64636 37995 102631
28657 15243 43900
20326 11673 31999
20164 10316 30480
26214 15286 41500
46505 23768 70273
12046 6483 18529
10043 5800 15843
10349 5592 15941
36933 21245 58178
55301 28430 83731
29864 16075 45939
49780 23524 73304
34353 18686 53039
35970 19080 55050
33122 19890 53012
41815 22903 64718
16122 8330 24452
35757 19761 55518
33964 18111 52075
7028 5523 12551
31024 16345 47369
22530 13933 36463
27730 14888 42618
7509 4344 11853
14222 7488 21710
48750 27290 76040
11528 6073 17601
34321 18173 52494
30829 17379 48208
13856 7496 21352
60038 33436 93474
14102 7432 21534
17948 9010 26958
24176 12707 36883
11801 6328 18129
79809 44196 124005
70688 38137 108825
54613 31910 86523
38591 21014 59605
10942 5811 16753
41794 22375 64169
10026 5005 15031
22212 11839 34051
18288 10487 28775
7240 3934 11174
11129 6379 17508
91793 48657 140450
14749 7435 22184
8117 4523 12640
10605 5629 16234
6940 3720 10660
45165 23356 68521
95388 47800 143188
25205 14143 39348
24590 13821 38411
36013 18299 54312
46867 25086 71953
39398 22639 62037
40536 23108 63644
10813 6373 17186
39511 22746 62257
64735 36039 100774
49805 27518 77323
56692 33277 89969
51858 28476 80334
24015 12454 36469
11718 6401 18119
43520 18371 61891
41403 22144 63547
60402 35393 95795
26208 15129 41337
21669 11988 33657
33147 18524 51671
8782 4881 13663
18617 9670 28287
22050 11576 33626
35420 19026 54446
21041 10481 31522
88920 46148 135068
28554 16451 45005
27081 16008 43089
38754 21504 60258
27444 14898 42342
9107 4616 13723
32077 16784 48861
26034 15721 41755
14866 7840 22706
30111 16627 46738
53526 32524 86050
21774 11018 32792
23550 12567 36117
47254 25443 72697
41746 21377 63123
5358 3132 8490
55503 32702 88205
32239 17991 50230
7854 4391 12245
4985 2994 7979
21528 10827 32355
7737 4098 11835
16739 9065 25804
23582 13478 37060
19435 10138 29573
36821 19378 56199
6308 3520 9828
15964 9319 25283
21665 10559 32224
84370 44831 129201
38079 21174 59253
31343 17791 49134
34400 18456 52856
51594 29605 81199
42080 23239 65319
31030 17097 48127
20952 10949 31901
31444 15974 47418
9292 4867 14159
22997 13790 36787
16882 8754 25636
8627 4837 13464
6463 3461 9924
10338 5333 15671
33064 18604 51668
37386 23681 61067
13534 7257 20791
22814 13935 36749
37607 20899 58506
21187 11078 32265
32837 20819 53656
51652 31212 82864
7822 4071 11893
15648 7920 23568
48832 25121 73953
14026 7063 21089
64998 33215 98213
47555 28471 76026
17392 9197 26589
26108 14527 40635
78239 44464 122703
33545 17998 51543
49704 27927 77631
24638 13286 37924
27307 15127 42434
25790 13063 38853
9504 5083 14587
21545 11448 32993
45653 23231 68884
30862 16371 47233
41258 21979 63237
15818 8422 24240
29646 19546 49192
10766 5572 16338
15784 8037 23821
14030 7221 21251
8155 4364 12519
17114 9351 26465
48068 25481 73549
31942 17512 49454
21975 11989 33964
11164 5849 17013
36536 20031 56567
11575 6292 17867
20861 11027 31888
26854 15237 42091
16043 8476 24519
14950 8044 22994
11579 6855 18434
13966 7711 21677
24404 12246 36650
15858 8891 24749
32346 17984 50330
13811 7301 21112
23186 13695 36881
34636 18867 53503
62807 22694 85501
25290 14709 39999
47569 25488 73057
15888 7857 23745
69903 37289 107192
47336 25899 73235
29356 15678 45034
18239 9664 27903
37927 20418 58345
21192 11164 32356
31474 17509 48983
9571 4970 14541
23866 13687 37553
26463 15508 41971
19231 10401 29632
54931 27682 82613
75813 41573 117386
19346 10590 29936
49820 23278 73098
24224 13210 37434
9367 4949 14316
19412 10493 29905
48209 26330 74539
35484 20376 55860
25094 10910 36004
27416 13714 41130
54665 32524 87189
39672 22664 62336
19533 10151 29684
26216 14708 40924
40816 20796 61612
40001 22534 62535
69929 40765 110694
18325 9894 28219
14620 7510 22130
6757 3785 10542
15113 7894 23007
24404 12359 36763
23540 13427 36967
43023 23584 66607
24363 13696 38059
13759 7271 21030
42152 22731 64883
22744 11347 34091
6351 3690 10041
32806 18686 51492
85445 48245 133690
30305 16361 46666
12147 7066 19213
36191 18960 55151
35919 22417 58336
9536 5141 14677
38674 20993 59667
20039 10479 30518
25264 13587 38851
75403 38833 114236
15109 8392 23501
40948 23479 64427
14285 7192 21477
8599 4084 12683
36723 19189 55912
35968 19345 55313
42455 22223 64678
51057 28374 79431
36384 20396 56780
52520 29914 82434
26934 14775 41709
47056 28645 75701
16134 8386 24520
13611 7864 21475
33465 17214 50679
83753 43890 127643
74463 41945 116408
29112 15238 44350
22781 11914 34695
15711 8323 24034
19498 9226 28724
64589 34514 99103
43125 23614 66739
25515 13868 39383
34042 18821 52863
35742 20570 56312
25128 13854 38982
34073 17639 51712
22249 12472 34721
16122 8329 24451
38889 20157 59046
30534 16375 46909
47206 24638 71844
8618 4562 13180
31706 17229 48935
19664 11901 31565
31165 17296 48461
11354 6444 17798
48719 24561 73280
25493 14253 39746
8495 4540 13035
87284 48844 136128
72640 39587 112227
41540 21167 62707
32731 17217 49948
20661 10580 31241
25873 13843 39716
26917 13049 39966
41246 21930 63176
51685 30824 82509
40593 21235 61828
71930 38328 110258
23984 12812 36796
74054 38816 112870
16138 7959 24097
26033 13870 39903
8079 4427 12506
23945 13563 37508
59948 35679 95627
18035 9290 27325
7627 4253 11880
