20368 38592 58960
10784 22450 33234
23850 44419 68269
25613 47362 72975
22833 47625 70458
19750 36942 56692
13322 26827 40149
9530 18197 27727
17369 31303 48672
32279 62334 94613
8249 16270 24519
28036 53124 81160
30620 58051 88671
22979 40338 63317
9075 17045 26120
14951 27565 42516
33088 59797 92885
11130 21968 33098
21260 39982 61242
37073 67957 105030
42906 80880 123786
18321 37421 55742
14693 26499 41192
12346 18211 30557
16805 35078 51883
26281 47303 73584
7207 13245 20452
5974 11632 17606
6578 12664 19242
23638 46368 70006
32774 57324 90098
16517 32711 49228
31319 56256 87575
21141 40110 61251
20903 41011 61914
17755 36630 54385
24759 52317 77076
11140 21365 32505
23849 48005 71854
22180 43822 66002
4705 8881 13586
21497 45135 66632
14777 33443 48220
17850 37569 55419
5582 11234 16816
10651 19484 30135
32795 61875 94670
9289 14935 24224
21842 42161 64003
20174 40699 60873
8046 15545 23591
36493 70129 106622
8747 17869 26616
10703 19811 30514
17671 31984 49655
8005 14923 22928
50159 101453 151612
46149 86379 132528
32447 64917 97364
26672 52956 79628
7003 13674 20677
25730 44257 69987
6734 12986 19720
15084 26948 42032
11886 24721 36607
4203 8499 12702
7683 15285 22968
60149 102756 162905
9582 19224 28806
6036 13458 19494
7524 14856 22380
4228 8500 12728
28844 53891 82735
61779 109905 171684
17514 34237 51751
18168 32319 50487
20237 38773 59010
33394 56516 89910
27325 46736 74061
27502 57949 85451
7751 16135 23886
27050 64129 91179
51703 107150 158853
35131 69459 104590
38788 73225 112013
38882 63550 102432
18907 29201 48108
8715 18152 26867
22105 44421 66526
29905 52119 82024
41965 83404 125369
18993 38378 57371
15639 29121 44760
21245 44347 65592
5330 11254 16584
10802 21425 32227
13646 24872 38518
20799 38767 59566
13786 23647 37433
53237 101467 154704
17923 36862 54785
16552 33828 50380
23135 43608 66743
17686 35554 53240
5128 10101 15229
20338 39836 60174
16494 34021 50515
8790 19211 28001
20312 38252 58564
34394 69981 104375
14586 26869 41455
15452 28496 43948
32112 59740 91852
25579 50463 76042
3580 7915 11495
39976 79936 119912
21398 40734 62132
5113 10456 15569
3061 6993 10054
16215 25862 42077
4844 9718 14562
10548 20051 30599
16001 32265 48266
14722 26708 41430
27658 50536 78194
3823 8321 12144
9973 18487 28460
14469 25673 40142
53917 103100 157017
24691 48790 73481
21945 42776 64721
24912 46895 71807
36384 68920 105304
29102 54689 83791
22752 42309 65061
15025 28537 43562
21524 42256 63780
7113 11968 19081
14858 30974 45832
12433 23990 36423
5554 10044 15598
4633 9305 13938
7925 14932 22857
19498 41004 60502
22898 44714 67612
9911 19990 29901
14842 30463 45305
23034 45353 68387
15194 27777 42971
22355 42601 64956
35490 66494 101984
5154 10842 15996
11378 20952 32330
30617 55421 86038
9460 18805 28265
35725 125086 160811
33561 60469 94030
11103 21845 32948
16661 31383 48044
50728 100583 151311
22058 41870 63928
35064 69861 104925
14418 28915 43333
18176 38338 56514
16560 31030 47590
6518 12628 19146
13585 23741 37326
29386 55129 84515
20595 40778 61373
28122 53664 81786
14010 22801 36811
19001 41729 60730
7233 14611 21844
9786 19380 29166
9199 16548 25747
4879 9383 14262
11211 22067 33278
30135 54327 84462
21758 43323 65081
15577 28601 44178
7425 14281 21706
24553 46451 71004
7680 15932 23612
15999 27835 43834
18071 36167 54238
11679 22342 34021
10829 20712 31541
8106 17677 25783
9464 19097 28561
18059 35230 53289
12009 24404 36413
24363 44423 68786
9411 17769 27180
15891 29613 45504
25045 48359 73404
30382 53759 84141
18868 37559 56427
34647 64706 99353
10431 19685 30116
49492 91664 141156
35734 64085 99819
20423 41506 61929
12162 24794 36956
25841 51364 77205
13467 26877 40344
21752 41915 63667
6808 15115 21923
15696 33882 49578
20636 40997 61633
13426 26102 39528
50736 83621 134357
48787 94379 143166
12291 25526 37817
31918 57187 89105
17981 32223 50204
6141 12150 18291
13650 25409 39059
35411 63593 99004
23122 45539 68661
15096 27708 42804
16737 34058 50795
39000 76843 115843
24989 50791 75780
15159 26970 42129
15632 32105 47737
27040 49594 76634
27146 51535 78681
44675 83770 128445
11892 23604 35496
9293 17471 26764
4390 9007 13397
10575 20404 30979
17302 31038 48340
16799 32908 49707
26870 52668 79538
17299 33427 50726
8463 21648 30111
28162 56797 84959
17810 32260 50070
4273 9138 13411
22032 42074 64106
58061 115090 173151
21301 41440 62741
8112 16179 24291
24863 49257 74120
25449 49576 75025
7190 15161 22351
30188 55009 85197
13000 23630 36630
17611 35638 53249
51932 89808 141740
9920 20684 30604
28572 57454 86026
8951 17596 26547
5589 10963 16552
27654 42145 69799
24600 44658 69258
30698 56838 87536
43613 82930 126543
25882 50279 76161
36251 69527 105778
17971 46729 64700
33028 74961 107989
10247 18333 28580
9045 18140 27185
22266 39341 61607
56008 92934 148942
50959 97989 148948
19162 37121 56283
14758 28957 43715
10240 20111 30351
12791 23058 35849
43256 78637 121893
32939 62042 94981
17072 33794 50866
19597 39491 59088
26322 45889 72211
17721 34718 52439
21603 40846 62449
16783 34031 50814
10282 18947 29229
25440 46872 72312
18786 36205 54991
33954 63141 97095
7471 10320 17791
20492 39121 59613
13839 27410 41249
20246 42344 62590
8125 16715 24840
33803 64278 98081
17232 35263 52495
5040 11267 16307
59012 115074 174086
50271 96076 146347
26420 50490 76910
22088 42928 65016
14024 28430 42454
17434 34560 51994
16081 33194 49275
27999 47757 75756
34906 73365 108271
26917 48710 75627
45386 84349 129735
16931 30524 47455
52480 84820 137300
10664 18678 29342
18894 37060 55954
5376 12218 17594
17114 35690 52804
40315 85295 125610
11713 22009 33722
4851 10496 15347
