27135 19793 46928
15730 10441 26171
31208 21906 53114
34659 23543 58202
32836 22731 55567
27087 19468 46555
17760 12901 30661
13113 8770 21883
23565 16588 40153
41226 31356 72582
13332 9666 22998
39737 26287 66024
40848 32799 73647
27181 20649 47830
13722 10323 24045
21767 14881 36648
45549 32992 78541
15634 11706 27340
30125 20942 51067
49772 36805 86577
53361 68567 121928
27879 20325 48204
20746 14468 35214
16217 11649 27866
23491 18269 41760
31827 23424 55251
10746 7757 18503
7986 5551 13537
8734 6106 14840
33046 22895 55941
44901 31430 76331
22080 15999 38079
41449 37869 79318
28936 19890 48826
29166 21012 50178
25930 20357 46287
36034 25178 61212
17402 11811 29213
34475 24758 59233
34794 24935 59729
6868 4623 11491
28814 20466 49280
23800 18545 42345
24256 17087 41343
8026 6020 14046
13829 9619 23448
45946 35219 81165
11084 7717 18801
31705 22675 54380
26895 19781 46676
13523 9910 23433
56874 43682 100556
12366 10124 22490
19803 17362 37165
24637 16646 41283
11581 8304 19885
75446 54151 129597
69802 47995 117797
51006 38897 89903
37949 26192 64141
10836 8052 18888
40265 25485 65750
10156 7207 17363
21329 17157 38486
18929 14795 33724
6631 4977 11608
10799 8671 19470
82681 61982 144663
14473 9819 24292
8260 6287 14547
10028 7970 17998
5803 4140 9943
41602 30253 71855
84740 58831 143571
25127 18845 43972
22433 15128 37561
33066 23243 56309
43188 31469 74657
38492 28161 66653
34623 25904 60527
11273 8411 19684
38574 28570 67144
63093 41755 104848
48405 34641 83046
48892 39137 88029
51094 36749 87843
23409 16250 39659
10757 8055 18812
33907 22736 56643
33703 24735 58438
55949 43411 99360
27902 20847 48749
18864 13504 32368
31166 22857 54023
7701 5577 13278
15496 10885 26381
19236 14197 33433
34007 23720 57727
19761 12391 32152
82104 56717 138821
28553 21337 49890
25507 19387 44894
35083 24178 59261
27855 18917 46772
8846 6089 14935
27156 19919 47075
24452 19797 44249
14335 9064 23399
30899 21216 52115
51165 41648 92813
19950 13502 33452
23232 26442 49674
42543 32444 74987
40126 27027 67153
5684 4240 9924
70340 40846 111186
31693 23152 54845
7563 5687 13250
6117 4793 10910
24546 16831 41377
6946 4839 11785
18681 11749 30430
24335 18902 43237
20554 15238 35792
40209 26754 66963
5448 4124 9572
15869 10985 26854
20916 14262 35178
78407 56479 134886
38225 26489 64714
31523 22696 54219
35978 24350 60328
46161 34045 80206
40823 30544 71367
29581 21898 51479
20784 15260 36044
33923 20968 54891
9937 6927 16864
23489 18823 42312
28827 12612 41439
9930 6763 16693
6616 5040 11656
10918 7817 18735
47059 25915 72974
33911 22727 56638
12940 13153 26093
22735 17478 40213
33853 22590 56443
21839 17220 39059
34759 24614 59373
51644 36000 87644
7604 5812 13416
15617 11711 27328
46184 32669 78853
13503 10743 24246
54780 47206 101986
54558 40089 94647
20583 26261 46844
27718 22105 49823
84793 61015 145808
33597 24594 58191
55721 40125 95846
24946 19070 44016
26931 22101 49032
26973 18393 45366
10316 7534 17850
22279 15846 38125
46248 31262 77510
34192 23675 57867
37750 28458 66208
15837 10765 26602
27599 24199 51798
10786 7877 18663
12992 9353 22345
13890 10255 24145
7819 5125 12944
16710 12168 28878
53055 33058 86113
33075 24017 57092
23143 16936 40079
10216 7326 17542
36678 28325 65003
11390 8440 19830
20351 15342 35693
27922 18144 46066
16166 11158 27324
15065 11065 26130
11196 9059 20255
13542 10558 24100
26434 19254 45688
15602 11918 27520
32695 24159 56854
13116 9872 22988
21541 16785 38326
31950 24970 56920
42006 28573 70579
23084 17261 40345
47463 34683 82146
16102 10404 26506
71004 47085 118089
46632 33795 80427
29028 23270 52298
16422 13486 29908
37068 25944 63012
19359 15299 34658
32421 23013 55434
9850 7114 16964
23793 19497 43290
27421 21379 48800
17891 12306 30197
46248 34395 80643
74720 53414 128134
18729 12788 31517
47313 32719 80032
25565 18512 44077
9244 6116 15360
23468 16031 39499
47498 36078 83576
35267 24021 59288
23586 16120 39706
22414 16392 38806
57029 43679 100708
37959 26263 64222
20922 14742 35664
24921 19186 44107
42725 29331 72056
37759 30291 68050
70817 51136 121953
17261 12787 30048
15386 9765 25151
7092 4376 11468
15821 12497 28318
22810 16528 39338
26864 17514 44378
42834 30582 73416
24266 18413 42679
12917 10058 22975
42587 29549 72136
23446 15942 39388
7200 4832 12032
32800 25515 58315
85875 61880 147755
31622 23108 54730
12803 10084 22887
38699 26941 65640
35764 24442 60206
11272 6790 18062
40166 28795 68961
18792 13320 32112
24172 20013 44185
77162 50851 128013
15499 11968 27467
41147 32021 73168
15541 10136 25677
7636 5524 13160
37513 24779 62292
36947 25573 62520
42203 31301 73504
50363 38349 88712
38305 27650 65955
55906 40498 96404
27899 21137 49036
47415 41256 88671
16692 11639 28331
12721 9022 21743
35131 23842 58973
83557 55157 138714
75156 51768 126924
29592 21615 51207
22856 17673 40529
19124 14354 33478
21424 15021 36445
68378 43685 112063
43446 33102 76548
26668 18790 45458
33084 22919 56003
35509 26714 62223
24637 18859 43496
33561 25160 58721
23012 18259 41271
17329 11523 28852
39399 28550 67949
32593 23060 55653
46896 35184 82080
8380 5949 14329
33278 24275 57553
20977 15149 36126
28939 22099 51038
11100 8866 19966
45658 33630 79288
26500 19023 45523
8288 5723 14011
92924 63054 155978
68459 51398 119857
39439 26602 66041
34009 24802 58811
20497 13633 34130
23844 16118 39962
23984 18368 42352
40221 27695 67916
54089 37107 91196
40643 28537 69180
77504 53343 130847
23152 15832 38984
70765 49011 119776
18015 11409 29424
24029 17387 41416
8025 5833 13858
24218 18378 42596
56973 45235 102208
17656 12175 29831
6765 4913 11678
