34298 0 34298
20554 0 20554
39937 0 39937
47557 1 47558
39437 0 39437
38067 0 38067
23045 0 23045
18375 0 18375
29398 0 29398
54985 0 54985
16580 0 16580
51125 0 51125
56711 0 56711
40915 0 40915
18074 0 18074
28262 0 28262
60766 0 60766
19618 0 19618
44750 0 44750
60576 0 60576
74137 0 74137
35059 0 35059
22103 0 22103
18644 0 18644
28837 1 28838
43691 1 43692
11829 0 11829
10135 0 10135
10555 1 10556
44255 0 44255
54582 1 54583
30563 0 30563
57376 0 57376
46788 0 46788
47883 0 47883
36128 0 36128
50737 0 50737
22348 0 22348
47991 1 47992
46683 0 46683
8954 0 8954
44029 0 44029
31131 1 31132
31264 1 31265
9272 0 9272
17463 0 17463
54336 1 54337
14446 0 14446
36585 1 36586
38126 0 38126
16375 1 16376
66415 0 66415
18321 0 18321
18871 0 18871
27004 0 27004
14734 0 14734
106025 0 106025
81010 0 81010
68810 1 68811
48576 0 48576
14075 0 14075
50043 1 50044
13396 0 13396
30639 0 30639
22902 1 22903
7979 1 7980
16876 0 16876
126636 0 126636
18453 0 18453
12077 0 12077
12698 0 12698
8081 1 8082
55930 0 55930
120005 0 120005
35596 1 35597
30275 0 30275
36734 0 36734
51727 0 51727
47165 0 47165
44832 0 44832
14612 0 14612
43814 0 43814
78010 0 78010
64303 1 64304
73680 0 73680
60072 0 60072
26880 0 26880
14395 0 14395
57058 0 57058
45418 0 45418
68689 0 68689
32815 1 32816
25334 0 25334
38806 0 38806
10767 0 10767
21318 0 21318
25458 0 25458
43267 0 43267
23346 1 23347
109253 0 109253
37166 0 37166
33983 1 33984
46685 0 46685
51193 0 51193
10507 1 10508
36826 0 36826
34115 0 34115
17087 0 17087
38799 0 38799
75501 1 75502
24680 0 24680
31021 0 31021
55510 0 55510
50080 0 50080
8331 0 8331
69374 0 69374
41893 0 41893
9301 0 9301
6056 0 6056
26991 0 26991
8607 1 8608
19685 0 19685
28691 0 28691
28110 0 28110
49722 0 49722
7894 1 7895
21587 0 21587
25327 0 25327
107358 0 107358
45670 0 45670
41168 0 41168
40205 0 40205
63825 0 63825
47657 1 47658
40189 0 40189
22819 0 22819
39946 0 39946
11365 0 11365
31949 0 31949
19585 1 19586
9962 0 9962
8177 0 8177
12238 0 12238
37473 0 37473
43824 0 43824
16146 0 16146
30589 0 30589
41351 0 41351
23112 0 23112
40840 0 40840
58846 0 58846
9702 0 9702
19063 0 19063
53493 0 53493
18428 0 18428
75595 0 75595
59321 0 59321
19590 0 19590
30606 0 30606
99151 0 99151
41634 0 41634
73159 0 73159
30599 0 30599
34077 0 34077
30058 1 30059
11639 0 11639
25381 0 25381
56751 0 56751
41309 0 41309
49344 0 49344
22224 0 22224
37540 0 37540
13006 0 13006
17585 0 17585
18883 1 18884
10301 1 10302
21235 0 21235
57722 1 57723
38565 0 38565
26707 0 26707
13466 0 13466
47953 1 47954
15450 0 15450
24840 0 24840
34428 0 34428
22628 1 22629
18281 0 18281
16661 0 16661
16626 0 16626
32539 0 32539
23083 0 23083
41979 1 41980
20062 0 20062
30195 0 30195
45417 0 45417
48741 0 48741
30463 0 30463
64048 0 64048
20376 0 20376
94075 0 94075
57181 0 57181
35683 0 35683
22617 0 22617
51280 1 51281
27470 0 27470
42428 0 42428
17301 0 17301
28138 0 28138
35024 0 35024
22921 0 22921
60248 0 60248
89739 0 89739
22959 0 22959
53405 1 53406
29917 0 29917
10504 0 10504
25876 0 25876
57711 0 57711
43966 0 43966
29181 0 29181
29007 0 29007
71879 0 71879
46561 1 46562
23844 0 23844
31708 0 31708
49999 1 50000
48207 0 48207
84058 1 84059
22710 0 22710
17969 0 17969
8169 0 8169
18617 0 18617
28858 0 28858
32103 0 32103
47901 0 47901
32863 0 32863
16865 0 16865
49190 0 49190
27498 0 27498
9190 0 9190
40534 0 40534
104250 0 104250
36030 1 36031
17545 0 17545
58103 0 58103
41425 0 41425
11249 0 11249
51296 0 51296
23246 0 23246
33349 0 33349
89183 0 89183
19261 0 19261
46936 0 46936
19123 0 19123
9958 0 9958
45682 0 45682
42072 0 42072
54015 0 54015
58397 0 58397
43965 0 43965
71448 0 71448
35336 0 35336
59430 0 59430
18903 0 18903
16663 0 16663
38987 0 38987
101350 0 101350
87818 0 87818
37189 0 37189
30106 0 30106
20857 0 20857
24803 0 24803
82029 0 82029
55477 0 55477
30339 0 30339
40829 0 40829
46982 0 46982
33689 0 33689
40644 0 40644
30383 0 30383
20066 0 20066
46814 1 46815
38104 0 38104
61677 0 61677
10170 0 10170
38661 0 38661
26209 0 26209
36236 0 36236
13403 0 13403
52941 0 52941
33804 1 33805
9462 0 9462
106214 0 106214
86766 0 86766
46021 0 46021
39208 0 39208
24546 0 24546
29362 1 29363
32181 1 32182
47002 0 47002
64229 1 64230
47379 0 47379
90510 0 90510
26480 0 26480
89690 0 89690
20204 0 20204
31789 0 31789
10313 0 10313
30316 0 30316
74046 0 74046
21089 0 21089
8479 1 8480
