24252 21774 46026
15850 13900 29750
29322 25696 55018
35711 31696 67407
32303 27951 60254
27862 26127 53989
18076 16273 34349
13573 12360 25933
21833 19601 41434
42619 43626 86245
12310 11093 23403
35271 30502 65773
41948 40498 82446
24390 22401 46791
13653 12131 25784
19896 16835 36731
46323 42460 88783
13712 12536 26248
31032 28118 59150
48627 41016 89643
54212 53235 107447
31922 28634 60556
18418 17481 35899
16276 13542 29818
22412 22435 44847
31702 30294 61996
9096 9656 18752
7791 7957 15748
8312 7403 15715
32968 29820 62788
43546 35827 79373
26714 24535 51249
45338 39203 84541
29135 25478 54613
26645 27140 53785
22749 20621 43370
36753 32002 68755
17134 15211 32345
38557 33843 72400
32423 28553 60976
6882 6191 13073
28875 26719 55594
22065 21344 43409
21183 19317 40500
7879 7713 15592
13670 12649 26319
44058 40671 84729
11223 10003 21226
25916 24053 49969
26313 25389 51702
11867 10660 22527
51606 47913 99519
11581 10307 21888
15746 13497 29243
23302 17378 40680
9375 7983 17358
68071 63322 131393
61787 57184 118971
44566 41003 85569
38775 33879 72654
9744 8443 18187
37729 32097 69826
8796 7601 16397
19869 16431 36300
15570 13815 29385
5682 5169 10851
9142 8227 17369
87907 75393 163300
13492 11693 25185
7232 7153 14385
8637 7725 16362
5315 4769 10084
38161 45035 83196
80747 69579 150326
21466 20572 42038
23567 21214 44781
29661 27955 57616
42819 38517 81336
33346 30492 63838
38108 34441 72549
9770 10796 20566
35505 33809 69314
58927 54685 113612
48077 41310 89387
51641 47989 99630
47525 39147 86672
22841 19328 42169
10491 9285 19776
30801 27271 58072
33470 29485 62955
53019 52074 105093
24600 21843 46443
21747 16249 37996
27990 27378 55368
7411 6970 14381
16878 14777 31655
18070 15911 33981
30051 25426 55477
19891 18268 38159
77605 63356 140961
23581 21617 45198
35313 22769 58082
36562 32143 68705
25767 25349 51116
8441 6531 14972
25501 23205 48706
25260 25289 50549
13716 12497 26213
30270 30530 60800
46101 47564 93665
17866 15920 33786
21533 18139 39672
44259 39235 83494
34720 31993 66713
5138 4526 9664
54175 50511 104686
29834 26822 56656
7692 6157 13849
4479 4259 8738
20368 16665 37033
7082 6328 13410
14441 12916 27357
20050 19952 40002
20171 17746 37917
33949 29318 63267
5530 5204 10734
13268 12407 25675
19355 16791 36146
80261 67974 148235
34469 35830 70299
29937 25250 55187
29397 27811 57208
49090 44132 93222
37834 36784 74618
28408 25180 53588
16928 15111 32039
28719 28654 57373
9621 8950 18571
21419 22808 44227
15852 13284 29136
7299 6918 14217
5839 5360 11199
9434 13800 23234
31200 28911 60111
35592 32568 68160
12500 12430 24930
21970 22196 44166
37376 34098 71474
17933 16097 34030
32325 31277 63602
59897 53436 113333
6951 6703 13654
17311 15424 32735
43348 39209 82557
11226 10205 21431
51100 47523 98623
43913 40999 84912
14232 12276 26508
21881 19283 41164
71202 65365 136567
25717 23684 49401
47195 45734 92929
20454 18663 39117
22657 20684 43341
20912 18052 38964
9419 8048 17467
19176 17384 36560
35951 32125 68076
26523 27534 54057
41880 31324 73204
15242 13703 28945
25587 24992 50579
9411 8804 18215
12414 11344 23758
12368 11176 23544
8227 8259 16486
15966 12758 28724
42441 37028 79469
31949 28862 60811
19108 17391 36499
10122 8910 19032
36600 34258 70858
9649 9020 18669
17401 16277 33678
23986 22763 46749
15141 12753 27894
13582 13291 26873
10709 10269 20978
12725 13762 26487
23862 23556 47418
15990 14694 30684
29345 25777 55122
11196 9388 20584
20023 18136 38159
29390 29572 58962
39733 34792 74525
24072 24522 48594
41161 37953 79114
14068 12278 26346
56046 49775 105821
40759 40279 81038
23150 23791 46941
16234 14616 30850
41266 33647 74913
18875 24855 43730
28024 26632 54656
8544 7245 15789
21677 21938 43615
25955 23938 49893
17393 16153 33546
42923 49407 92330
70288 61882 132170
17049 15514 32563
42961 37778 80739
20795 17575 38370
8769 8810 17579
18140 15679 33819
45770 41126 86896
30010 26067 56077
24813 20577 45390
21806 19222 41028
52066 42483 94549
33625 30191 63816
17398 14624 32022
22013 19976 41989
40608 35702 76310
35849 32712 68561
62331 54149 116480
17237 15198 32435
14109 13747 27856
11831 7082 18913
15207 14010 29217
20057 16947 37004
21269 18326 39595
39078 36038 75116
23261 21695 44956
12691 11101 23792
34474 31205 65679
19881 16500 36381
6068 5755 11823
29901 27810 57711
80658 75458 156116
28461 27015 55476
10579 16971 27550
39410 31006 70416
54691 28136 82827
13767 8791 22558
38869 35735 74604
18031 15429 33460
24005 22297 46302
71757 62257 134014
13159 11742 24901
39697 37603 77300
12407 10621 23028
7637 6820 14457
36254 30964 67218
33995 33421 67416
43471 37115 80586
46495 43426 89921
35400 28655 64055
49587 46888 96475
23876 20954 44830
45211 47084 92295
13731 11378 25109
12224 11271 23495
29270 25932 55202
72473 65285 137758
61868 56496 118364
27720 25912 53632
19367 17737 37104
15678 14655 30333
16921 15971 32892
58159 55484 113643
37943 38552 76495
24110 21322 45432
30182 30172 60354
30489 28836 59325
24405 22794 47199
30768 26621 57389
23383 20907 44290
15505 13305 28810
37744 34131 71875
31990 26757 58747
44199 41218 85417
8344 6369 14713
29105 28791 57896
17693 16107 33800
26446 26235 52681
9367 8873 18240
38610 36919 75529
22563 19922 42485
6899 6093 12992
80757 72728 153485
63913 57781 121694
35105 31607 66712
27619 24654 52273
20002 18282 38284
20388 19129 39517
23263 21165 44428
34866 29460 64326
52629 45498 98127
35189 31355 66544
65537 60371 125908
19823 20133 39956
67322 58571 125893
14389 11605 25994
23204 20550 43754
8157 7528 15685
21117 18982 40099
58713 54295 113008
16799 14870 31669
6198 5659 11857
