5712 69577 75289
2883 39864 42747
7015 81495 88510
7315 81796 89111
6643 76922 83565
7996 70703 78699
3999 49693 53692
3390 32331 35721
5098 58386 63484
10381 116109 126490
2869 33611 36480
8394 94119 102513
9238 109844 119082
7337 71281 78618
2780 35385 38165
4279 51842 56121
10242 117415 127657
3016 43617 46633
6435 77910 84345
11888 122936 134824
13849 155170 169019
6234 68468 74702
5364 47122 52486
3155 40927 44082
5394 61419 66813
7745 90758 98503
2232 27776 30008
1642 21293 22935
1628 22790 24418
6894 81060 87954
9427 105349 114776
5611 60954 66565
10544 110115 120659
6096 75277 81373
5950 69362 75312
5636 83209 88845
7870 88313 96183
3217 40813 44030
8247 93410 101657
7267 77852 85119
1880 18549 20429
6094 74392 80486
5105 61117 66222
5342 62571 67913
2138 19841 21979
2747 34612 37359
11818 111964 123782
2501 30249 32750
6868 74198 81066
7104 73561 80665
3450 32187 35637
12835 134466 147301
2834 31990 34824
3076 38805 41881
5110 55846 60956
1931 25001 26932
14484 160988 175472
13303 137973 151276
12463 126403 138866
7850 90830 98680
2535 28140 30675
8017 85449 93466
2209 25968 28177
4519 54452 58971
3993 47008 51001
1593 17471 19064
2277 26882 29159
18052 195386 213438
2423 31186 33609
1566 19794 21360
1984 27231 29215
1881 14489 16370
8449 96755 105204
17485 190379 207864
5249 56160 61409
4813 59715 64528
6428 73493 79921
9238 104795 114033
7319 93676 100995
8578 95563 104141
2531 32932 35463
7431 91764 99195
13408 152236 165644
10804 115898 126702
12333 137303 149636
10053 148497 158550
4825 54238 59063
2271 28593 30864
6031 69587 75618
7449 83863 91312
12760 131483 144243
6269 68994 75263
4025 50901 54926
5963 73438 79401
1603 23450 25053
3732 41310 45042
3917 47312 51229
6458 78880 85338
3954 45031 48985
17217 185038 202255
6150 67585 73735
5928 65878 71806
7701 83663 91364
6121 69061 75182
1467 19799 21266
7241 67170 74411
5682 65597 71279
2614 33530 36144
6525 74477 81002
12243 132122 144365
4102 49654 53756
4782 55756 60538
8933 104692 113625
9710 100378 110088
2429 17330 19759
14320 137411 151731
6305 77387 83692
1736 18867 20603
1118 12629 13747
5416 50602 56018
1802 17141 18943
2968 36124 39092
4655 56697 61352
3829 48852 52681
8278 84482 92760
1383 17429 18812
2798 38348 41146
4320 44050 48370
17048 195525 212573
7097 80209 87306
5647 71899 77546
7088 81118 88206
10614 114522 125136
8062 90390 98452
5715 65804 71519
3969 47534 51503
6558 70700 77258
2153 24031 26184
4779 57530 62309
3042 42369 45411
1375 20220 21595
1106 16550 17656
2251 24664 26915
6165 75394 81559
7096 83659 90755
2777 33698 36475
5113 60657 65770
6881 82241 89122
3807 50561 54368
6767 74670 81437
11171 110428 121599
1603 19907 21510
2892 37093 39985
9559 104645 114204
2895 33819 36714
12066 136353 148419
9652 108245 117897
3082 36414 39496
5625 61491 67116
15544 171895 187439
6476 76757 83233
10797 116936 127733
4917 57201 62118
5491 70529 76020
4941 53793 58734
1664 22131 23795
4055 47112 51167
9042 94407 103449
7029 74286 81315
8521 85502 94023
3557 39414 42971
5986 74379 80365
1867 24800 26667
2913 34647 37560
3498 32656 36154
1343 18947 20290
2889 39334 42223
9520 100625 110145
6580 71952 78532
4375 50958 55333
2579 24157 26736
6960 86904 93864
2039 28659 30698
4173 48586 52759
5398 63670 69068
3694 40042 43736
2921 33510 36431
2228 29944 32172
2684 33300 35984
4906 58502 63408
3457 40760 44217
6415 78273 84688
3207 30543 33750
4862 57291 62153
7152 71419 78571
8781 89928 98709
5646 57522 63168
9565 107832 117397
3075 35174 38249
14145 146176 160321
11354 102292 113646
6317 72641 78958
3714 40432 44146
7685 82262 89947
3656 53633 57289
5974 70892 76866
2032 23783 25815
4823 58339 63162
5326 60881 66207
3380 43539 46919
9973 109303 119276
15702 161660 177362
4270 41977 46247
9487 96830 106317
4627 54120 58747
1837 23659 25496
4239 48804 53043
9599 103126 112725
6258 75335 81593
5105 51321 56426
4832 56886 61718
12481 129252 141733
7183 84649 91832
4097 47346 51443
4896 60963 65859
8882 90367 99249
7912 89511 97423
13837 157395 171232
3573 42488 46061
2722 35109 37831
1538 15900 17438
2769 35823 38592
4300 53670 57970
5106 56672 61778
7985 97685 105670
4908 57162 62070
2785 32373 35158
7732 88648 96380
4566 54375 58941
1115 16038 17153
7008 83281 90289
16764 185951 202715
5738 68854 74592
2329 31604 33933
7344 86382 93726
7333 75953 83286
1819 22756 24575
8171 93777 101948
3564 41317 44881
5316 61741 67057
14048 152795 166843
2642 35381 38023
8688 99334 108022
3086 32492 35578
1761 18731 20492
7743 74665 82408
6537 82758 89295
9180 93358 102538
10389 113849 124238
7853 81698 89551
11798 125266 137064
6219 65989 72208
8689 125996 134685
3367 34611 37978
3326 32201 35527
6882 76717 83599
17115 183361 200476
14927 149436 164363
5554 64186 69740
4730 53410 58140
2850 37958 40808
3556 39953 43509
12911 143386 156297
8274 95541 103815
5168 58801 63969
6134 75495 81629
7099 82115 89214
5019 61466 66485
6219 72411 78630
4646 52584 57230
2898 33843 36741
7455 82050 89505
6199 71662 77861
9886 108965 118851
1500 19189 20689
6263 75481 81744
3687 46193 49880
6295 74033 80328
2310 28749 31059
10832 108307 119139
5255 58928 64183
1696 18165 19861
17029 194428 211457
15331 164680 180011
8002 85205 93207
7376 76762 84138
4306 50616 54922
4927 53940 58867
5305 56677 61982
7819 89452 97271
10732 123171 133903
8514 96987 105501
14217 156235 170452
4425 51128 55553
14683 150086 164769
2793 36022 38815
5602 69785 75387
1589 20521 22110
5343 60870 66213
17973 142245 160218
3425 42079 45504
1279 17818 19097
