21002 27909 48911
13067 18843 31910
27435 37093 64528
30992 40054 71046
26751 36261 63012
21862 30644 52506
19079 24962 44041
10675 13534 24209
17833 22126 39959
37020 50856 87876
10356 13457 23813
34761 42804 77565
37676 50414 88090
23545 32892 56437
10775 13979 24754
17076 22019 39095
40294 53331 93625
11762 16714 28476
25994 36345 62339
37972 50154 88126
47168 76720 123888
22755 31524 54279
14732 19249 33981
11762 15961 27723
17243 24814 42057
28436 40526 68962
8473 11622 20095
7305 9213 16518
7001 9449 16450
28382 39385 67767
38660 46427 85087
20404 26951 47355
37388 47353 84741
24199 35121 59320
24014 34564 58578
23028 28658 51686
31779 42626 74405
13835 16899 30734
29656 42315 71971
25422 35158 60580
5464 7879 13343
22757 32264 55021
18883 35116 53999
19580 26310 45890
6101 8996 15097
10912 15757 26669
42924 54454 97378
9665 13118 22783
22857 36871 59728
23022 32917 55939
9673 12994 22667
42028 57821 99849
10318 14466 24784
12429 17121 29550
18794 22836 41630
9157 11661 20818
54788 78916 133704
51906 72601 124507
45998 65859 111857
33624 45966 79590
8392 10995 19387
32230 41046 73276
7751 9979 17730
19147 24736 43883
13909 18234 32143
5369 7629 12998
8216 10917 19133
71099 91262 162361
11623 16212 27835
6836 9227 16063
7373 9816 17189
5382 7404 12786
33557 40168 73725
73950 95691 169641
19301 28472 47773
19443 26764 46207
24011 31492 55503
33078 43581 76659
30098 42805 72903
29775 40560 70335
8658 11425 20083
30663 42426 73089
54142 69431 123573
37914 47863 85777
43488 61769 105257
42707 55144 97851
19246 24482 43728
8937 12830 21767
25794 35344 61138
29004 37655 66659
46751 67898 114649
22568 30409 52977
17983 24434 42417
22814 32591 55405
6869 8728 15597
14674 19977 34651
17034 21706 38740
25101 33349 58450
15824 19961 35785
67356 89592 156948
21320 32532 53852
21261 30604 51865
28924 39856 68780
22641 33688 56329
7168 9380 16548
24683 33802 58485
20721 31282 52003
10412 13709 24121
23704 35354 59058
40624 60311 100935
17867 22877 40744
18901 25402 44303
38411 50463 88874
32211 40608 72819
4218 6759 10977
47042 67053 114095
26078 34534 60612
5934 8287 14221
3742 5275 9017
17393 21869 39262
5697 8310 14007
12279 17275 29554
18603 26316 44919
16410 19898 36308
29845 38039 67884
4595 7304 11899
11894 15448 27342
18300 22342 40642
67506 87902 155408
28725 39141 67866
22508 31792 54300
24805 35748 60553
41551 50929 92480
34936 45925 80861
24760 34923 59683
16667 20004 36671
23235 32585 55820
8397 10655 19052
17433 24800 42233
13533 17262 30795
6250 8075 14325
4861 6649 11510
9288 12060 21348
22650 32320 54970
26131 37406 63537
9922 13425 23347
18796 24978 43774
28776 36258 65034
17792 23298 41090
27436 36679 64115
44906 53501 98407
6275 7944 14219
13352 18138 31490
35002 45221 80223
11622 15598 27220
42106 62172 104278
41957 55618 97575
12442 16664 29106
19400 28914 48314
60599 85932 146531
24191 32592 56783
42887 58038 100925
18015 23726 41741
20834 31015 51849
20659 27293 47952
7152 9321 16473
16455 22185 38640
36559 46892 83451
24453 32750 57203
30595 39142 69737
13206 18715 31921
22815 32840 55655
8756 11196 19952
11345 15811 27156
11796 15453 27249
6407 8951 15358
13813 18711 32524
38747 49336 88083
23691 35337 59028
17037 21855 38892
8815 11856 20671
35315 41966 77281
8970 12661 21631
17468 23240 40708
21452 30538 51990
12363 22785 35148
11718 16299 28017
9413 16857 26270
9709 14305 24014
22434 27187 49621
12352 17263 29615
25417 35996 61413
10521 14965 25486
17783 25183 42966
24823 34354 59177
32550 46114 78664
18807 27942 46749
38329 49906 88235
11472 30382 41854
54608 69302 123910
38614 50111 88725
20863 31321 52184
14646 23362 38008
28676 36461 65137
16840 23191 40031
24521 33669 58190
8396 11088 19484
19255 26367 45622
20255 29409 49664
15463 18113 33576
38160 51289 89449
58701 79036 137737
15615 20047 35662
35051 47821 82872
18546 26732 45278
7850 9553 17403
17368 22822 40190
36689 45665 82354
27590 37510 65100
23087 24216 47303
19746 25827 45573
47893 76075 123968
28661 38603 67264
16541 21491 38032
18577 26448 45025
33826 56995 90821
32474 42872 75346
56654 76747 133401
14070 19666 33736
12059 16091 28150
4731 6942 11673
12054 17013 29067
18512 24981 43493
19693 27944 47637
33915 45589 79504
18494 29629 48123
14170 17432 31602
32134 46307 78441
18683 24304 42987
5051 7572 12623
27081 38218 65299
67187 91743 158930
24534 34932 59466
8523 12900 21423
29022 40200 69222
29223 38628 67851
7335 9613 16948
34381 43710 78091
17978 19272 37250
22360 26696 49056
57726 78237 135963
10920 15034 25954
35388 48894 84282
11137 15028 26165
7227 8283 15510
26427 34906 61333
34101 39753 73854
32108 44891 76999
42394 55005 97399
32952 37390 70342
42962 61255 104217
20714 30007 50721
39558 60359 99917
11949 15353 27302
10933 14919 25852
26428 36982 63410
63276 84008 147284
53935 72264 126199
23819 32472 56291
17044 23767 40811
13458 18716 32174
16793 20291 37084
52935 74181 127116
33492 45969 79461
20595 27580 48175
26435 40407 66842
25818 37195 63013
19758 26116 45874
28033 37945 65978
17108 24095 41203
13239 17891 31130
30622 40318 70940
24150 35056 59206
40078 51484 91562
6862 9209 16071
25563 37019 62582
17076 22442 39518
23586 33870 57456
8955 12748 21703
34864 45841 80705
19469 26803 46272
6245 8683 14928
67954 103872 171826
54196 74267 128463
30764 40213 70977
24211 33026 57237
16330 20793 37123
19613 27758 47371
19988 28904 48892
35565 40257 75822
46689 59050 105739
33786 44348 78134
55584 77954 133538
18915 21103 40018
56140 77283 133423
13474 17431 30905
19285 26884 46169
6489 8478 14967
18571 27045 45616
43887 70027 113914
14968 19528 34496
5486 8193 13679
