4279 67663 71942
3015 35289 38304
5004 69725 74729
5446 75341 80787
5551 77484 83035
4242 62608 66850
2902 48382 51284
2319 35792 38111
3245 54197 57442
6321 98824 105145
2011 32121 34132
6641 96187 102828
6980 112738 119718
4346 62678 67024
2008 31381 33389
3028 49063 52091
7551 112658 120209
2354 36398 38752
5308 75961 81269
7271 108662 115933
9618 145212 154830
3969 60372 64341
2677 45998 48675
2120 32849 34969
3325 53180 56505
4946 80019 84965
1371 23142 24513
1106 18959 20065
1143 20555 21698
5242 80032 85274
5879 106624 112503
3733 55961 59694
7094 102320 109414
5528 73969 79497
4347 63157 67504
4267 66452 70719
6282 100091 106373
2509 41213 43722
6197 85652 91849
5215 69147 74362
1072 21465 22537
5155 68889 74044
3388 53777 57165
4230 65678 69908
1532 18059 19591
2168 31281 33449
6550 110677 117227
1649 26275 27924
4348 66981 71329
4305 68692 72997
1861 28679 30540
7865 117217 125082
2342 34048 36390
2208 35973 38181
3475 53893 57368
1444 23780 25224
11165 151903 163068
10975 151653 162628
7838 122118 129956
5628 85155 90783
1587 28532 30119
6274 86276 92550
1437 24331 25768
3571 53839 57410
2466 40381 42847
922 16795 17717
1485 24974 26459
12842 194914 207756
1946 33775 35721
1108 18996 20104
1403 24962 26365
899 13560 14459
6365 96283 102648
14757 233299 248056
4366 52872 57238
3836 57410 61246
4575 69465 74040
6753 106958 113711
5670 80024 85694
5629 85373 91002
1766 29310 31076
5395 83844 89239
9877 128805 138682
6868 106195 113063
8093 121124 129217
7135 103655 110790
3622 65271 68893
1783 30247 32030
4853 79749 84602
6096 92794 98890
8860 124728 133588
4448 66892 71340
2674 46336 49010
4439 67715 72154
1653 20689 22342
2616 42054 44670
2650 44109 46759
4890 69990 74880
2878 45237 48115
14211 191566 205777
4769 74553 79322
5000 57357 62357
6291 87547 93838
4534 69692 74226
1533 18307 19840
4863 72146 77009
4331 68080 72411
2031 29516 31547
4516 65257 69773
8730 132600 141330
2999 43145 46144
3179 48449 51628
7049 106323 113372
6185 103939 110124
1150 13818 14968
8631 123820 132451
5260 78574 83834
1081 16787 17868
755 12270 13025
3061 45166 48227
1406 17420 18826
2483 39771 42254
3913 60916 64829
3119 49665 52784
5614 76612 82226
943 14944 15887
2424 40156 42580
3162 47884 51046
11303 171454 182757
5509 82306 87815
6146 87232 93378
4909 74573 79482
7781 120091 127872
6191 98149 104340
5206 72179 77385
2694 50071 52765
4767 75671 80438
1270 23570 24840
4292 63715 68007
2595 44767 47362
1611 22108 23719
1471 17046 18517
1560 28579 30139
5287 74343 79630
5512 82667 88179
1950 31884 33834
3714 59721 63435
5664 82024 87688
2881 50902 53783
6288 76923 83211
10179 110285 120464
1630 36664 38294
2534 39445 41979
6895 100063 106958
2450 34619 37069
9263 139766 149029
7756 116301 124057
2373 38755 41128
4463 66423 70886
12498 180835 193333
5391 75481 80872
8782 130301 139083
3842 58340 62182
4947 70759 75706
3670 58727 62397
1278 23972 25250
3052 48720 51772
5813 83946 89759
5336 72353 77689
5265 81437 86702
2309 37581 39890
4970 74705 79675
1349 25848 27197
2316 44011 46327
2262 33051 35313
1287 20176 21463
2746 42515 45261
7315 112132 119447
4631 70479 75110
3258 53883 57141
1363 22982 24345
6905 89401 96306
1710 28589 30299
2949 50187 53136
3801 57496 61297
2597 40608 43205
3091 34841 37932
1695 27161 28856
2068 33181 35249
3154 54816 57970
2657 42464 45121
4664 68758 73422
2002 31983 33985
3880 59707 63587
5573 79309 84882
6159 90724 96883
3642 52742 56384
7007 113059 120066
2345 40085 42430
9867 131887 141754
8238 115120 123358
4994 81359 86353
3222 46434 49656
6890 92150 99040
3295 53451 56746
5410 77473 82883
1885 26195 28080
4174 63217 67391
4032 65582 69614
2696 45789 48485
7624 109762 117386
12583 164241 176824
2870 44701 47571
7246 116813 124059
3746 57577 61323
1626 23275 24901
3033 52551 55584
8681 111996 120677
5400 77166 82566
3210 56511 59721
3289 58010 61299
10070 154094 164164
6443 91655 98098
3253 50780 54033
4811 64915 69726
6925 100215 107140
7055 93168 100223
11411 164060 175471
2918 47216 50134
2327 38625 40952
1482 16639 18121
2416 39659 42075
3373 54009 57382
3748 59771 63519
6154 97699 103853
4203 64614 68817
1990 33941 35931
6282 92685 98967
3428 52477 55905
940 17182 18122
5374 84520 89894
14113 204772 218885
5222 77630 82852
2116 32014 34130
6223 85376 91599
6560 87111 93671
1444 26062 27506
6193 101008 107201
2978 47495 50473
4166 67945 72111
14328 163328 177656
2184 37294 39478
5849 96239 102088
2518 37062 39580
2638 19586 22224
6007 78674 84681
5910 95726 101636
7120 102666 109786
8559 121385 129944
6352 89588 95940
9291 133753 143044
4853 69821 74674
7604 151221 158825
3025 38179 41204
2113 35298 37411
5284 79580 84864
13519 177610 191129
14726 164467 179193
4704 70854 75558
4052 61108 65160
2612 42507 45119
2744 49378 52122
11126 158633 169759
7821 112378 120199
4477 63399 67876
5000 80635 85635
5999 88924 94923
3871 63764 67635
5807 82824 88631
3548 58305 61853
4458 38872 43330
6450 101907 108357
5285 74537 79822
8633 109490 118123
1238 21198 22436
4957 76609 81566
3472 52627 56099
5586 76096 81682
1938 28062 30000
6707 105618 112325
4496 68247 72743
1991 19886 21877
13647 194382 208029
13146 174047 187193
6344 90242 96586
5276 81275 86551
4063 52045 56108
3844 63941 67785
4350 66303 70653
6609 92812 99421
7902 132987 140889
6242 100651 106893
11707 167198 178905
3751 56643 60394
11723 162961 174684
2618 37348 39966
4239 69153 73392
1700 20699 22399
4409 68021 72430
9490 146082 155572
3136 45763 48899
1915 18570 20485
