21932 24460 46392
13169 14299 27468
28443 32867 61310
29917 34207 64124
27817 31904 59721
23541 26653 50194
15397 17001 32398
12277 13801 26078
21341 21581 42922
43019 43369 86388
11640 12872 24512
32196 35258 67454
41657 44832 86489
26316 29605 55921
11046 12469 23515
18107 20687 38794
45500 47896 93396
13435 14208 27643
28016 32698 60714
40506 43651 84157
47648 61702 109350
28908 38907 67815
17510 20490 38000
12496 14960 27456
21569 25055 46624
28627 33418 62045
9327 10083 19410
7810 9030 16840
8475 9570 18045
30731 32771 63502
48762 51379 100141
22529 23946 46475
39088 40277 79365
39690 38001 77691
25488 31349 56837
23166 27429 50595
36123 40090 76213
15030 16863 31893
32968 40971 73939
30288 32953 63241
6762 7480 14242
29368 34659 64027
19909 24671 44580
21288 23530 44818
6583 11463 18046
13892 15336 29228
40323 47740 88063
10635 13541 24176
27428 32064 59492
27197 30684 57881
11418 12910 24328
48255 60300 108555
11367 12382 23749
12598 13426 26024
22307 25245 47552
9511 10583 20094
65613 71674 137287
58436 60705 119141
45821 53769 99590
35396 39386 74782
8913 9791 18704
35850 37108 72958
8076 8586 16662
21410 21248 42658
15300 20985 36285
6436 6978 13414
8481 9575 18056
78969 83802 162771
12138 16547 28685
7699 8688 16387
9498 10254 19752
5890 7313 13203
41142 39985 81127
85903 88409 174312
21841 25176 47017
19838 23205 43043
24541 31965 56506
38528 40239 78767
35546 40779 76325
32520 39304 71824
10679 13280 23959
32469 38549 71018
61108 66744 127852
44373 47882 92255
49159 54007 103166
52085 50528 102613
20554 22359 42913
9666 11185 20851
27345 30516 57861
34520 39241 73761
51639 59999 111638
23599 28615 52214
20718 25505 46223
27738 35732 63470
7734 9048 16782
14995 17068 32063
20808 22863 43671
33427 30237 63664
15826 17713 33539
67132 72850 139982
25583 28408 53991
23874 28023 51897
35948 35943 71891
24891 30793 55684
7238 7607 14845
25404 36494 61898
20602 28876 49478
14790 14998 29788
24450 28449 52899
45364 50847 96211
18606 20791 39397
18914 19148 38062
40978 46909 87887
41976 38734 80710
4662 5919 10581
50518 60996 111514
27591 34549 62140
6425 7257 13682
3660 4477 8137
18531 18437 36968
6230 7180 13410
13441 15340 28781
18283 21221 39504
17230 17575 34805
31720 33654 65374
5340 5525 10865
13406 15689 29095
15939 16604 32543
74391 87574 161965
32610 36007 68617
25727 30893 56620
30380 35136 65516
44700 43877 88577
34269 39780 74049
26631 30728 57359
17367 19508 36875
26014 30586 56600
7615 8403 16018
19874 24060 43934
13954 14404 28358
6643 8389 15032
5692 6652 12344
9852 11254 21106
27838 33296 61134
28897 32139 61036
11224 13316 24540
19929 23689 43618
32521 36777 69298
17934 20756 38690
28742 34989 63731
43405 45950 89355
6921 7813 14734
14396 15676 30072
41979 46038 88017
10768 11641 22409
50976 62623 113599
42564 47287 89851
14817 16440 31257
20229 23599 43828
72141 76464 148605
25149 28190 53339
43834 50892 94726
19259 20451 39710
23010 28595 51605
22427 23679 46106
7486 8100 15586
24234 20775 45009
37925 41732 79657
25672 27067 52739
34614 39051 73665
13676 14054 27730
29334 32953 62287
9886 10318 20204
21159 14248 35407
12422 14306 26728
8392 8900 17292
13749 14043 27792
39172 43585 82757
25654 32000 57654
19772 20006 39778
8842 9385 18227
35499 35472 70971
9637 11331 20968
15998 17541 33539
22901 26002 48903
13052 14483 27535
12487 14029 26516
9961 12145 22106
11596 13687 25283
21369 24278 45647
14363 16868 31231
25528 29631 55159
11317 12630 23947
19888 23459 43347
28391 32755 61146
34263 34240 68503
21446 24084 45530
39769 41835 81604
13247 13449 26696
55393 64210 119603
38297 39504 77801
24487 30439 54926
15809 17737 33546
31550 32083 63633
18209 20975 39184
24808 29818 54626
8256 8206 16462
21848 23787 45635
24426 28005 52431
22014 18470 40484
43164 48019 91183
66819 73760 140579
15264 18029 33293
40295 41625 81920
19830 19820 39650
8009 8933 16942
18257 20575 38832
41265 44738 86003
28274 32473 60747
21122 22879 44001
21078 23950 45028
47176 54431 101607
31839 35396 67235
15774 19095 34869
21568 25177 46745
37358 40413 77771
30366 41614 71980
59642 69122 128764
15360 15697 31057
12060 13334 25394
5201 6462 11663
12093 13465 25558
20546 21716 42262
18836 21560 40396
40263 41909 82172
19660 23774 43434
11432 12863 24295
32388 35149 67537
20538 21379 41917
5429 6648 12077
28709 36662 65371
65055 75217 140272
26263 29387 55650
10712 12849 23561
32911 36331 69242
31936 35286 67222
7724 8466 16190
36105 40357 76462
18194 18308 36502
21935 25679 47614
73857 69035 142892
11708 13594 25302
39078 42495 81573
12908 13929 26837
6294 6901 13195
31652 33569 65221
31581 36577 68158
34993 38111 73104
40190 43813 84003
35142 38011 73153
47244 55443 102687
23292 27569 50861
37506 48353 85859
12490 13932 26422
10312 11452 21764
25584 29215 54799
70321 76266 146587
56691 73228 129919
22685 25746 48431
20625 23585 44210
17250 15556 32806
17771 18427 36198
53751 61019 114770
40486 45994 86480
19272 22225 41497
27385 34327 61712
29106 33282 62388
21164 24062 45226
26527 29724 56251
19938 23421 43359
12773 13397 26170
32952 36899 69851
24092 27396 51488
41888 45398 87286
6942 7503 14445
27295 33839 61134
17281 18069 35350
24997 30115 55112
9540 11261 20801
37033 48193 85226
22970 26216 49186
6767 7272 14039
79555 85758 165313
59757 65890 125647
33061 36876 69937
24354 29145 53499
18591 21140 39731
21495 24847 46342
21763 22558 44321
34119 34363 68482
43663 53284 96947
36295 41688 77983
56736 63506 120242
20534 21589 42123
56415 62559 118974
14368 16568 30936
23216 27504 50720
6827 7624 14451
22788 26345 49133
45098 54159 99257
16128 17647 33775
6864 6735 13599
