6939 66240 73179
3665 36752 40417
8022 71315 79337
9792 80543 90335
7908 68910 76818
8239 71017 79256
5004 44921 49925
3821 35540 39361
7172 58705 65877
12690 111272 123962
3201 32299 35500
10570 90047 100617
11980 106269 118249
7478 68550 76028
3426 33793 37219
6069 47890 53959
15015 112272 127287
3703 37578 41281
7990 70803 78793
13280 114124 127404
14412 135961 150373
6651 60016 66667
5022 46128 51150
3504 33511 37015
5329 53627 58956
7890 72518 80408
2603 24367 26970
1895 19240 21135
2296 22296 24592
7960 71480 79440
10922 93720 104642
6307 55853 62160
11603 101517 113120
7241 65725 72966
7625 71559 79184
6296 60123 66419
9739 79746 89485
4110 38369 42479
8621 80660 89281
8736 75442 84178
2193 18381 20574
8324 78400 86724
5393 53944 59337
6439 59340 65779
2120 18846 20966
3903 35944 39847
11573 97614 109187
2961 28924 31885
7338 67080 74418
6904 64734 71638
3400 31716 35116
13187 118602 131789
3420 33102 36522
3886 37119 41005
6297 54289 60586
2726 27342 30068
17823 160085 177908
16297 142576 158873
12890 119561 132451
8811 84719 93530
2425 26044 28469
10375 84752 95127
2516 24867 27383
6138 52438 58576
4204 43428 47632
1726 17328 19054
2849 25842 28691
24408 182291 206699
4028 35425 39453
2119 21545 23664
2352 22822 25174
1348 15696 17044
11061 92661 103722
23617 204290 227907
6465 59644 66109
6994 52846 59840
8632 66702 75334
11313 92083 103396
9624 82237 91861
9164 80104 89268
2743 28745 31488
8685 79433 88118
16732 147109 163841
12497 97313 109810
14326 131879 146205
11733 106469 118202
6157 54249 60406
3045 30438 33483
7376 69716 77092
8990 79622 88612
14564 133974 148538
6608 59833 66441
5477 50479 55956
7302 68049 75351
2209 19452 21661
4011 38222 42233
5235 45433 50668
7993 68181 76174
4902 43168 48070
22640 160263 182903
7400 68960 76360
6639 62246 68885
9588 84115 93703
7995 60408 68403
2083 20649 22732
7398 67109 74507
5860 58506 64366
3543 33978 37521
7155 68305 75460
14742 132124 146866
4650 42231 46881
5584 48724 54308
11571 100993 112564
9150 86071 95221
1981 13441 15422
13513 122826 136339
8281 73479 81760
2318 18898 21216
1326 12704 14030
5669 51930 57599
1932 16706 18638
4061 36208 40269
5242 50997 56239
5542 50833 56375
9898 85532 95430
2050 14699 16749
3941 38064 42005
5863 40936 46799
21113 182941 204054
9138 79419 88557
7613 73121 80734
10084 75802 85886
13031 110520 123551
10601 91008 101609
8155 68022 76177
4683 46528 51211
8000 72424 80424
2305 21266 23571
6322 57129 63451
4319 40620 44939
2057 19299 21356
1417 16110 17527
2445 24777 27222
7210 74104 81314
9021 83096 92117
3676 32326 36002
6160 56783 62943
8229 77913 86142
5309 50719 56028
8614 74830 83444
13947 107796 121743
1731 20662 22393
3923 37144 41067
12005 103410 115415
3344 29757 33101
14864 143837 158701
12395 102165 114560
4535 39018 43553
6422 61550 67972
17443 158032 175475
8119 73072 81191
13408 106186 119594
7600 54568 62168
6122 60023 66145
5790 50863 56653
1994 22789 24783
5274 47915 53189
9857 83940 93797
7921 70865 78786
9317 91263 100580
4149 40166 44315
8165 79114 87279
2616 25261 27877
3262 35696 38958
3195 30989 34184
1940 18862 20802
4278 39560 43838
14424 99318 113742
8825 78126 86951
4877 43446 48323
2484 24434 26918
9567 83899 93466
2604 30358 32962
5019 48028 53047
6565 68073 74638
3487 39128 42615
3127 30967 34094
2696 29497 32193
2877 32308 35185
7964 49398 57362
3698 37093 40791
10043 75183 85226
3102 30205 33307
5855 54989 60844
8573 78358 86931
10155 83932 94087
7384 61016 68400
12645 114740 127385
4080 40929 45009
21544 144622 166166
10925 93131 104056
6872 69606 76478
4430 40340 44770
8994 76687 85681
5317 48243 53560
8220 82239 90459
2435 20247 22682
6167 57369 63536
5848 57914 63762
5359 43115 48474
10937 109606 120543
18467 167114 185581
3781 38194 41975
13127 99609 112736
5627 49260 54887
2139 22850 24989
5081 53714 58795
12756 110500 123256
7723 79017 86740
6650 49925 56575
6243 56601 62844
12254 110326 122580
9655 84251 93906
5057 45806 50863
5341 53558 58899
9185 78685 87870
8476 79058 87534
15131 135348 150479
4578 41809 46387
3174 31104 34278
1379 14271 15650
3318 30853 34171
5832 52136 57968
5683 52690 58373
9176 81014 90190
5641 52163 57804
2774 27387 30161
8949 78259 87208
5975 52167 58142
1316 14434 15750
7445 68569 76014
20708 185971 206679
6994 62814 69808
2723 27241 29964
10359 71893 82252
7920 69767 77687
2459 24616 27075
10892 90321 101213
4623 38362 42985
6372 62444 68816
18263 157191 175454
3316 34964 38280
10372 100275 110647
3481 32983 36464
2033 18093 20126
11204 84227 95431
8115 76173 84288
11609 95684 107293
11486 98034 109520
8690 73757 82447
13955 125854 139809
7691 71622 79313
11937 140815 152752
3622 32571 36193
3126 34786 37912
10219 75446 85665
25394 175112 200506
20874 166169 187043
7710 69566 77276
5340 48337 53677
4082 39123 43205
5671 45409 51080
15927 141877 157804
10944 98098 109042
6051 56434 62485
8472 77401 85873
9248 83195 92443
6667 58719 65386
7503 65008 72511
6040 54577 60617
3437 30567 34004
9842 85617 95459
7752 69998 77750
10255 92358 102613
2545 18147 20692
6958 66069 73027
4628 41815 46443
6308 60539 66847
2514 23860 26374
10219 90275 100494
5905 55370 61275
1784 18826 20610
21491 186583 208074
16128 138630 154758
9245 79501 88746
8834 73558 82392
5391 48979 54370
5606 51499 57105
5521 51078 56599
10298 76779 87077
13166 117341 130507
9768 84030 93798
16016 131547 147563
5311 44717 50028
16115 135312 151427
4349 37852 42201
6662 92644 99306
2324 26559 28883
5847 61433 67280
17324 143625 160949
4290 43751 48041
1776 20895 22671
