12863 54157 67020
6802 32938 39740
13949 57957 71906
16536 71307 87843
13793 61973 75766
13231 54006 67237
8809 41630 50439
6057 27942 33999
10687 45103 55790
19996 87481 107477
6210 27355 33565
18469 77748 96217
20699 88658 109357
13689 58569 72258
6342 28648 34990
10441 43922 54363
21868 86495 108363
6536 30237 36773
13733 63709 77442
20930 89332 110262
26708 115825 142533
13516 49862 63378
7635 35123 42758
6045 28851 34896
10554 45396 55950
13213 64393 77606
4452 20290 24742
3864 17748 21612
4077 17002 21079
13621 62203 75824
19845 80062 99907
11262 48326 59588
21553 81744 103297
14019 56898 70917
13876 63800 77676
13017 52158 65175
15559 74208 89767
7120 32110 39230
16281 71139 87420
14041 60848 74889
3498 14742 18240
15419 64069 79488
11472 49729 61201
13068 50109 63177
2951 15077 18028
6623 28370 34993
20367 90407 110774
5415 23099 28514
15825 61880 77705
13440 60140 73580
6345 26393 32738
26244 111915 138159
6797 27890 34687
6086 30217 36303
10068 44105 54173
4451 23865 28316
33828 147075 180903
31096 122817 153913
25651 102274 127925
17043 72141 89184
4804 22646 27450
18370 69010 87380
4412 20953 25365
10618 43494 54112
7644 37106 44750
2795 15494 18289
5096 21789 26885
37482 155282 192764
5630 26926 32556
3505 16982 20487
4375 23093 27468
2774 12772 15546
21587 80036 101623
39205 164300 203505
12076 49769 61845
11406 47693 59099
14294 62288 76582
18680 80299 98979
18288 73047 91335
15764 73293 89057
5235 22048 27283
16167 73798 89965
29786 125500 155286
23763 87959 111722
25299 108000 133299
21965 89510 111475
9852 45209 55061
5611 24003 29614
13515 61265 74780
15471 69569 85040
26924 110992 137916
13878 57765 71643
8915 39905 48820
15115 61727 76842
4072 18141 22213
7704 34318 42022
8989 41260 50249
14840 61079 75919
8706 37052 45758
35701 145581 181282
12360 55455 67815
13296 53931 67227
15833 67204 83037
12478 55574 68052
3349 16029 19378
13969 59276 73245
12710 51995 64705
5983 27678 33661
14299 62903 77202
25698 108653 134351
9518 40008 49526
10511 41512 52023
20434 83716 104150
17973 81528 99501
2614 11624 14238
33131 121049 154180
16938 66482 83420
4128 19132 23260
2596 9792 12388
9267 45458 54725
2801 14736 17537
6596 31300 37896
10778 46624 57402
9431 41811 51242
17406 73890 91296
2948 12642 15590
6805 32428 39233
8348 34314 42662
39719 172024 211743
18886 75592 94478
13025 61051 74076
16583 67806 84389
23196 91038 114234
17486 83560 101046
14920 62998 77918
8777 39731 48508
14066 58715 72781
4052 18723 22775
10073 46889 56962
6749 31086 37835
3329 16049 19378
2610 12629 15239
4560 19569 24129
13533 62879 76412
14406 66706 81112
5871 26465 32336
10988 49080 60068
14888 68277 83165
8351 36449 44800
14025 57881 71906
21030 86950 107980
3121 16124 19245
7183 31951 39134
19880 82478 102358
5815 25657 31472
26202 110233 136435
22397 94303 116700
7645 33599 41244
11264 48870 60134
31970 144955 176925
14398 62795 77193
22434 93106 115540
10076 42850 52926
14586 59933 74519
11342 50152 61494
3678 23053 26731
9305 40812 50117
18836 80279 99115
12567 54260 66827
17404 78716 96120
6637 31748 38385
13125 56427 69552
4288 19545 23833
5820 25253 31073
6539 26754 33293
2821 15411 18232
6300 28137 34437
18992 86359 105351
14246 63576 77822
8269 36595 44864
5519 21931 27450
14551 66456 81007
5109 23032 28141
8870 40790 49660
13013 52561 65574
8166 31328 39494
5633 26203 31836
5411 21900 27311
5344 26937 32281
9882 40944 50826
6387 29803 36190
14801 59548 74349
5928 28296 34224
9788 40858 50646
12822 56530 69352
16773 73163 89936
11418 49170 60588
17803 74053 91856
6734 30934 37668
25884 121018 146902
20119 85665 105784
13207 51098 64305
7785 31386 39171
14845 63756 78601
8749 39906 48655
11818 52672 64490
3861 16888 20749
11024 47507 58531
12678 55984 68662
8690 33965 42655
21043 88119 109162
30638 135593 166231
8063 34740 42803
19363 79094 98457
10131 43422 53553
3810 18036 21846
8851 36695 45546
19601 75628 95229
12777 56995 69772
10503 45023 55526
10222 47825 58047
25626 105706 131332
17109 79895 97004
7893 34619 42512
13108 50291 63399
18660 76807 95467
20971 88474 109445
29328 133588 162916
7255 34308 41563
6937 34522 41459
2416 13156 15572
6911 33117 40028
10456 45611 56067
9666 41789 51455
17630 78949 96579
11332 48463 59795
5977 25665 31642
14998 69899 84897
9377 37025 46402
2660 11970 14630
15311 70304 85615
32167 148946 181113
13206 59914 73120
5332 22331 27663
13707 61772 75479
14883 66783 81666
4534 20871 25405
17820 78587 96407
8641 36873 45514
13179 46044 59223
32631 136194 168825
6069 32693 38762
17660 85990 103650
6266 27921 34187
2935 13646 16581
15320 65112 80432
15804 69957 85761
18770 81324 100094
22073 94673 116746
15912 70440 86352
22868 92307 115175
12469 52045 64514
20396 105048 125444
6139 26132 32271
5701 23751 29452
14663 63039 77702
32999 140030 173029
30712 139537 170249
12191 50873 63064
10580 43924 54504
7027 32806 39833
8196 35871 44067
27228 119610 146838
17737 74887 92624
10821 47000 57821
12562 61248 73810
14801 71667 86468
10526 43085 53611
14708 64042 78750
10195 44805 55000
6637 30256 36893
16584 73147 89731
12372 57957 70329
20885 85103 105988
3214 15092 18306
13251 62249 75500
8363 35281 43644
12581 56307 68888
4949 21860 26809
19107 82788 101895
11199 45817 57016
3046 15156 18202
34422 155055 189477
29677 127499 157176
15384 67747 83131
13229 56578 69807
8465 36126 44591
10919 45927 56846
11786 50162 61948
16527 73402 89929
22209 97115 119324
18004 70154 88158
29325 131893 161218
9258 38603 47861
29922 127314 157236
6856 30259 37115
11811 51400 63211
3411 16096 19507
11336 45270 56606
25922 107069 132991
7521 35012 42533
2652 13350 16002
