20654 34536 55190
11276 20350 31626
23975 37676 61651
37034 44060 81094
24728 40710 65438
22027 37571 59598
15441 24926 40367
9740 16407 26147
18352 29154 47506
35753 52221 87974
10283 18480 28763
31614 48554 80168
33453 51868 85321
22405 37450 59855
9785 15944 25729
17833 28134 45967
35989 56072 92061
12540 20776 33316
23339 40529 63868
37142 56610 93752
47045 71962 119007
21530 35727 57257
13965 23431 37396
11507 19768 31275
16089 32315 48404
25537 42625 68162
7858 11744 19602
6684 10740 17424
6666 10156 16822
24772 41390 66162
32274 47718 79992
18840 30608 49448
34370 53355 87725
24003 39519 63522
21065 34105 55170
20915 35948 56863
26972 42568 69540
12612 21045 33657
27562 44975 72537
24025 40434 64459
5212 9322 14534
20991 35991 56982
18749 31843 50592
18429 29650 48079
5925 9133 15058
11198 16658 27856
35556 57794 93350
8488 14002 22490
21441 36157 57598
22041 37348 59389
8971 14503 23474
42922 70172 113094
9483 15840 25323
11970 19537 31507
16697 25125 41822
7966 12213 20179
53871 84892 138763
51711 83005 134716
38651 61780 100431
29926 48923 78849
7954 12855 20809
26933 44006 70939
7927 12760 20687
17612 26700 44312
12744 23713 36457
4843 8660 13503
7982 13422 21404
80020 101848 181868
10819 18106 28925
6076 10298 16374
8139 12819 20958
4929 8091 13020
33519 50327 83846
67809 103917 171726
19393 31864 51257
19555 29795 49350
24968 40361 65329
35742 54036 89778
25663 41878 67541
32844 48556 81400
7951 15308 23259
25613 42462 68075
52680 76796 129476
40424 60560 100984
40464 71029 111493
36998 65269 102267
18315 28599 46914
8890 14088 22978
22747 35652 58399
28523 46796 75319
43403 68363 111766
22333 36277 58610
14957 22928 37885
24064 40871 64935
6197 9779 15976
12255 19155 31410
17390 26482 43872
26680 44499 71179
19982 22444 42426
58532 89160 147692
21925 36815 58740
18857 31373 50230
28973 44813 73786
19920 33100 53020
6042 9721 15763
23169 37791 60960
17416 31186 48602
10217 15442 25659
23776 41523 65299
37568 67085 104653
15859 21952 37811
18084 29333 47417
34238 51730 85968
31899 50976 82875
4011 7071 11082
40539 71703 112242
24939 42448 67387
5328 8472 13800
4089 6690 10779
16849 24180 41029
5517 12791 18308
11781 20307 32088
18006 28004 46010
16125 28519 44644
26723 40756 67479
4317 7815 12132
11709 20868 32577
16234 24772 41006
65058 96253 161311
28029 45515 73544
20898 35313 56211
24409 40388 64797
38660 61879 100539
32001 51466 83467
23034 37968 61002
16099 24933 41032
21894 34949 56843
7477 11720 19197
18030 31553 49583
12004 19127 31131
5983 9872 15855
4879 8536 13415
7581 11605 19186
25237 40404 65641
26017 43331 69348
10314 17862 28176
17651 31249 48900
25225 39046 64271
15450 22059 37509
24813 42170 66983
36723 53751 90474
5604 10186 15790
12005 19781 31786
39401 57605 97006
10337 17776 28113
41547 69402 110949
38178 60919 99097
12031 19402 31433
17976 29408 47384
57017 93860 150877
23579 35990 59569
39698 64905 104603
16816 29765 46581
19647 35202 54849
19674 29765 49439
6642 10241 16883
15482 24126 39608
34526 51526 86052
23301 38566 61867
31753 49423 81176
12312 20079 32391
23275 40775 64050
7843 11499 19342
12583 16181 28764
10285 16081 26366
5798 10812 16610
13870 19932 33802
33585 54731 88316
25557 37614 63171
16488 28049 44537
8083 12857 20940
27740 46792 74532
8570 13185 21755
18171 23098 41269
20358 33694 54052
12232 20240 32472
10939 26135 37074
8583 15600 24183
8980 16053 25033
16732 26755 43487
11073 20653 31726
22220 37217 59437
10232 17142 27374
17321 31259 48580
24221 41112 65333
30468 51095 81563
19704 28264 47968
40311 49476 89787
11895 19051 30946
43948 72898 116846
34107 53744 87851
19429 33832 53261
13060 22150 35210
24907 38705 63612
15631 25623 41254
20864 36481 57345
7219 10822 18041
17098 30481 47579
20863 35226 56089
12452 19823 32275
34498 52739 87237
52206 88492 140698
13103 22344 35447
35493 52798 88291
17456 26356 43812
6325 10264 16589
15792 25491 41283
34247 52540 86787
25895 42240 68135
16787 25053 41840
20285 31473 51758
37854 62611 100465
28334 46442 74776
16529 24797 41326
17899 29906 47805
39523 44907 84430
25833 47857 73690
49803 81474 131277
13294 22504 35798
10340 19597 29937
4551 8063 12614
10811 16867 27678
16170 26001 42171
18236 30567 48803
36688 50380 87068
19623 32158 51781
10034 16787 26821
28332 43711 72043
18777 28614 47391
4267 8459 12726
26636 43725 70361
60370 97198 157568
21548 37517 59065
8963 14380 23343
28153 44717 72870
24994 42630 67624
7180 11389 18569
32850 52075 84925
16310 24029 40339
17983 29382 47365
54588 85464 140052
10949 22089 33038
31156 52371 83527
10216 15481 25697
4990 8674 13664
27059 41825 68884
25102 39806 64908
34614 54594 89208
38139 57136 95275
28922 54660 83582
38325 62005 100330
22088 30814 52902
36531 61272 97803
12536 19611 32147
8857 14649 23506
23069 37566 60635
58202 92600 150802
50745 81232 131977
22262 37652 59914
16515 26535 43050
12425 21061 33486
14547 21295 35842
53080 75542 128622
33458 59013 92471
19121 31426 50547
22249 42352 64601
27446 45448 72894
18684 29213 47897
24168 38789 62957
15719 26722 42441
11371 17451 28822
29227 43168 72395
20692 34389 55081
36440 58237 94677
6022 9325 15347
22470 51052 73522
14881 23605 38486
21211 33683 54894
7375 12454 19829
33563 50365 83928
20888 34432 55320
6084 9891 15975
62090 107593 169683
58172 93117 151289
26683 40838 67521
22390 36314 58704
15330 37122 52452
19102 32408 51510
18845 32803 51648
31065 46895 77960
38828 65754 104582
32295 50367 82662
52282 78564 130846
17215 26330 43545
54218 85507 139725
12336 17670 30006
19120 33545 52665
5713 10470 16183
19806 32214 52020
44620 75507 120127
12110 19370 31480
5491 9371 14862
