3345 60321 63666
1698 40153 41851
4041 83940 87981
3799 75678 79477
3770 69885 73655
3458 74805 78263
1929 42858 44787
1968 33178 35146
2303 49175 51478
4704 98877 103581
1401 32926 34327
4493 100879 105372
10339 119341 129680
3264 73737 77001
1742 40578 42320
2801 59100 61901
6566 125242 131808
2938 43633 46571
4020 85086 89106
6768 126982 133750
11292 162412 173704
3220 73812 77032
2256 49371 51627
2148 38796 40944
3002 90667 93669
3780 79341 83121
1147 27410 28557
911 19879 20790
1377 25255 26632
4580 87464 92044
4975 103097 108072
3075 60861 63936
5744 108410 114154
3474 74403 77877
3500 75322 78822
3065 69530 72595
4931 86215 91146
2083 39580 41663
4156 91836 95992
4388 72436 76824
728 20859 21587
3474 70177 73651
2607 59739 62346
3087 70831 73918
820 20773 21593
1815 38248 40063
5136 111331 116467
1452 28573 30025
3680 80890 84570
3395 75093 78488
2032 32988 35020
7025 135985 143010
1353 33858 35211
1560 39803 41363
2647 54567 57214
1101 26611 27712
9074 182133 191207
7242 150078 157320
6109 128505 134614
4681 97141 101822
2871 30449 33320
4218 87568 91786
1044 28741 29785
2370 52906 55276
1813 48405 50218
671 17417 18088
1140 29331 30471
10700 204901 215601
1457 35748 37205
894 21410 22304
1598 25515 27113
957 16348 17305
4635 97249 101884
10806 217437 228243
2543 59660 62203
2780 60798 63578
3739 78341 82080
4942 105393 110335
4681 94147 98828
4571 97185 101756
1276 30692 31968
3970 93958 97928
8957 147867 156824
5334 118459 123793
6628 138012 144640
5801 116596 122397
2696 56071 58767
1675 32897 34572
3635 78522 82157
4316 94343 98659
7562 154468 162030
2951 67723 70674
2558 54693 57251
7591 78321 85912
842 23082 23924
2172 41847 44019
2267 48146 50413
3731 74709 78440
2037 49987 52024
10463 187731 198194
2953 71371 74324
2851 68876 71727
4095 88527 92622
3000 66791 69791
967 21364 22331
3185 71051 74236
2841 70837 73678
1406 36138 37544
4300 77090 81390
6060 136808 142868
2235 50650 52885
2822 55747 58569
5202 117834 123036
4435 99195 103630
1274 14695 15969
6275 131710 137985
3795 84502 88297
1060 18336 19396
586 14526 15112
2695 50623 53318
798 20141 20939
1632 38912 40544
2423 58414 60837
2186 49527 51713
4099 90800 94899
799 16661 17460
2210 39485 41695
2142 44911 47053
9680 203646 213326
3999 85711 89710
3248 76340 79588
3675 80813 84488
6103 124101 130204
4126 101524 105650
3635 74103 77738
2330 51033 53363
3386 72690 76076
1031 25198 26229
2913 63211 66124
1997 43665 45662
851 20301 21152
1037 17578 18615
1322 28132 29454
3121 73312 76433
4100 88335 92435
1662 35026 36688
3113 61219 64332
4565 88441 93006
2176 51542 53718
3726 77399 81125
6013 106337 112350
1025 19832 20857
1773 41621 43394
6444 106529 112973
1461 35700 37161
6454 138512 144966
5977 120101 126078
1846 41568 43414
2859 65366 68225
9200 178100 187300
3227 76021 79248
6024 123962 129986
2753 60359 63112
2902 68789 71691
3009 54693 57702
1113 22843 23956
2399 51660 54059
4780 95675 100455
3488 79757 83245
4151 90059 94210
1629 38049 39678
3367 74565 77932
1111 25774 26885
1667 34588 36255
1568 35028 36596
980 19748 20728
3058 40904 43962
5432 104615 110047
3605 82560 86165
2191 59291 61482
1435 26973 28408
3961 90206 94167
1523 29559 31082
2055 50136 52191
2684 65043 67727
1843 40016 41859
1848 34594 36442
1311 31756 33067
1322 30789 32111
2541 55329 57870
1714 42515 44229
3430 80106 83536
1266 31851 33117
4086 55576 59662
3499 72621 76120
4682 91633 96315
2538 56904 59442
5618 113269 118887
1614 36749 38363
6959 132833 139792
4968 99783 104751
2861 65917 68778
1780 40038 41818
4340 87918 92258
2226 47348 49574
3174 68126 71300
1597 23582 25179
2744 62345 65089
2806 67440 70246
1796 41618 43414
5123 113852 118975
8334 160467 168801
1938 45323 47261
5348 100385 105733
2777 58172 60949
1395 22225 23620
2100 51259 53359
5609 113886 119495
3805 78881 82686
2758 55413 58171
2541 58374 60915
7130 141950 149080
5547 92520 98067
2168 49013 51181
2969 61052 64021
4278 88408 92686
4493 98753 103246
7336 173296 180632
1951 44196 46147
1648 39214 40862
1000 15538 16538
1877 35726 37603
2497 56498 58995
2686 58784 61470
4770 100769 105539
2781 69007 71788
1594 36446 38040
5135 101078 106213
2833 57299 60132
634 17976 18610
4056 85894 89950
10433 213844 224277
4001 79159 83160
1303 34277 35580
4122 83513 87635
4089 86244 90333
1026 25964 26990
4040 92052 96092
2131 48941 51072
2551 58013 60564
7826 170045 177871
1509 47015 48524
4393 98500 102893
1522 35597 37119
814 20318 21132
4180 82800 86980
3620 77948 81568
4903 97954 102857
5953 120695 126648
4316 78032 82348
5454 116147 121601
3070 65062 68132
4920 137383 142303
2305 45425 47730
1512 30257 31769
3834 81777 85611
9732 186155 195887
8631 146919 155550
3617 71715 75332
2808 59394 62202
1677 44528 46205
2054 46482 48536
7414 147553 154967
4722 97664 102386
2438 52842 55280
3622 81013 84635
3571 77668 81239
2683 60586 63269
3783 79862 83645
2384 52063 54447
2056 38122 40178
4809 95476 100285
3133 64301 67434
5631 147760 153391
1027 22719 23746
3932 82993 86925
2252 50833 53085
2961 65299 68260
1636 26381 28017
4729 102253 106982
2520 58339 60859
786 18322 19108
9610 177925 187535
8406 167963 176369
4472 89185 93657
3362 75627 78989
2221 47457 49678
2419 53937 56356
2554 55603 58157
4274 99179 103453
5379 112368 117747
4205 86155 90360
7153 145043 152196
2670 55569 58239
8159 160399 168558
1869 34200 36069
2680 60167 62847
907 20974 21881
2490 54836 57326
6839 136483 143322
2004 38638 40642
750 16671 17421
