34818 4104 38922
18908 2251 21159
38963 4806 43769
44060 5160 49220
37680 4641 42321
35388 4515 39903
22460 2574 25034
16625 1976 18601
26786 3079 29865
52496 7197 59693
15724 1716 17440
46474 5728 52202
52434 6529 58963
35455 4990 40445
17059 2049 19108
27276 3260 30536
57782 7434 65216
18760 2352 21112
37654 4543 42197
58278 7560 65838
70614 9426 80040
32108 4041 36149
22145 2476 24621
17669 2235 19904
29643 3645 33288
40162 5038 45200
12632 1474 14106
10217 1174 11391
10712 1262 11974
43247 5101 48348
55007 6021 61028
28875 3460 32335
53625 6517 60142
36013 4479 40492
36881 4592 41473
31700 3931 35631
47529 5721 53250
19777 2397 22174
43835 5303 49138
39300 4821 44121
8721 1116 9837
38519 4684 43203
29721 3672 33393
30206 3598 33804
9421 1176 10597
17618 2103 19721
54222 6835 61057
14486 1662 16148
36124 4284 40408
34022 4529 38551
15639 1706 17345
66800 8793 75593
15566 1935 17501
18775 2177 20952
27229 3023 30252
12780 1490 14270
88672 11639 100311
78827 10038 88865
62255 8243 70498
45986 5830 51816
13202 1575 14777
46574 6527 53101
12149 1274 13423
26118 3034 29152
20741 2410 23151
7805 940 8745
12339 1691 14030
106448 12992 119440
16935 1990 18925
9804 1187 10991
11309 1428 12737
7490 903 8393
49293 6118 55411
108589 13267 121856
30174 3605 33779
27853 3477 31330
36628 4542 41170
51412 6480 57892
43989 5633 49622
44456 5892 50348
14241 1690 15931
42568 5411 47979
80176 10299 90475
56557 6884 63441
67804 8596 76400
58257 7406 65663
26443 3054 29497
14669 1733 16402
38102 4778 42880
42123 5342 47465
70606 9233 79839
33785 4198 37983
24873 2917 27790
36369 4817 41186
9857 1117 10974
20321 2394 22715
25834 2754 28588
40489 4828 45317
24121 2729 26850
100767 12281 113048
33218 3933 37151
32192 3818 36010
43599 5550 49149
33086 4160 37246
9600 1490 11090
36021 4327 40348
30765 3989 34754
17363 1985 19348
37129 4669 41798
63003 8423 71426
23876 2826 26702
27381 3213 30594
50168 6757 56925
47758 6172 53930
6757 775 7532
71189 9073 80262
39051 4728 43779
9062 986 10048
5739 750 6489
25634 2869 28503
8683 1051 9734
17548 1927 19475
26429 3502 29931
22672 2612 25284
44868 5555 50423
7308 878 8186
17542 2164 19706
23739 2687 26426
101468 12958 114426
42080 5273 47353
37365 4729 42094
38110 4822 42932
60142 7735 67877
44883 6877 51760
37438 4570 42008
22232 2701 24933
36178 4572 40750
10949 1211 12160
29577 3508 33085
19356 2310 21666
9662 1180 10842
7374 885 8259
12368 1473 13841
37022 4652 41674
40571 4933 45504
16332 1955 18287
27999 3597 31596
42131 5371 47502
24279 2621 26900
39954 4782 44736
58419 6730 65149
9157 1113 10270
19101 2246 21347
53941 6610 60551
16602 1987 18589
69736 9477 79213
54798 6875 61673
19980 2342 22322
31469 3736 35205
85994 11506 97500
37781 4596 42377
57834 7471 65305
27954 3604 31558
29918 3710 33628
28657 3443 32100
10182 1149 11331
27053 2839 29892
51379 6124 57503
36335 4344 40679
43970 5511 49481
19212 2299 21511
36317 4646 40963
12162 1400 13562
16793 2026 18819
19268 1977 21245
8599 1044 9643
19771 2214 21985
51908 7843 59751
39063 4877 43940
26264 3284 29548
12328 1466 13794
44041 5961 50002
12123 1452 13575
22527 2642 25169
32187 3734 35921
18461 2240 20701
17414 2072 19486
13321 1669 14990
16281 1952 18233
28382 3495 31877
18617 2304 20921
40011 5064 45075
14885 1699 16584
27560 3497 31057
39109 4900 44009
46625 5842 52467
30159 3677 33836
53972 6717 60689
18389 2078 20467
79337 9992 89329
53499 6737 60236
34559 4597 39156
19829 2336 22165
42409 5061 47470
24135 2874 27009
35948 4645 40593
14233 1347 15580
26483 3478 29961
30685 3736 34421
22134 2576 24710
55246 6745 61991
87239 10966 98205
20553 2576 23129
52729 6309 59038
28410 3296 31706
10054 1198 11252
24503 2891 27394
56558 7012 63570
39044 4882 43926
26895 3027 29922
28018 3509 31527
64527 8452 72979
45578 5668 51246
25647 2701 28348
28340 3657 31997
48995 6316 55311
42673 5508 48181
86148 12417 98565
19261 3095 22356
18482 2102 20584
7947 974 8921
17481 2018 19499
26562 3323 29885
28831 3680 32511
46152 5650 51802
30490 3705 34195
15910 1862 17772
46993 5966 52959
25881 3012 28893
7572 954 8526
38035 4905 42940
100490 13234 113724
37352 4718 42070
14231 1751 15982
45969 6244 52213
40757 5010 45767
11411 1382 12793
44644 5949 50593
23208 2618 25826
28298 3449 31747
89645 11221 100866
16927 2243 19170
47210 6081 53291
16131 1926 18057
8741 1123 9864
42775 4858 47633
43453 5389 48842
47545 5956 53501
59329 7528 66857
43114 5312 48426
65068 8399 73467
32886 3832 36718
55098 7248 62346
19346 2095 21441
15384 1868 17252
38551 4448 42999
91215 11424 102639
85814 10920 96734
33552 5860 39412
27444 3367 30811
19487 2410 21897
22978 2533 25511
77526 9960 87486
55288 7979 63267
28614 3305 31919
37317 4754 42071
39571 5511 45082
29744 3895 33639
37945 4762 42707
26313 3533 29846
17623 2065 19688
47787 5638 53425
34207 4202 38409
54331 7062 61393
12062 1026 13088
47459 5916 53375
24482 2958 27440
34505 4727 39232
13614 1735 15349
52099 6795 58894
30118 4747 34865
9236 1080 10316
105163 13499 118662
94526 10890 105416
45950 5545 51495
37848 5168 43016
25031 3038 28069
29571 3645 33216
29932 3584 33516
47786 5609 53395
58950 8135 67085
48078 5778 53856
87518 10719 98237
25276 2884 28160
85845 10401 96246
18462 2136 20598
32137 3903 36040
10013 1197 11210
30653 3596 34249
69669 9860 79529
22507 2324 24831
8329 1063 9392
