32050 11702 43752
17762 6851 24613
35622 12918 48540
39721 15128 54849
34518 13301 47819
33751 12826 46577
20134 7381 27515
15949 5833 21782
25447 9914 35361
48058 19310 67368
15261 5554 20815
40859 16077 56936
47443 19247 66690
33445 12565 46010
15200 5411 20611
25020 9386 34406
54606 21706 76312
17584 6706 24290
36574 13937 50511
53226 20567 73793
68077 28106 96183
27397 10870 38267
21198 8271 29469
16071 6092 22163
26320 10474 36794
35223 14441 49664
11687 4900 16587
9016 3334 12350
10238 4586 14824
37936 15190 53126
47152 17418 64570
26242 10091 36333
47323 18822 66145
34430 13055 47485
32557 12092 44649
30288 11521 41809
43818 16254 60072
18799 7016 25815
41288 16110 57398
36525 13522 50047
7817 3084 10901
32313 12502 44815
24880 9881 34761
28038 11191 39229
8123 3068 11191
15616 5721 21337
50132 20799 70931
12242 4692 16934
32592 12459 45051
32271 11954 44225
14957 5459 20416
60525 24633 85158
15118 5100 20218
17731 6615 24346
24677 8692 33369
10842 4148 14990
79915 31421 111336
74858 29050 103908
54534 21846 76380
42554 17117 59671
11235 4433 15668
45092 16161 61253
10858 3972 14830
24076 8551 32627
18597 7244 25841
6874 2717 9591
11651 4667 16318
91126 35758 126884
16048 5902 21950
9076 3601 12677
9730 3866 13596
6525 2344 8869
43287 16228 59515
93896 36740 130636
26200 10350 36550
24200 9689 33889
32687 12339 45026
47616 19150 66766
40458 15495 55953
39616 15546 55162
12131 4797 16928
39424 15580 55004
70756 27762 98518
49096 19770 68866
53550 22872 76422
53094 21432 74526
36459 9373 45832
13007 4893 17900
33933 12942 46875
39981 16403 56384
59209 24400 83609
30300 11778 42078
20706 8118 28824
32699 13188 45887
8926 3681 12607
17572 6856 24428
22538 8778 31316
36082 12878 48960
21086 8186 29272
85173 32796 117969
31498 12012 43510
25972 10375 36347
40258 15561 55819
28305 11198 39503
9134 3484 12618
32531 12454 44985
24754 10758 35512
14295 5354 19649
33456 13050 46506
53722 22865 76587
22172 8351 30523
24529 9519 34048
44719 18444 63163
42226 17509 59735
6223 2240 8463
61293 25050 86343
35394 13396 48790
7959 2911 10870
4935 2172 7107
22364 8253 30617
7901 2989 10890
15788 5698 21486
22980 9282 32262
22079 8226 30305
41053 15948 57001
6482 2575 9057
16643 6331 22974
21226 7429 28655
87601 35179 122780
39074 15547 54621
32734 12440 45174
35296 13277 48573
52664 22515 75179
43358 18103 61461
31808 12527 44335
20776 8356 29132
31738 12493 44231
10120 3931 14051
24142 9782 33924
18439 7288 25727
8305 3109 11414
6556 2523 9079
10946 4170 15116
33190 14138 47328
34847 14199 49046
14754 5630 20384
24398 10429 34827
37159 15109 52268
20607 8090 28697
35579 13925 49504
58030 19372 77402
8255 3246 11501
16946 6000 22946
50871 19108 69979
14688 5381 20069
60265 26244 86509
52042 20266 72308
17642 6762 24404
26426 10445 36871
80859 31332 112191
34801 13534 48335
53265 23500 76765
25604 10225 35829
27338 11299 38637
25413 9953 35366
9999 3873 13872
21728 8190 29918
43699 16676 60375
34906 13109 48015
41176 16229 57405
17321 7403 24724
33430 13535 46965
10313 3892 14205
15119 5891 21010
14931 5183 20114
8649 3269 11918
18426 7091 25517
48578 18403 66981
33433 13135 46568
25411 8817 34228
10546 4208 14754
38884 15596 54480
11204 4247 15451
20364 7995 28359
28864 11088 39952
17588 6306 23894
15991 5809 21800
11132 4630 15762
14152 5462 19614
25128 10029 35157
16824 6606 23430
35255 14040 49295
13733 5015 18748
25280 9546 34826
35496 14415 49911
58252 15432 73684
26129 10196 36325
47497 18502 65999
16668 6259 22927
67453 26719 94172
48421 18707 67128
28935 11700 40635
18120 7518 25638
53838 15522 69360
21353 8371 29724
31818 12166 43984
10435 3988 14423
23980 9940 33920
27915 11013 38928
19594 7302 26896
51309 20721 72030
77044 30587 107631
18603 7386 25989
47144 18309 65453
25377 9951 35328
9691 3660 13351
21929 8552 30481
49844 19798 69642
36843 13940 50783
24153 9233 33386
24366 9033 33399
56276 22735 79011
41308 16127 57435
22080 7971 30051
25811 10419 36230
42659 16079 58738
42654 16944 59598
74368 30581 104949
18617 6892 25509
15006 5657 20663
6825 2574 9399
16792 6215 23007
23411 8765 32176
25531 10279 35810
41505 18579 60084
25688 10711 36399
15000 5447 20447
41871 16953 58824
23805 8671 32476
6769 2761 9530
35767 13765 49532
90217 36662 126879
33004 12378 45382
12820 5123 17943
38798 15152 53950
36945 13986 50931
10687 4106 14793
42957 16894 59851
20466 7460 27926
27652 10904 38556
80304 31059 111363
17209 6474 23683
42928 18009 60937
15313 5445 20758
8284 3213 11497
37870 14605 52475
39549 15818 55367
45227 18101 63328
53151 21096 74247
41295 15968 57263
56596 23367 79963
30266 10811 41077
48553 21954 70507
17982 6411 24393
14141 5994 20135
35541 13545 49086
83167 30928 114095
76769 29863 106632
29793 11377 41170
25902 9859 35761
17047 6444 23491
21065 7687 28752
67741 26786 94527
48236 19353 67589
24758 9566 34324
33401 13044 46445
39712 15758 55470
24748 10469 35217
37663 14571 52234
23734 9430 33164
17828 6515 24343
44057 16906 60963
31625 12610 44235
51744 20403 72147
8752 3595 12347
35563 14180 49743
22448 8584 31032
30603 11634 42237
11972 4467 16439
49556 19603 69159
27870 11105 38975
8292 3248 11540
89909 34958 124867
76447 30368 106815
39561 14841 54402
33607 12951 46558
21626 8459 30085
25256 9581 34837
25873 9602 35475
42396 16367 58763
53463 21906 75369
45091 17263 62354
75968 28590 104558
24896 9238 34134
76239 28819 105058
18456 6481 24937
27107 10649 37756
8800 3356 12156
25457 9899 35356
62912 25016 87928
18210 7108 25318
7553 2902 10455
