16009 35647 51656
9875 21235 31110
19449 44024 63473
24378 53346 77724
22114 49264 71378
19000 43832 62832
11495 26031 37526
8392 18735 27127
14641 34942 49583
29741 68294 98035
7556 17334 24890
26689 58732 85421
29283 61687 90970
18580 42603 61183
9923 20901 30824
13693 29224 42917
32533 66816 99349
10413 24448 34861
19707 42861 62568
31125 66075 97200
39630 116863 156493
16895 39404 56299
12472 28332 40804
9088 20247 29335
14849 37137 51986
19748 46629 66377
6933 15684 22617
4941 11430 16371
6282 18126 24408
20454 46640 67094
26610 59617 86227
13673 32402 46075
27160 58409 85569
17789 42078 59867
18270 40363 58633
15645 37821 53466
22393 51150 73543
11229 25551 36780
24328 55545 79873
20179 45051 65230
4372 10774 15146
19126 45365 64491
14078 39113 53191
15710 34775 50485
4774 11729 16503
8500 19703 28203
30164 68736 98900
7921 20331 28252
21624 42193 63817
18303 42831 61134
8581 19034 27615
33892 73631 107523
8403 19451 27854
10747 20490 31237
14149 29219 43368
6730 14413 21143
47305 109374 156679
38728 88143 126871
30970 70499 101469
22533 51727 74260
7148 17880 25028
25460 55702 81162
6120 13597 19717
16096 33304 49400
10449 24572 35021
3918 9522 13440
7068 14692 21760
49854 112747 162601
8006 18462 26468
4655 10932 15587
5965 15807 21772
3485 8276 11761
23684 54352 78036
53798 115433 169231
16342 38511 54853
13897 32626 46523
18619 41395 60014
29075 63677 92752
22942 54093 77035
22751 51427 74178
6468 16908 23376
22213 58515 80728
37844 88801 126645
29156 65609 94765
33572 79179 112751
31793 66004 97797
15478 32994 48472
6898 16831 23729
20358 46280 66638
21414 51195 72609
36640 87603 124243
16478 36979 53457
13222 30849 44071
18079 42871 60950
5215 12885 18100
11435 22972 34407
12308 31232 43540
21077 46893 67970
12023 26941 38964
51437 113720 165157
16166 37683 53849
16667 39691 56358
22192 49518 71710
16196 37571 53767
5512 12741 18253
19119 42709 61828
16166 41189 57355
8237 18712 26949
19053 45421 64474
32722 79310 112032
13231 29765 42996
15144 32644 47788
29227 59968 89195
23971 55504 79475
3415 8894 12309
36430 78722 115152
22016 50566 72582
4361 10088 14449
2574 6897 9471
13863 28130 41993
4518 10771 15289
9456 20575 30031
15110 35857 50967
12266 28030 40296
28725 55190 83915
3478 8136 11614
9836 23308 33144
12087 25059 37146
53065 123307 176372
22404 47383 69787
20320 46656 66976
21413 44383 65796
37434 67279 104713
23543 55872 79415
18120 40387 58507
12989 30353 43342
18253 40039 58292
5444 12768 18212
13861 32760 46621
9854 21858 31712
4617 10734 15351
4172 9995 14167
6392 13986 20378
20286 47284 67570
21769 51696 73465
8049 18278 26327
15051 38073 53124
20867 49972 70839
12125 26646 38771
19281 42144 61425
33997 70707 104704
4544 10575 15119
11530 27262 38792
29003 65280 94283
8345 20673 29018
37474 89919 127393
34515 66351 100866
10303 23864 34167
17416 34975 52391
46731 107798 154529
17898 40943 58841
30607 69850 100457
13619 31650 45269
15579 36855 52434
15823 33695 49518
5428 12319 17747
11636 26921 38557
26798 59116 85914
18450 41462 59912
23004 53098 76102
9715 20843 30558
19123 45476 64599
6207 13945 20152
8073 18542 26615
9294 18137 27431
4445 10359 14804
9787 21170 30957
27882 59944 87826
18242 43201 61443
14219 31789 46008
6666 14370 21036
24777 54618 79395
7238 17566 24804
12087 30447 42534
18215 36424 54639
10079 23851 33930
9191 20365 29556
7317 24967 32284
8620 20855 29475
15737 35372 51109
10683 26778 37461
19388 43638 63026
8580 19027 27607
14385 34137 48522
20329 44554 64883
24585 55519 80104
16241 36837 53078
28148 64847 92995
10188 24820 35008
38815 85723 124538
29274 60554 89828
16173 38558 54731
9965 22476 32441
21661 45943 67604
12516 31106 43622
19696 44123 63819
6064 13310 19374
13527 32351 45878
17645 41658 59303
11081 23724 34805
31241 69751 100992
40404 91925 132329
10192 23384 33576
26439 56307 82746
14069 30441 44510
5770 13651 19421
11436 27425 38861
28605 62326 90931
21248 49387 70635
14084 29534 43618
15735 35439 51174
33283 74512 107795
23887 56436 80323
13001 27202 40203
15541 38156 53697
24858 52996 77854
23669 55813 79482
40594 94436 135030
11178 26981 38159
8569 21515 30084
3915 10079 13994
11286 20807 32093
15770 32969 48739
15900 36633 52533
24449 55690 80139
15913 39280 55193
7743 17176 24919
23531 52944 76475
14326 30255 44581
3650 8963 12613
21399 52882 74281
52793 121422 174215
20267 41814 62081
7798 19826 27624
22333 51175 73508
21124 46273 67397
6051 14235 20286
26127 53124 79251
12649 32696 45345
14979 34988 49967
47469 103622 151091
9135 21166 30301
25304 61595 86899
8645 18623 27268
4813 11597 16410
22393 49860 72253
21114 48260 69374
26527 60057 86584
34457 74908 109365
24172 54315 78487
35853 81447 117300
17494 39161 56655
30948 81739 112687
9148 19992 29140
8358 19692 28050
18927 42900 61827
48500 109420 157920
42651 98097 140748
17365 37944 55309
15903 36175 52078
9129 21599 30728
12492 27822 40314
40721 93494 134215
27636 65319 92955
15561 36672 52233
19025 42620 61645
22738 54595 77333
17118 37501 54619
19764 46467 66231
14433 36174 50607
10003 22289 32292
24296 51564 75860
18726 41672 60398
28964 63684 92648
5222 12368 17590
20429 48180 68609
12620 26892 39512
16963 49195 66158
7563 17706 25269
28057 80599 108656
17039 39919 56958
4581 10559 15140
51459 128589 180048
48276 107880 156156
23311 51333 74644
21132 52613 73745
13144 37730 50874
16473 37609 54082
16816 40777 57593
23033 57073 80106
29977 72280 102257
29521 57569 87090
44308 101119 145427
13627 30051 43678
48404 101797 150201
10312 22821 33133
17701 40894 58595
4960 11704 16664
16388 37514 53902
36663 89290 125953
11580 26785 38365
4122 10130 14252
