8397 60884 69281
4977 35805 40782
10008 71055 81063
11445 76865 88310
9540 68844 78384
8565 70728 79293
5256 38621 43877
4193 31394 35587
5921 45063 50984
11559 89431 100990
4933 29993 34926
10930 90883 101813
12492 97881 110373
9904 64179 74083
4343 32522 36865
5906 44077 49983
13535 97674 111209
4309 32678 36987
8585 63631 72216
14854 114294 129148
18342 136423 154765
8028 61317 69345
5116 37154 42270
4378 33866 38244
6480 50830 57310
9919 72871 82790
2599 21693 24292
2634 19016 21650
2467 18780 21247
10063 72334 82397
13897 92387 106284
7312 52473 59785
13283 90672 103955
8511 60439 68950
8989 65823 74812
7713 61116 68829
11781 86982 98763
5973 40623 46596
9888 80729 90617
9893 63984 73877
1927 16323 18250
8454 61589 70043
6983 55016 61999
6799 49072 55871
1961 15688 17649
4508 33457 37965
12616 99756 112372
3152 23727 26879
8251 69709 77960
8120 58436 66556
3713 28743 32456
17033 122612 139645
3908 29954 33862
4587 31873 36460
6307 48542 54849
3088 24159 27247
21470 158753 180223
20163 141307 161470
15421 113651 129072
10519 72961 83480
2805 25685 28490
10763 70583 81346
2719 22685 25404
5950 47216 53166
4717 36256 40973
2145 14640 16785
3069 24868 27937
23693 156767 180460
4159 32337 36496
2394 19070 21464
2374 19882 22256
1672 14399 16071
12679 86853 99532
26454 183558 210012
6528 49161 55689
7078 56195 63273
9542 67907 77449
18490 98729 117219
11367 82382 93749
10665 73357 84022
2980 28022 31002
11610 82172 93782
20078 137658 157736
13738 100849 114587
16479 121255 137734
14026 104015 118041
5945 43855 49800
3636 28135 31771
9494 68922 78416
10614 72740 83354
17108 126706 143814
7293 53975 61268
6175 45590 51765
8875 66597 75472
3136 19500 22636
5232 39501 44733
6097 44312 50409
9825 72043 81868
5405 37563 42968
26644 156217 182861
8079 56524 64603
7125 51917 59042
9929 68800 78729
7901 62127 70028
2198 16676 18874
8539 62559 71098
6860 55209 62069
3762 27627 31389
9040 68237 77277
14820 108955 123775
6100 43283 49383
5715 44573 50288
12864 85755 98619
10681 80618 91299
1603 13316 14919
16016 113335 129351
10190 74396 84586
2101 16570 18671
1173 10635 11808
5697 41630 47327
1771 14784 16555
4554 33677 38231
5865 46034 51899
6312 44610 50922
11032 81312 92344
1624 13144 14768
4486 34768 39254
6177 44192 50369
22101 179767 201868
10662 67976 78638
8649 62438 71087
10558 73927 84485
14106 109217 123323
12746 91975 104721
12614 85117 97731
5918 44645 50563
9171 71024 80195
2917 23266 26183
6623 53260 59883
4520 33087 37607
2334 17597 19931
1779 15323 17102
2899 24045 26944
8191 66423 74614
10579 79204 89783
3588 27480 31068
6854 54921 61775
9877 75317 85194
6142 43325 49467
9888 70203 80091
12892 95138 108030
2512 21082 23594
5348 38313 43661
14672 100971 115643
4004 31622 35626
15779 118307 134086
15395 114675 130070
4938 40679 45617
8315 67782 76097
23302 165507 188809
10395 91610 102005
16569 120182 136751
7379 51991 59370
9107 65289 74396
8459 53701 62160
3265 21816 25081
6383 46232 52615
14046 84194 98240
10162 70658 80820
12452 89583 102035
5289 36220 41509
9074 69324 78398
2635 24349 26984
4473 37998 42471
4144 36141 40285
2037 19708 21745
5351 39702 45053
13690 85524 99214
9874 74363 84237
6097 51510 57607
3023 24120 27143
11180 79498 90678
3331 27176 30507
5899 48264 54163
10606 65708 76314
7354 43491 50845
4587 35634 40221
3065 32173 35238
4197 31472 35669
7393 58359 65752
5380 41982 47362
11459 82071 93530
4292 31413 35705
7646 55363 63009
11416 76317 87733
13909 86513 100422
9032 57887 66919
14871 105930 120801
5028 34328 39356
21564 144670 166234
16144 97237 113381
9085 70407 79492
4785 36369 41154
12013 79822 91835
5450 42167 47617
9634 71572 81206
2822 21002 23824
6243 53055 59298
8519 63606 72125
5414 39635 45049
13467 101943 115410
22347 158368 180715
5201 41795 46996
14166 94125 108291
6945 49540 56485
2470 21498 23968
6432 50503 56935
15654 107295 122949
9814 75994 85808
6732 51117 57849
6397 52257 58654
16886 124055 140941
11985 84634 96619
5713 46095 51808
7073 57086 64159
13361 88369 101730
10947 84128 95075
20741 158318 179059
5304 39832 45136
4087 35951 40038
1890 16716 18606
4480 32611 37091
6614 52667 59281
7498 56580 64078
12245 88733 100978
7838 58502 66340
3994 31517 35511
11743 84756 96499
6800 51566 58366
1869 15781 17650
10333 78355 88688
24834 174073 198907
9445 67043 76488
3679 30552 34231
10755 72018 82773
11086 78747 89833
2613 23923 26536
12127 88978 101105
6048 40512 46560
7863 60464 68327
23632 143313 166945
4061 33762 37823
12858 91690 104548
4529 33568 38097
2057 17614 19671
11076 71664 82740
11764 77030 88794
13206 90167 103373
15460 107939 123399
10636 78265 88901
16935 125672 142607
8424 60496 68920
13585 121516 135101
4541 34001 38542
4365 31200 35565
10684 74494 85178
25294 165239 190533
22561 147968 170529
8695 64765 73460
6957 53081 60038
4860 36767 41627
5884 40811 46695
19000 136020 155020
14624 91729 106353
10169 55848 66017
10347 75700 86047
11017 76124 87141
7205 56389 63594
10449 80193 90642
7770 53599 61369
5613 34864 40477
12321 84079 96400
8292 62905 71197
13157 101155 114312
2352 19788 22140
9781 74893 84674
6329 45609 51938
7916 65077 72993
3060 25920 28980
13813 101630 115443
7971 59756 67727
2291 18764 21055
25786 182518 208304
20868 144320 165188
10396 76107 86503
9343 67203 76546
6811 49474 56285
7404 56998 64402
7852 58761 66613
12450 84059 96509
15888 118903 134791
12886 81987 94873
20560 139958 160518
6626 50013 56639
21131 138573 159704
4332 33739 38071
8522 62336 70858
2211 18292 20503
6925 53259 60184
17649 136751 154400
5159 38123 43282
1901 17093 18994
