5865 68839 74704
3272 36091 39363
6472 79199 85671
6776 73799 80575
6586 78892 85478
6118 74733 80851
3868 48630 52498
2638 31078 33716
3796 49857 53653
9419 111500 120919
2484 30754 33238
7144 82131 89275
8199 98701 106900
6158 72443 78601
2599 32732 35331
4281 51792 56073
8268 105183 113451
3019 36319 39338
6025 71504 77529
8285 105999 114284
10500 139648 150148
5363 68276 73639
3470 41595 45065
3013 34717 37730
4673 55288 59961
7067 85053 92120
1833 24084 25917
1745 20506 22251
1951 21143 23094
6216 74350 80566
8588 101257 109845
4829 59885 64714
9283 106126 115409
5444 66915 72359
6334 76334 82668
4807 59898 64705
7945 91501 99446
3344 36506 39850
6743 77904 84647
6024 71674 77698
1375 17022 18397
5494 68309 73803
4076 54788 58864
5179 64579 69758
1599 18250 19849
3258 38437 41695
9184 112882 122066
2295 27016 29311
5556 67750 73306
5549 66637 72186
2455 29173 31628
9511 120429 129940
2478 30654 33132
3396 38568 41964
3964 49464 53428
2183 27923 30106
13326 155792 169118
13334 156300 169634
9149 116516 125665
7126 86933 94059
2120 26962 29082
7120 77593 84713
2015 26222 28237
3911 49598 53509
3393 43705 47098
1407 17666 19073
2178 26484 28662
15272 179718 194990
2670 33348 36018
1695 18846 20541
2157 25588 27745
1245 15442 16687
7745 96131 103876
17657 204905 222562
4410 57995 62405
4478 53363 57841
5798 71758 77556
7962 92635 100597
7071 84557 91628
7887 93365 101252
2131 28719 30850
7418 91652 99070
11397 137256 148653
8463 104588 113051
9354 121829 131183
8987 117531 126518
4049 49021 53070
2322 29903 32225
5958 70666 76624
7714 91775 99489
10263 129293 139556
4951 63249 68200
4191 45679 49870
6232 82846 89078
1634 21195 22829
3204 39559 42763
4089 45924 50013
6926 76160 83086
4117 47308 51425
14892 165159 180051
5157 63361 68518
5208 66004 71212
7637 86187 93824
4849 63052 67901
1778 21248 23026
5880 70888 76768
4884 61797 66681
2887 34974 37861
5603 69690 75293
10109 134403 144512
4525 44382 48907
5064 50010 55074
8718 105320 114038
7277 96723 104000
1183 15596 16779
10213 128889 139102
6597 72922 79519
1649 19071 20720
935 12347 13282
4318 50803 55121
1470 16800 18270
2904 35206 38110
4304 59455 63759
3934 45910 49844
7118 77455 84573
1341 16629 17970
3089 35823 38912
3957 47657 51614
13988 178295 192283
7514 86050 93564
5435 74105 79540
6909 81151 88060
9007 119348 128355
8010 98911 106921
5608 66399 72007
3925 49976 53901
6053 74684 80737
1884 23086 24970
4708 61435 66143
3182 41927 45109
1828 18850 20678
1262 18491 19753
1811 24092 25903
6167 78550 84717
6438 74699 81137
2879 30980 33859
4595 61479 66074
6276 79768 86044
4283 50985 55268
6668 78316 84984
9268 112105 121373
1637 18314 19951
3531 38524 42055
9436 104857 114293
2564 33055 35619
10329 143238 153567
8407 104018 112425
3461 40309 43770
5149 63632 68781
13094 155266 168360
6262 75435 81697
9636 122247 131883
4147 53669 57816
4723 65584 70307
4265 51840 56105
2027 23069 25096
4117 47849 51966
8019 95330 103349
6213 73877 80090
7221 87145 94366
3324 38458 41782
5499 70834 76333
2135 25058 27193
2866 35578 38444
2662 30883 33545
1506 17818 19324
3412 39337 42749
9304 98306 107610
5949 74481 80430
4180 47760 51940
1763 23792 25555
6682 80075 86757
2036 26044 28080
4222 49435 53657
4809 57329 62138
3392 40128 43520
2979 35608 38587
2344 28887 31231
2735 30601 33336
4291 59477 63768
3616 37210 40826
6575 81648 88223
2466 30508 32974
4622 58578 63200
6625 78456 85081
7129 83393 90522
4795 59752 64547
8152 98643 106795
3219 37765 40984
11057 137762 148819
10438 98597 109035
5024 66002 71026
3293 39445 42738
6767 75170 81937
3756 44770 48526
5429 68011 73440
1969 23003 24972
4434 59599 64033
5371 67543 72914
3842 43395 47237
8412 101672 110084
12140 148740 160880
3339 39329 42668
8756 90697 99453
4022 52395 56417
1714 20698 22412
3967 50123 54090
9490 110648 120138
6013 74400 80413
5496 51168 56664
3967 51423 55390
10546 132005 142551
6773 81304 88077
3942 48092 52034
4621 58228 62849
7573 90874 98447
6721 81856 88577
13014 166305 179319
3655 39761 43416
2743 33813 36556
1299 15870 17169
2868 33511 36379
4334 54265 58599
4918 60009 64927
7345 87613 94958
4983 62871 67854
2502 29635 32137
7721 93435 101156
3941 49452 53393
1806 17294 19100
6751 80972 87723
15663 189361 205024
6115 78199 84314
2447 31537 33984
7152 85084 92236
7138 82350 89488
2045 25789 27834
8209 93519 101728
3904 46762 50666
4592 57547 62139
12846 146993 159839
3125 39727 42852
8071 98064 106135
3007 35256 38263
1632 19730 21362
6512 72364 78876
7187 86547 93734
7814 87321 95135
9285 118491 127776
7765 80545 88310
9455 117962 127417
5483 65595 71078
8577 120547 129124
3335 37417 40752
2715 33983 36698
6171 70955 77126
15063 172012 187075
13161 168529 181690
5168 65740 70908
4153 53224 57377
2904 37931 40835
3995 45000 48995
11252 137298 148550
8053 97636 105689
4857 59159 64016
5922 71631 77553
6763 81806 88569
4364 56727 61091
6086 72657 78743
4060 55620 59680
3380 37212 40592
7815 91117 98932
5546 67583 73129
9059 108593 117652
1762 20975 22737
6555 73669 80224
4272 50777 55049
5171 66026 71197
2259 26154 28413
8177 98645 106822
5102 64897 69999
1560 19008 20568
15897 191499 207396
14135 165297 179432
7621 84485 92106
6401 77080 83481
4052 47946 51998
4393 57884 62277
5109 61555 66664
6970 82625 89595
9301 114975 124276
7384 87315 94699
12265 147998 160263
4096 53085 57181
13701 166488 180189
3479 38302 41781
5339 66779 72118
3338 20634 23972
5174 61778 66952
11400 144962 156362
3405 39399 42804
1593 18816 20409
