4152 65326 69478
2491 37290 39781
4983 78167 83150
6532 91395 97927
5227 79954 85181
5377 83355 88732
4177 54704 58881
3352 34891 38243
3660 55935 59595
7793 117424 125217
2262 33503 35765
6961 106200 113161
7961 118465 126426
7425 78095 85520
2449 41399 43848
3453 51656 55109
7290 107617 114907
2570 45790 48360
4763 74176 78939
7297 112785 120082
9791 159241 169032
4515 70690 75205
2838 43375 46213
2328 35805 38133
3916 56898 60814
5029 77606 82635
1851 28486 30337
1377 20619 21996
1394 21992 23386
4851 79106 83957
7486 104847 112333
3883 53641 57524
6575 95735 102310
4405 70144 74549
4432 68146 72578
3835 71690 75525
6302 82828 89130
2914 43371 46285
5445 81468 86913
5660 83136 88796
1889 19093 20982
4402 71631 76033
3982 64969 68951
4336 58527 62863
1477 19145 20622
2554 38484 41038
7724 105061 112785
2319 31864 34183
4689 73982 78671
4497 68276 72773
1922 31166 33088
8754 140171 148925
2095 32380 34475
2408 35286 37694
3876 58863 62739
2014 29078 31092
10945 166952 177897
9161 144589 153750
8509 117228 125737
7492 92089 99581
2434 32590 35024
5761 98463 104224
1787 25334 27121
4151 60033 64184
2768 43533 46301
1213 16785 17998
2003 29880 31883
15016 185621 200637
2370 37990 40360
1414 20318 21732
1758 27427 29185
1090 17830 18920
6890 100667 107557
17188 215401 232589
4329 66973 71302
4219 61637 65856
5623 79440 85063
6700 105240 111940
6420 95064 101484
6469 104171 110640
2222 31692 33914
5556 86424 91980
10321 160388 170709
7958 120956 128914
9413 141925 151338
8786 128005 136791
3661 52837 56498
2070 33429 35499
5729 80308 86037
6269 98247 104516
9110 139843 148953
4542 71475 76017
3952 54963 58915
5420 83159 88579
1360 23382 24742
2700 43982 46682
3661 53477 57138
5535 78705 84240
3117 48916 52033
13184 190135 203319
4618 73611 78229
4102 69869 73971
6056 89705 95761
4105 70861 74966
1340 20083 21423
4830 73617 78447
4233 64343 68576
3020 35718 38738
4430 70829 75259
9269 138976 148245
3197 47499 50696
3946 56994 60940
7427 109157 116584
6011 95928 101939
978 15556 16534
8344 134389 142733
5008 74041 79049
1349 19659 21008
812 13137 13949
3465 49006 52471
1208 18864 20072
2545 38952 41497
3544 60652 64196
3367 46947 50314
6421 88983 95404
1056 16437 17493
2377 38524 40901
3572 48859 52431
13420 203272 216692
6130 89404 95534
5054 79347 84401
5223 75443 80666
8179 122154 130333
5979 93314 99293
4562 69076 73638
3049 47549 50598
5168 77877 83045
1992 23533 25525
3889 65990 69879
2980 45458 48438
1322 19240 20562
1156 18056 19212
1821 30807 32628
4866 71847 76713
5551 79079 84630
2326 37756 40082
6268 62942 69210
5358 92696 98054
3824 49351 53175
5352 73756 79108
8405 124807 133212
1458 22707 24165
3297 43715 47012
8481 137355 145836
2549 38637 41186
8113 145411 153524
7150 117930 125080
2845 42277 45122
4055 63157 67212
16484 158913 175397
4514 69417 73931
8525 127335 135860
4195 62654 66849
4827 79932 84759
3845 51740 55585
1532 24552 26084
4033 52675 56708
7222 104597 111819
7238 76941 84179
5942 96954 102896
2528 35676 38204
5586 82252 87838
1836 27252 29088
2424 38608 41032
2505 36898 39403
1316 20406 21722
2881 40264 43145
6686 98277 104963
5226 83826 89052
3968 56319 60287
2206 28808 31014
6148 104264 110412
2007 27421 29428
3492 52809 56301
4515 69028 73543
3597 44403 48000
2644 39378 42022
2165 33772 35937
2354 38496 40850
14363 63661 78024
2647 44164 46811
5354 87283 92637
2133 32611 34744
4445 61213 65658
5195 76667 81862
6035 98049 104084
4226 63831 68057
7531 112273 119804
2574 37800 40374
12996 152292 165288
7086 99046 106132
5422 68173 73595
3122 50868 53990
5419 75824 81243
3071 55125 58196
4233 70188 74421
1851 26633 28484
3814 55690 59504
4577 71208 75785
2832 41855 44687
8269 120510 128779
9830 163170 173000
2623 42302 44925
7261 102878 110139
3599 52803 56402
1430 21224 22654
3002 47142 50144
7003 103580 110583
5184 77382 82566
3420 50263 53683
3893 61226 65119
8402 124558 132960
5317 83729 89046
3579 50983 54562
4015 59618 63633
6878 99156 106034
5383 88702 94085
10797 170655 181452
2626 40075 42701
2178 34266 36444
1090 16434 17524
2311 35114 37425
3835 51145 54980
7925 56886 64811
7154 106776 113930
3971 57957 61928
2432 36031 38463
6868 106751 113619
4047 57087 61134
1153 18233 19386
5725 90626 96351
12192 203269 215461
4516 77823 82339
2024 37683 39707
7314 90512 97826
6001 89197 95198
2077 25911 27988
5971 128272 134243
3542 49625 53167
5423 70238 75661
11867 178759 190626
2686 42595 45281
6641 101180 107821
2696 38054 40750
1290 18893 20183
6822 91125 97947
5917 80821 86738
6308 90040 96348
7763 124464 132227
6414 93264 99678
8852 137897 146749
4570 76502 81072
7841 146519 154360
2822 41237 44059
2297 36402 38699
5572 83177 88749
12511 183479 195990
12349 174901 187250
4615 65968 70583
4427 61242 65669
2894 43779 46673
3492 49844 53336
8893 140576 149469
7517 115970 123487
4574 65218 69792
6309 85033 91342
6056 95182 101238
4340 57990 62330
5007 75126 80133
4140 63816 67956
4303 40995 45298
6783 100636 107419
5927 88694 94621
8173 116616 124789
1667 23874 25541
6691 83183 89874
3275 52913 56188
4330 69484 73814
1905 27907 29812
7770 115387 123157
4052 64112 68164
1557 21142 22699
12159 185568 197727
11840 174429 186269
5399 80351 85750
5228 81342 86570
3717 55008 58725
15711 62202 77913
6353 59771 66124
7601 82374 89975
8871 132193 141064
6827 101249 108076
11624 167693 179317
3740 58169 61909
10927 161655 172582
2925 36191 39116
4539 71540 76079
1351 20979 22330
4495 66409 70904
9304 156179 165483
2879 41119 43998
1203 19144 20347
