6529 59565 66094
4129 35471 39600
7725 66496 74221
8862 77369 86231
7422 66465 73887
6890 64354 71244
4637 44213 48850
3374 30576 33950
5573 51256 56829
10477 101003 111480
3207 32336 35543
9049 85397 94446
9517 98411 107928
8064 70145 78209
3693 30984 34677
4993 46199 51192
11395 95334 106729
4274 37866 42140
8253 81983 90236
13106 99334 112440
15203 137638 152841
6816 62096 68912
4614 41605 46219
4095 36007 40102
6035 51986 58021
7799 72459 80258
2626 24992 27618
1962 18208 20170
2281 24655 26936
7961 73491 81452
10259 91209 101468
6061 54757 60818
9636 90754 100390
7642 70520 78162
7137 62724 69861
6263 57230 63493
8891 84080 92971
4283 34759 39042
8600 78116 86716
8288 69148 77436
1787 15871 17658
7826 71865 79691
6085 57409 63494
6091 55763 61854
2070 18919 20989
3520 31211 34731
9420 93281 102701
2927 26066 28993
7055 65934 72989
6585 60841 67426
3114 27585 30699
12445 114054 126499
3695 31695 35390
3883 32937 36820
5047 45711 50758
2645 25211 27856
19723 148775 168498
14530 127816 142346
12981 116222 129203
8114 78329 86443
2489 24424 26913
8118 74335 82453
2304 22537 24841
4991 45171 50162
3840 38906 42746
1807 15021 16828
2621 23443 26064
17394 165229 182623
18978 31294 50272
2265 17627 19892
2578 21599 24177
2136 13717 15853
9912 88900 98812
18136 175683 193819
5797 52100 57897
6188 53195 59383
7374 64918 72292
9982 93609 103591
8079 76667 84746
8823 84502 93325
2861 25381 28242
9370 84209 93579
14576 129296 143872
11133 102356 113489
13445 123944 137389
10851 97469 108320
5098 47687 52785
3140 28973 32113
7392 64914 72306
8302 74843 83145
14034 130588 144622
6347 58590 64937
4987 50535 55522
7843 71981 79824
1857 20444 22301
4180 35594 39774
4982 45908 50890
8916 71983 80899
4279 40362 44641
18881 152751 171632
6742 59104 65846
5945 55227 61172
9406 78765 88171
7132 65020 72152
2441 18668 21109
11321 63219 74540
7130 57063 64193
3307 29149 32456
7773 71588 79361
11757 117570 129327
4757 46133 50890
5481 45810 51291
9356 88543 97899
9553 84570 94123
1411 12639 14050
14289 128869 143158
7681 69268 76949
1909 16489 18398
1108 11558 12666
5335 48288 53623
1839 15810 17649
3841 35401 39242
4868 56072 60940
4542 42332 46874
9067 75080 84147
2189 13879 16068
3625 34424 38049
4475 38871 43346
17989 165400 183389
8475 73517 81992
7697 73800 81497
7857 69303 77160
10496 101383 111879
9112 91173 100285
7352 65051 72403
4210 40946 45156
7270 62141 69411
2176 20015 22191
5741 55010 60751
4167 39163 43330
2186 18912 21098
1673 16691 18364
2374 24322 26696
7258 68030 75288
8624 78435 87059
3190 29458 32648
5908 56435 62343
8247 72490 80737
4522 41616 46138
8275 71556 79831
10691 96616 107307
2048 17372 19420
3864 34559 38423
10277 94762 105039
3595 31809 35404
12617 123496 136113
11353 106001 117354
4047 34462 38509
6408 57746 64154
17927 162371 180298
7244 65145 72389
11354 106034 117388
5975 55906 61881
6112 58210 64322
6160 48695 54855
2142 19921 22063
4477 44237 48714
9556 84155 93711
7215 62117 69332
8525 77152 85677
3745 33833 37578
7055 69623 76678
2649 23916 26565
3327 29828 33155
3744 31749 35493
1938 17024 18962
4268 37307 41575
10461 87452 97913
7232 66237 73469
4615 43094 47709
2651 23547 26198
8331 73724 82055
2836 26135 28971
4110 41205 45315
5868 53039 58907
3804 35348 39152
3375 29093 32468
2943 25833 28776
3073 30104 33177
5340 49173 54513
5245 35439 40684
7307 67582 74889
3479 29621 33100
5225 49264 54489
8314 75873 84187
8064 81350 89414
5694 50935 56629
9885 96546 106431
4003 32974 36977
14168 126954 141122
10654 98307 108961
6628 62291 68919
4230 36429 40659
9299 79415 88714
4758 47097 51855
7387 68506 75893
2496 23335 25831
5270 50407 55677
6944 61773 68717
3991 37378 41369
10908 101538 112446
16944 138220 155164
3883 36718 40601
10237 91835 102072
5905 47961 53866
2402 19548 21950
4865 46633 51498
10947 100332 111279
7615 68913 76528
5448 49883 55331
5187 48728 53915
13624 122454 136078
8514 76298 84812
4859 44376 49235
5634 55672 61306
8537 80665 89202
9528 84542 94070
15666 152358 168024
4151 37336 41487
3882 34093 37975
1691 16084 17775
3861 35728 39589
4977 45835 50812
6014 55433 61447
8520 81555 90075
6051 57872 63923
3595 30768 34363
8947 84692 93639
5057 45923 50980
1588 15200 16788
9016 70545 79561
18355 178656 197011
7710 69371 77081
3291 30290 33581
8387 76583 84970
9041 79964 89005
2139 21531 23670
8264 79404 87668
4810 43182 47992
6815 59816 66631
16453 140477 156930
4001 36309 40310
9461 82853 92314
3830 33288 37118
2457 16899 19356
8943 76499 85442
8960 80542 89502
9858 90979 100837
11640 109216 120856
9438 83318 92756
12625 115002 127627
7288 61595 68883
10093 109530 119623
3864 34296 38160
3464 31406 34870
8766 73380 82146
18628 160793 179421
18347 156020 174367
7280 66828 74108
5568 51930 57498
3950 35761 39711
4731 42085 46816
14459 127752 142211
9248 91174 100422
6216 55670 61886
7830 73765 81595
8181 75264 83445
6074 51873 57947
8116 75376 83492
5503 49770 55273
3813 33349 37162
8711 84488 93199
7730 69180 76910
11080 100518 111598
1874 18013 19887
8153 69355 77508
4927 46136 51063
7476 68991 76467
2881 27157 30038
9357 93500 102857
6165 58362 64527
2119 18654 20773
16557 161990 178547
16968 156028 172996
8639 72531 81170
8056 72070 80126
4887 43996 48883
5631 50946 56577
5874 54978 60852
8865 81810 90675
11327 104846 116173
8672 82306 90978
15410 140982 156392
5324 49421 54745
17249 149379 166628
4245 36036 40281
6772 56541 63313
1895 18279 20174
8904 56413 65317
14357 136380 150737
4374 40270 44644
2048 18546 20594
