3471 81523 84994
1964 47130 49094
3496 85137 88633
3395 87054 90449
3256 77282 80538
3582 87056 90638
2045 56850 58895
1870 34010 35880
2256 70091 72347
4180 129241 133421
1418 36938 38356
4189 105908 110097
3902 122710 126612
2592 76195 78787
1354 35296 36650
2228 62127 64355
4721 129763 134484
1717 46391 48108
3342 86371 89713
7393 128301 135694
5162 144696 149858
2854 75085 77939
1801 47441 49242
2027 42465 44492
2165 63457 65622
4134 93757 97891
975 30873 31848
1234 21601 22835
932 26541 27473
3630 93088 96718
4680 111482 116162
2310 56535 58845
4435 114723 119158
2580 69825 72405
3134 80518 83652
2726 74797 77523
3550 91056 94606
1769 45512 47281
3448 86347 89795
3613 87670 91283
1615 18899 20514
3277 84097 87374
2020 62946 64966
2764 71581 74345
972 24877 25849
1816 36225 38041
4295 144240 148535
1284 35026 36310
2741 83080 85821
2947 84884 87831
1270 31209 32479
5520 153573 159093
1409 37275 38684
1744 44888 46632
2434 64140 66574
1798 33285 35083
7394 195444 202838
6430 169326 175756
5229 141622 146851
4413 94585 98998
1069 33319 34388
3742 100004 103746
1206 31912 33118
2004 61923 63927
1926 54523 56449
698 20916 21614
1261 29101 30362
7402 195000 202402
1359 35354 36713
889 21055 21944
1002 30041 31043
643 16852 17495
7523 106280 113803
8020 230384 238404
2489 67656 70145
2531 67737 70268
2974 84962 87936
4551 121622 126173
3722 96884 100606
3594 101986 105580
1158 34466 35624
3836 109021 112857
6150 158331 164481
4462 126772 131234
4789 134690 139479
4256 132212 136468
2051 61508 63559
1322 36741 38063
3387 86957 90344
3878 101976 105854
5070 140171 145241
2650 78419 81069
2020 51689 53709
3274 88404 91678
844 25260 26104
1579 44174 45753
2323 59812 62135
3469 89613 93082
1889 47565 49454
8285 212136 220421
2983 78011 80994
2677 75755 78432
3533 99806 103339
2511 76239 78750
930 24727 25657
3249 74763 78012
2695 78549 81244
1556 33563 35119
3351 86808 90159
5262 134336 139598
2000 50186 52186
2301 68779 71080
4115 118876 122991
3706 118750 122456
592 18106 18698
5986 157740 163726
3197 79707 82904
804 22072 22876
471 15753 16224
1910 51250 53160
734 20957 21691
1676 43324 45000
2246 67841 70087
2323 56948 59271
3556 87091 90647
1871 16338 18209
1635 45450 47085
2065 52719 54784
7179 226268 233447
3330 85923 89253
2698 84545 87243
4287 94362 98649
5708 115850 121558
3638 105513 109151
3329 82185 85514
1926 53919 55845
3043 79475 82518
1159 27684 28843
2366 67465 69831
1893 51103 52996
817 22529 23346
674 19100 19774
988 30668 31656
2780 82359 85139
3617 96685 100302
1392 38760 40152
2247 68562 70809
3291 85718 89009
1913 50147 52060
3118 85718 88836
4082 111605 115687
795 20535 21330
1991 46556 48547
9890 113154 123044
1640 32944 34584
5680 164219 169899
4420 130491 134911
1756 45582 47338
2728 72054 74782
6492 180716 187208
2871 83238 86109
4231 125791 130022
2428 65694 68122
2466 65471 67937
2784 62611 65395
912 22922 23834
2190 55766 57956
4120 94557 98677
2721 71509 74230
4199 103941 108140
1785 39850 41635
3128 87430 90558
948 29055 30003
1452 39312 40764
1375 32927 34302
767 22667 23434
1627 45200 46827
4718 120547 125265
3524 90198 93722
2169 60139 62308
1028 30478 31506
3364 99689 103053
1536 29573 31109
2271 61933 64204
2393 64043 66436
1568 39831 41399
1541 39945 41486
1065 31819 32884
1212 37859 39071
2366 68488 70854
1648 44367 46015
3296 82323 85619
1532 35653 37185
2459 68163 70622
3685 87821 91506
4083 105445 109528
2402 72772 75174
4729 126874 131603
2005 45635 47640
8112 201886 209998
4981 114512 119493
2546 70335 72881
2301 44538 46839
4106 82867 86973
1867 53521 55388
2814 71168 73982
927 25589 26516
2063 59285 61348
2859 75872 78731
1902 44234 46136
4822 120448 125270
7137 184232 191369
1656 46658 48314
3964 101719 105683
2000 55345 57345
897 26801 27698
2142 54124 56266
4846 134157 139003
3960 93689 97649
2339 66889 69228
2708 83938 86646
4928 130878 135806
3970 107441 111411
1939 46748 48687
2426 62620 65046
5838 102072 107910
3347 91027 94374
5908 161294 167202
1609 45211 46820
1442 36486 37928
594 17257 17851
1690 43864 45554
1968 54074 56042
2263 63078 65341
4151 100524 104675
2746 72023 74769
1955 37879 39834
3685 92335 96020
2292 71815 74107
684 20256 20940
3458 96392 99850
10183 226998 237181
3209 83733 86942
1136 32681 33817
3569 87224 90793
3869 95863 99732
1099 32498 33597
4093 114751 118844
2088 53390 55478
2551 80197 82748
7607 176746 184353
1594 38878 40472
3811 103005 106816
1701 33563 35264
1127 20003 21130
3352 82195 85547
3537 97814 101351
4622 118884 123506
5005 137940 142945
3605 90253 93858
4901 130756 135657
2502 63389 65891
3845 131159 135004
1570 37821 39391
1240 32909 34149
2976 77407 80383
6759 171680 178439
6151 164314 170465
2969 79411 82380
2083 57361 59444
1681 42411 44092
2425 45503 47928
5768 144634 150402
4031 106611 110642
2176 64248 66424
2931 78066 80997
3204 88434 91638
2665 69833 72498
3006 80299 83305
2255 58960 61215
1731 37672 39403
3498 94101 97599
3215 83515 86730
3939 110747 114686
886 24870 25756
3371 88730 92101
2161 57945 60106
3053 91479 94532
1088 29628 30716
4554 124057 128611
2878 74715 77593
1077 23088 24165
7267 225217 232484
6568 165769 172337
4047 98210 102257
3408 87432 90840
2006 59869 61875
2718 76207 78925
2589 68102 70691
3661 104228 107889
5353 145226 150579
4260 111998 116258
8477 186494 194971
2224 60567 62791
7124 180929 188053
1739 39634 41373
2893 79619 82512
1137 24012 25149
2369 67265 69634
5364 150171 155535
1929 49319 51248
764 27059 27823
