1853 66574 68427
1088 40620 41708
2291 89039 91330
2466 81834 84300
2499 86103 88602
2241 81603 83844
1405 48753 50158
1141 34691 35832
1692 63064 64756
3020 124023 127043
986 38531 39517
2750 100274 103024
3048 111098 114146
2201 79660 81861
1053 35555 36608
1781 63044 64825
3304 115417 118721
1205 47288 48493
2218 78450 80668
4004 136704 140708
4347 163372 167719
2333 73827 76160
1667 53321 54988
1055 37565 38620
2009 69642 71651
2279 83509 85788
871 30953 31824
614 21880 22494
1481 24367 25848
2235 82099 84334
3148 113193 116341
1982 66369 68351
4012 118937 122949
2855 86542 89397
3217 72796 76013
2127 73533 75660
2858 102921 105779
1249 46425 47674
2833 98799 101632
2539 88652 91191
528 21693 22221
2250 83596 85846
2210 64523 66733
2114 70858 72972
643 23332 23975
1083 41850 42933
3612 130065 133677
1060 37140 38200
2155 75545 77700
2169 79546 81715
934 36440 37374
4457 156507 160964
1281 34977 36258
1381 38079 39460
2110 55074 57184
907 27908 28815
5181 196719 201900
4315 153043 157358
4276 165241 169517
2725 91356 94081
809 33478 34287
2929 99802 102731
772 30012 30784
1837 61739 63576
1567 61710 63277
752 19581 20333
970 38012 38982
6539 220612 227151
1425 44002 45427
615 24971 25586
1176 28076 29252
493 17841 18334
2978 101570 104548
6659 232371 239030
2021 67855 69876
2238 62151 64389
2226 77341 79567
3398 116561 119959
2935 102239 105174
2914 104784 107698
981 34019 35000
2639 102674 105313
4489 165517 170006
3412 126592 130004
3908 133323 137231
3424 130512 133936
1843 62324 64167
903 31220 32123
2413 87396 89809
2765 103071 105836
4376 155236 159612
2108 76915 79023
1644 59692 61336
2227 79056 81283
686 24906 25592
1310 49253 50563
1631 56859 58490
2564 87207 89771
1571 54657 56228
6012 207073 213085
2282 70119 72401
2206 71645 73851
2879 99777 102656
2517 71906 74423
669 24653 25322
2143 78696 80839
1927 69022 70949
986 34834 35820
2097 81048 83145
4109 152916 157025
1646 57471 59117
1756 62286 64042
3044 108731 111775
2932 103158 106090
497 16660 17157
4350 142722 147072
3024 91853 94877
568 20023 20591
394 15488 15882
1741 53835 55576
1464 18751 20215
1074 38298 39372
1645 61514 63159
1994 55828 57822
3057 89714 92771
485 19423 19908
1182 46619 47801
1591 53428 55019
5198 199751 204949
2506 97226 99732
2105 83035 85140
2609 91695 94304
4058 144011 148069
2991 116152 119143
2125 74696 76821
1659 51017 52676
2323 82444 84767
787 24908 25695
1735 64842 66577
1301 48294 49595
974 22661 23635
562 17938 18500
1101 29262 30363
3054 84913 87967
2589 95444 98033
1236 37718 38954
1761 62880 64641
2642 86663 89305
1372 51372 52744
2468 81002 83470
4251 117130 121381
1083 22857 23940
1224 44296 45520
3292 110653 113945
1218 38014 39232
4147 150912 155059
3676 128442 132118
1999 44883 46882
2000 67548 69548
4934 191285 196219
2114 98205 100319
5245 139018 144263
2169 62329 64498
1905 65841 67746
1657 55783 57440
752 26765 27517
1514 49065 50579
2826 98475 101301
2352 82599 84951
2622 93732 96354
1725 39231 40956
1969 76111 78080
764 30223 30987
935 34776 35711
1085 38545 39630
675 24460 25135
1294 49564 50858
3341 127112 130453
2592 92514 95106
1616 59486 61102
793 26186 26979
2722 100278 103000
991 32759 33750
1398 49891 51289
2272 72789 75061
1855 46714 48569
1028 40749 41777
917 31951 32868
1215 33727 34942
2050 66486 68536
1322 49437 50759
2052 100785 102837
993 31922 32915
1784 60174 61958
2274 78280 80554
3034 105584 108618
2153 69207 71360
3092 121374 124466
1261 44395 45656
4406 148107 152513
3206 109727 112933
1870 71183 73053
1977 47582 49559
2396 85509 87905
1334 51909 53243
2397 83501 85898
789 24960 25749
1980 68910 70890
2101 66357 68458
1383 50276 51659
3693 121358 125051
4564 178964 183528
1413 50917 52330
3160 106957 110117
1914 66627 68541
1453 23485 24938
1445 51414 52859
3635 124069 127704
2263 80778 83041
2812 68256 71068
1856 67844 69700
4025 131072 135097
2727 90505 93232
1393 55481 56874
1899 68605 70504
2696 94356 97052
2534 99732 102266
6432 176916 183348
1210 45021 46231
1121 43609 44730
734 19305 20039
1310 44677 45987
1847 64359 66206
2047 59139 61186
3268 114841 118109
2173 75389 77562
1761 34208 35969
2964 107574 110538
1887 63713 65600
564 19652 20216
2255 89477 91732
5870 225098 230968
2088 74593 76681
1115 37596 38711
2633 100232 102865
2492 94697 97189
737 26794 27531
3061 108951 112012
1449 55520 56969
2394 71014 73408
5618 187077 192695
1169 42694 43863
3285 115423 118708
1099 39641 40740
530 23701 24231
2535 91322 93857
2801 104630 107431
3399 116884 120283
3885 130040 133925
3120 100930 104050
4054 162130 166184
2264 70993 73257
3432 156815 160247
1420 42821 44241
918 33623 34541
2277 87850 90127
5040 203486 208526
5326 189798 195124
2996 73249 76245
1917 64547 66464
1305 49809 51114
1985 53596 55581
4238 156171 160409
3016 106924 109940
2251 69222 71473
2495 91414 93909
2379 88186 90565
2017 69935 71952
2248 85715 87963
1781 67817 69598
1218 43597 44815
3164 105793 108957
2223 77761 79984
3583 126163 129746
655 25215 25870
2473 89958 92431
1574 57812 59386
1868 71871 73739
907 33673 34580
3424 109866 113290
1960 79519 81479
1519 21389 22908
6122 227282 233404
5367 190807 196174
3366 101081 104447
2201 87186 89387
2092 52234 54326
1882 68456 70338
2209 73307 75516
2581 101778 104359
3946 141208 145154
3653 112409 116062
5112 182154 187266
1871 61153 63024
5659 184646 190305
1423 46314 47737
2448 78384 80832
632 23436 24068
2613 73859 76472
4021 166305 170326
1577 46784 48361
1033 22416 23449
