9629 55263 64892
4762 30697 35459
9311 60173 69484
10626 66491 77117
10005 63112 73117
9399 60388 69787
5805 36353 42158
5326 33465 38791
7624 44645 52269
14218 88358 102576
4094 27294 31388
13998 88168 102166
14566 92670 107236
9225 59140 68365
4311 26055 30366
7117 39371 46488
14539 81890 96429
5308 34782 40090
13183 63007 76190
14499 87727 102226
18285 123271 141556
8362 51303 59665
5675 35955 41630
4691 28517 33208
7580 45259 52839
10825 74349 85174
3232 19691 22923
2709 17796 20505
3193 19579 22772
10777 70121 80898
13138 74828 87966
7681 43130 50811
14191 85113 99304
8722 55317 64039
8891 55230 64121
8347 51393 59740
11916 74850 86766
6388 33306 39694
10730 66304 77034
10663 66551 77214
2511 15574 18085
9779 63385 73164
7998 49463 57461
7970 46004 53974
2375 15395 17770
4245 27422 31667
14030 91476 105506
3912 22916 26828
9658 62322 71980
9014 61167 70181
4315 26658 30973
18182 108928 127110
3994 25814 29808
5034 31940 36974
7557 40263 47820
3759 21865 25624
21562 132255 153817
18465 119738 138203
18363 102198 120561
12806 72668 85474
3992 23662 27654
11400 71349 82749
3806 24637 28443
7742 39321 47063
5938 38864 44802
2263 14853 17116
4464 24735 29199
22998 144879 167877
4682 30084 34766
2986 18040 21026
3371 18358 21729
2304 13970 16274
13472 80116 93588
27453 171978 199431
8514 49409 57923
8457 48049 56506
8650 55564 64214
15010 90199 105209
12004 75769 87773
10757 71546 82303
4169 24905 29074
11737 78742 90479
19495 127020 146515
14229 83107 97336
18323 110336 128659
15513 93867 109380
6843 40127 46970
3975 23793 27768
9948 67966 77914
10319 71728 82047
17347 107445 124792
8628 52596 61224
6122 37350 43472
9965 65472 75437
2869 18962 21831
5251 35956 41207
6338 37408 43746
10569 64567 75136
5980 38176 44156
24615 157224 181839
9788 53402 63190
8919 52927 61846
11308 64818 76126
8796 53772 62568
2530 17090 19620
8129 51148 59277
7733 48997 56730
4119 27152 31271
9699 63340 73039
19144 100194 119338
6074 36405 42479
6811 39540 46351
12519 75963 88482
12632 81917 94549
1921 11253 13174
17612 115321 132933
10479 67980 78459
2403 15385 17788
1644 9752 11396
7448 43548 50996
2467 16082 18549
5269 31333 36602
7459 48920 56379
6906 41732 48638
12195 72337 84532
2186 12493 14679
5017 32558 37575
6692 38430 45122
30851 146013 176864
10376 63305 73681
9526 62534 72060
10634 69380 80014
14519 88316 102835
12654 81066 93720
9978 61395 71373
6414 40955 47369
9889 65247 75136
3156 20699 23855
8590 51764 60354
5914 36104 42018
2578 18606 21184
2295 13410 15705
3419 21233 24652
9325 59704 69029
10472 66000 76472
7431 31308 38739
7759 51790 59549
11345 72229 83574
6052 37224 43276
11743 65156 76899
14335 82064 96399
2478 15775 18253
4556 29230 33786
12919 75884 88803
3998 29284 33282
17566 106599 124165
13876 83743 97619
4766 29629 34395
8770 50972 59742
20233 130245 150478
9536 69252 78788
17608 100700 118308
7214 42795 50009
9066 57390 66456
7829 46775 54604
3686 20156 23842
7345 40692 48037
13470 81646 95116
8940 59482 68422
11731 74317 86048
4673 34729 39402
8368 59621 67989
3483 20386 23869
3962 25464 29426
4717 28922 33639
2299 14538 16837
4737 29443 34180
14171 86250 100421
8806 64429 73235
6833 37608 44441
3370 20971 24341
11671 65427 77098
3495 23602 27097
5694 36285 41979
8354 46713 55067
5406 34018 39424
4114 25521 29635
3671 22536 26207
3947 26190 30137
7259 42677 49936
4998 31583 36581
10442 66333 76775
4234 23938 28172
7195 43803 50998
9291 62287 71578
11563 69159 80722
8686 49336 58022
13112 76494 89606
4673 28927 33600
18053 109839 127892
15018 89051 104069
8061 53406 61467
5683 36626 42309
10432 66516 76948
6936 42220 49156
9580 61947 71527
3106 19378 22484
8335 49815 58150
8383 48465 56848
6031 36789 42820
14043 79422 93465
22595 138730 161325
5856 37258 43114
12298 74051 86349
7068 42263 49331
3085 22622 25707
5981 37646 43627
15839 90237 106076
9326 59442 68768
6742 40249 46991
7049 44792 51841
16515 97507 114022
11615 68599 80214
11841 43074 54915
8746 52741 61487
14596 77283 91879
12120 78066 90186
20332 134623 154955
5040 33141 38181
4568 31614 36182
2208 14694 16902
4611 29859 34470
6678 43518 50196
9257 51189 60446
11646 73566 85212
9744 52148 61892
4116 25256 29372
11514 78102 89616
7335 40087 47422
2064 14101 16165
9662 63186 72848
23228 151091 174319
8964 56263 65227
4330 26621 30951
11097 63479 74576
10095 63576 73671
3378 20705 24083
11806 72737 84543
6641 39816 46457
8061 46560 54621
22156 125524 147680
4314 29558 33872
12896 83318 96214
4597 30512 35109
2380 15219 17599
10515 70572 81087
10347 70245 80592
15375 83265 98640
19283 90742 110025
11201 69755 80956
16834 96516 113350
8738 49057 57795
13203 96690 109893
5233 33071 38304
4372 24751 29123
11078 66116 77194
23820 140469 164289
21953 139154 161107
9290 61005 70295
8234 46456 54690
4791 31424 36215
5962 35260 41222
17650 114357 132007
14289 86994 101283
8559 49763 58322
9133 61752 70885
11250 74327 85577
8402 52007 60409
11151 68736 79887
8093 49539 57632
5349 32753 38102
13501 81326 94827
9511 59506 69017
15337 90400 105737
2662 17475 20137
10355 67230 77585
7094 42911 50005
9390 63305 72695
3886 21719 25605
14698 91114 105812
8822 47547 56369
2476 16468 18944
24569 162953 187522
20785 122348 143133
11689 73083 84772
9347 56844 66191
7090 42904 49994
7526 43743 51269
8679 50630 59309
12050 76765 88815
16570 101595 118165
12176 69918 82094
20815 133837 154652
7779 38184 45963
21095 132760 153855
4699 28213 32912
9252 53822 63074
2930 18214 21144
8703 50112 58815
18959 118653 137612
5835 36946 42781
2284 14362 16646
