3910 64191 68101
2175 42242 44417
4135 74090 78225
4549 78850 83399
4681 82988 87669
4591 82216 86807
2584 72115 74699
1932 32281 34213
2948 53208 56156
5825 104764 110589
1883 32660 34543
5517 99304 104821
5839 105741 111580
4093 75788 79881
1831 33658 35489
3524 60721 64245
7153 124746 131899
2300 45541 47841
5008 94009 99017
8035 115099 123134
9812 166371 176183
4252 78586 82838
2390 45379 47769
2474 41719 44193
4048 68304 72352
4157 81510 85667
1481 26647 28128
1384 24361 25745
1156 22687 23843
5414 90931 96345
6791 114718 121509
3971 65229 69200
6022 136888 142910
4145 84329 88474
4663 80587 85250
4376 80538 84914
5327 99514 104841
2472 45454 47926
4514 98389 102903
4840 79561 84401
1089 20788 21877
3781 70635 74416
3766 68398 72164
3693 66004 69697
1394 24316 25710
2596 44660 47256
5774 118874 124648
2059 35190 37249
4404 78971 83375
4655 89348 94003
2169 37112 39281
8121 144921 153042
2132 36801 38933
2433 42846 45279
2910 52178 55088
1626 29833 31459
9989 187245 197234
8817 146171 154988
7964 137364 145328
5618 102788 108406
1743 32290 34033
5509 94475 99984
1507 28222 29729
2823 52194 55017
2613 50615 53228
1141 19019 20160
1721 30415 32136
10035 186588 196623
2047 38466 40513
1215 22434 23649
1578 27073 28651
917 15473 16390
6096 105673 111769
10714 200175 210889
3345 61678 65023
3768 62987 66755
4456 80837 85293
6144 111694 117838
5342 98809 104151
4626 88742 93368
1857 33102 34959
4797 100448 105245
9449 162690 172139
6986 122930 129916
7676 146593 154269
7051 129197 136248
2940 52691 55631
1926 35302 37228
3923 73124 77047
4818 97942 102760
7605 132237 139842
3901 76358 80259
3136 57560 60696
4217 83754 87971
1109 21460 22569
2337 45901 48238
2653 48198 50851
4609 83494 88103
2954 52232 55186
11596 225023 236619
4003 71793 75796
20055 69106 89161
4551 83135 87686
3955 77386 81341
1333 22260 23593
3969 68485 72454
3610 64314 67924
2070 31957 34027
4380 74818 79198
8900 131245 140145
3326 47660 50986
3482 60454 63936
5798 103052 108850
5043 96495 101538
910 17133 18043
9122 150973 160095
4700 86804 91504
1016 18147 19163
704 14838 15542
3204 57501 60705
957 17087 18044
2279 40936 43215
3173 64190 67363
3152 53981 57133
4833 86136 90969
1314 15663 16977
2081 37526 39607
2687 44659 47346
11036 217584 228620
4465 106100 110565
4669 84002 88671
5523 89569 95092
6281 117646 123927
4913 94026 98939
4299 73480 77779
2771 46892 49663
4953 67712 72665
1320 23438 24758
3479 58255 61734
2676 46354 49030
1257 21790 23047
1024 18452 19476
1639 25888 27527
4480 85661 90141
4381 81733 86114
4823 37720 42543
3188 59632 62820
4933 92689 97622
3016 55906 58922
4126 73723 77849
7253 113824 121077
1157 22603 23760
2312 37399 39711
5663 100244 105907
2212 38397 40609
7573 163634 171207
7018 127271 134289
2335 37408 39743
3643 61707 65350
10411 194131 204542
3943 76714 80657
7834 135156 142990
3221 62690 65911
3642 63459 67101
3632 64584 68216
1209 22168 23377
2852 53310 56162
5885 92924 98809
3765 70785 74550
6147 99959 106106
2299 41492 43791
4906 86033 90939
1537 29927 31464
2230 35731 37961
2121 31491 33612
1140 22750 23890
2039 37758 39797
6579 117466 124045
3849 74422 78271
2847 51126 53973
1428 24932 26360
4530 84786 89316
1697 31987 33684
2926 55781 58707
3864 61387 65251
2376 44946 47322
2399 38626 41025
2031 30946 32977
2065 32893 34958
3580 64627 68207
2164 44453 46617
4104 76578 80682
1877 31617 33494
3190 56622 59812
4117 75506 79623
5089 90344 95433
3465 58170 61635
6444 116745 123189
2045 37946 39991
8865 151480 160345
6929 125134 132063
3768 70840 74608
2253 42383 44636
4664 80986 85650
2896 55420 58316
4810 79200 84010
1423 25769 27192
3584 68020 71604
4673 68002 72675
2934 48745 51679
6854 122427 129281
9794 183141 192935
2344 43151 45495
6503 109971 116474
3590 66665 70255
1295 26537 27832
2972 56061 59033
6739 118486 125225
4654 84626 89280
3352 58413 61765
3412 61480 64892
7357 127961 135318
5170 100168 105338
2619 46793 49412
3896 68456 72352
5643 92158 97801
5212 101656 106868
8009 156073 164082
2311 42262 44573
2057 39126 41183
986 16247 17233
2001 36682 38683
3388 51468 54856
3295 56676 59971
5524 104633 110157
3444 61328 64772
2467 35590 38057
4984 91245 96229
2968 53601 56569
998 18539 19537
4172 83357 87529
10801 206703 217504
4532 75074 79606
1749 31829 33578
5002 91123 96125
4426 82672 87098
1400 27819 29219
5038 91769 96807
3048 48490 51538
3890 62425 66315
8603 162285 170888
2077 36476 38553
5595 106771 112366
2072 33227 35299
1058 19829 20887
4546 88394 92940
4840 96375 101215
5491 99460 104951
6572 113391 119963
4870 87308 92178
10721 145071 155792
3719 61568 65287
5919 127337 133256
2428 41154 43582
2078 33035 35113
4184 77367 81551
9149 177221 186370
10323 176669 186992
4653 67388 72041
3270 55581 58851
2177 42347 44524
2483 43848 46331
8771 140202 148973
5703 102891 108594
3284 56146 59430
3876 74904 78780
4871 99616 104487
3311 58080 61391
4729 85260 89989
3631 63925 67556
2094 43741 45835
5870 102224 108094
4685 76724 81409
6334 104702 111036
1127 23133 24260
3931 73497 77428
2586 49675 52261
4068 70068 74136
1624 28349 29973
5758 111653 117411
3875 72970 76845
1701 20084 21785
11105 214070 225175
8736 158922 167658
5232 94652 99884
3877 71571 75448
2694 49686 52380
3896 70214 74110
3700 59935 63635
4695 85111 89806
6660 121092 127752
5340 104349 109689
8752 154580 163332
3070 52600 55670
9478 170341 179819
2130 36831 38961
3687 70882 74569
1197 20766 21963
3463 59140 62603
8350 156222 164572
2470 42273 44743
928 18451 19379
