3986 74478 78464
2100 44695 46795
4200 77973 82173
4003 91276 95279
3998 83120 87118
3473 83043 86516
2448 56141 58589
2224 43198 45422
2869 70112 72981
5033 120850 125883
1543 33242 34785
4296 96200 100496
5032 111986 117018
3605 69720 73325
1957 35733 37690
2797 55355 58152
6008 121335 127343
2037 42873 44910
5034 77484 82518
5875 127045 132920
7902 169797 177699
3300 68882 72182
2445 53147 55592
2033 38844 40877
2890 60764 63654
6599 80128 86727
1311 30312 31623
1336 23702 25038
1132 27462 28594
4332 92623 96955
4869 98329 103198
3618 68244 71862
6335 139592 145927
3812 81768 85580
3861 77409 81270
3611 68787 72398
4302 107241 111543
2218 48071 50289
4468 92058 96526
4916 90655 95571
1037 21629 22666
4297 84911 89208
2799 75975 78774
3589 76718 80307
1162 25363 26525
2218 40574 42792
6462 135080 141542
1932 34088 36020
3708 72405 76113
3412 71762 75174
1725 36275 38000
6837 150757 157594
2227 40226 42453
2237 45627 47864
3261 63865 67126
1404 31998 33402
9938 206507 216445
8484 169475 177959
5866 137717 143583
4781 104184 108965
1870 30137 32007
5006 107874 112880
1194 25214 26408
2490 53266 55756
2232 51104 53336
850 16507 17357
1477 26881 28358
9746 211955 221701
1663 33962 35625
1046 23638 24684
1257 28313 29570
874 18293 19167
4919 105057 109976
10545 235811 246356
3253 82196 85449
3284 64403 67687
3740 72053 75793
5305 113129 118434
3933 88166 92099
4845 105433 110278
1583 29508 31091
4103 101473 105576
7533 161154 168687
5483 107134 112617
6992 147034 154026
5999 128237 134236
3073 60921 63994
1456 30463 31919
4484 84778 89262
3889 89765 93654
7491 155507 162998
3169 65693 68862
3222 49759 52981
4240 87240 91480
1070 25771 26841
2233 50572 52805
2360 55353 57713
4449 84779 89228
2469 46339 48808
9624 202541 212165
3753 78549 82302
3178 63617 66795
4583 97279 101862
3733 85690 89423
1072 24205 25277
3403 66314 69717
3554 65929 69483
1729 32770 34499
3522 82585 86107
6814 147787 154601
3058 55733 58791
2864 60525 63389
4965 102324 107289
4824 108548 113372
1217 15106 16323
6395 139889 146284
5182 77982 83164
1596 21139 22735
604 13495 14099
2531 50203 52734
977 20658 21635
1901 36015 37916
2573 60681 63254
2243 48347 50590
6126 96774 102900
1173 17517 18690
2170 45211 47381
2565 52612 55177
9369 212752 222121
3782 83886 87668
3897 74908 78805
4590 88550 93140
6669 131359 138028
4799 108603 113402
4194 78793 82987
2556 55857 58413
4132 106138 110270
1540 26435 27975
3304 67695 70999
2147 47259 49406
975 22949 23924
831 18280 19111
1350 31218 32568
3584 79759 83343
4553 94784 99337
1825 36949 38774
2639 58531 61170
4040 83369 87409
2439 48269 50708
4072 74522 78594
11316 123897 135213
991 22382 23373
2036 44440 46476
4598 103121 107719
1916 37329 39245
6774 156833 163607
6042 132753 138795
2336 46966 49302
3541 71207 74748
11532 205591 217123
4037 77951 81988
6806 141773 148579
3202 66382 69584
4351 90756 95107
3096 63014 66110
1133 25937 27070
2305 48377 50682
5574 112199 117773
3583 70960 74543
4536 102126 106662
1861 38590 40451
4738 82476 87214
1244 28448 29692
2096 36060 38156
1916 36753 38669
981 22190 23171
2272 45124 47396
5633 121557 127190
3668 78055 81723
2701 58982 61683
1301 29337 30638
4005 89392 93397
1476 27866 29342
2631 56744 59375
3637 70347 73984
2033 40588 42621
1930 38615 40545
1537 34667 36204
1812 39041 40853
2998 65433 68431
1964 47264 49228
4001 84795 88796
1797 36369 38166
3317 71583 74900
4064 87178 91242
5132 94049 99181
3111 68708 71819
6566 121383 127949
2237 36835 39072
7957 142519 150476
5736 118348 124084
3770 83860 87630
2395 48831 51226
8911 81220 90131
2239 52411 54650
3460 71420 74880
1415 28686 30101
2659 57557 60216
3987 75508 79495
2073 43202 45275
5727 122779 128506
9169 187748 196917
2004 42259 44263
5361 113843 119204
2815 63281 66096
1139 25597 26736
2734 59964 62698
5739 121975 127714
4685 76084 80769
2881 61449 64330
2753 64166 66919
7098 142984 150082
6915 101842 108757
2632 53849 56481
3339 72077 75416
5350 118162 123512
4876 92168 97044
17611 176298 193909
2154 49115 51269
2010 40628 42638
894 16626 17520
1874 40007 41881
2883 61811 64694
3225 65679 68904
4273 117295 121568
2994 69311 72305
1998 37290 39288
4727 103133 107860
2774 60070 62844
858 18727 19585
4058 90247 94305
8327 189297 197624
4186 83437 87623
1522 31223 32745
4459 93437 97896
5916 80031 85947
1490 30255 31745
4855 104935 109790
2168 45223 47391
3067 70184 73251
9327 195195 204522
2237 60310 62547
4476 95720 100196
1760 33437 35197
963 22290 23253
4708 87906 92614
3742 89296 93038
5136 114209 119345
5377 117274 122651
4564 98097 102661
5966 125339 131305
3773 72986 76759
5579 144579 150158
1966 36076 38042
1794 37989 39783
3998 87113 91111
8751 182434 191185
8700 181150 189850
3262 68828 72090
3153 64792 67945
2336 44639 46975
2200 45182 47382
7450 163391 170841
5453 117394 122847
3666 67932 71598
3866 87587 91453
9537 89891 99428
3339 68092 71431
3920 75187 79107
3103 65579 68682
2241 42190 44431
4829 101291 106120
3548 79910 83458
6122 120425 126547
1028 23894 24922
3767 75471 79238
2423 49778 52201
3873 81581 85454
1496 31955 33451
5546 122762 128308
3635 71826 75461
1003 23489 24492
9696 191076 200772
10765 209763 220528
4656 83709 88365
4582 73731 78313
2384 51451 53835
2903 59672 62575
3270 62144 65414
4091 92343 96434
6579 140395 146974
4328 93700 98028
8816 174949 183765
2732 58872 61604
8924 175811 184735
2599 41331 43930
3279 64594 67873
1458 25382 26840
3027 60708 63735
6350 165205 171555
2031 50693 52724
1737 19036 20773
