11627 37107 48734
7009 21181 28190
15662 46661 62323
15610 45873 61483
15312 45593 60905
14080 43897 57977
9267 28577 37844
7049 20358 27407
10784 29943 40727
22208 66387 88595
6705 19947 26652
18874 55740 74614
20871 59724 80595
13798 42785 56583
7240 20958 28198
11769 33054 44823
24740 69523 94263
7080 21703 28783
15461 47403 62864
25129 70467 95596
24927 82489 107416
12757 40059 52816
9277 28355 37632
7285 22540 29825
10376 32999 43375
15888 50456 66344
5756 15946 21702
4510 12877 17387
4957 14194 19151
16264 49362 65626
22123 59905 82028
10488 34832 45320
21135 57769 78904
13133 39564 52697
14438 43845 58283
11816 52246 64062
16622 51982 68604
8293 24184 32477
15790 47616 63406
14362 43035 57397
3370 10969 14339
14414 44647 59061
10251 33248 43499
12243 37281 49524
3821 10984 14805
6777 19367 26144
22639 66303 88942
5343 16984 22327
13310 40558 53868
13486 43046 56532
5821 17704 23525
25183 79358 104541
5873 18065 23938
7774 22701 30475
11746 32750 44496
5204 14867 20071
32574 102121 134695
27222 82468 109690
23689 75518 99207
18391 55160 73551
5433 16337 21770
18039 52039 70078
4943 14022 18965
11727 32179 43906
7808 25575 33383
3454 10124 13578
4671 15255 19926
48152 105262 153414
6946 21026 27972
3775 11650 15425
5314 15174 20488
3259 9847 13106
19255 57047 76302
37466 113267 150733
11703 35979 47682
14191 31341 45532
14962 44557 59519
20675 59388 80063
16600 48900 65500
18695 58672 77367
5797 19615 25412
15218 59880 75098
30546 122784 153330
25597 70069 95666
26294 82908 109202
25785 72500 98285
12764 34391 47155
6646 19592 26238
14717 42252 56969
17243 55524 72767
23736 78781 102517
13006 41130 54136
9689 27749 37438
14746 45906 60652
3812 11684 15496
7789 22431 30220
9798 27653 37451
14026 41675 55701
9837 28202 38039
33740 97923 131663
13298 41791 55089
10744 34809 45553
17692 51965 69657
11172 37416 48588
3964 12682 16646
12071 37624 49695
11509 35760 47269
5997 18019 24016
12626 40149 52775
23271 73856 97127
9762 27523 37285
11011 30056 41067
22427 63850 86277
16945 53262 70207
2952 9181 12133
23521 74606 98127
15767 48757 64524
3786 11685 15471
2161 7199 9360
10416 32177 42593
3633 10932 14565
7987 20802 28789
10463 31238 41701
12134 31074 43208
18717 53107 71824
3050 10303 13353
6801 24394 31195
9553 25277 34830
34170 112656 146826
19519 49084 68603
13432 40828 54260
16029 49221 65250
23023 65108 88131
18160 58868 77028
15069 44241 59310
10936 26603 37539
13231 39001 52232
5268 14400 19668
10916 41534 52450
8533 25281 33814
3878 11486 15364
3022 9783 12805
5910 16664 22574
14750 45674 60424
14902 50052 64954
6140 18404 24544
10514 33450 43964
17113 52245 69358
9399 26525 35924
14619 42812 57431
25426 70330 95756
4355 12321 16676
7966 23409 31375
24226 66543 90769
6353 20757 27110
27052 90898 117950
25370 70984 96354
9318 25134 34452
11773 37036 48809
31296 131177 162473
14776 44650 59426
21882 76838 98720
11126 38127 49253
14059 43003 57062
12438 31603 44041
4404 13183 17587
10298 26274 36572
20490 60135 80625
13219 42338 55557
16394 53101 69495
8256 27002 35258
14425 46931 61356
4807 14891 19698
6154 18584 24738
7180 20487 27667
3499 12583 16082
7040 21391 28431
20227 57138 77365
15213 47878 63091
10217 28107 38324
5607 16398 22005
15811 50813 66624
4921 15672 20593
10616 30496 41112
12833 39816 52649
8967 24646 33613
7589 22415 30004
5391 16573 21964
5816 18022 23838
12874 48377 61251
8252 25710 33962
14010 43070 57080
6765 20271 27036
9748 34434 44182
15061 47079 62140
18027 57325 75352
12963 34098 47061
20272 56526 76798
6927 21132 28059
28554 80593 109147
23454 66672 90126
13490 44875 58365
8146 24598 32744
22574 52642 75216
10627 30810 41437
13202 42445 55647
5437 15314 20751
11228 36586 47814
11758 38995 50753
9233 27073 36306
23986 68710 92696
52599 99087 151686
8112 24933 33045
22609 61091 83700
12502 34368 46870
4207 12278 16485
9703 28135 37838
23177 67319 90496
15906 48357 64263
11759 33060 44819
11093 31431 42524
23642 72344 95986
15846 50480 66326
10512 29184 39696
12464 34677 47141
19724 51720 71444
18543 57282 75825
34670 97827 132497
8103 24748 32851
6436 22978 29414
3464 10187 13651
6603 19737 26340
12259 29035 41294
11402 31963 43365
17070 52497 69567
11858 33858 45716
7001 20835 27836
18457 60310 78767
12034 33294 45328
2924 9038 11962
15234 45297 60531
35855 107406 143261
13373 39840 53213
6039 17749 23788
15839 46459 62298
18651 52333 70984
4882 13646 18528
16846 51012 67858
9919 28562 38481
10915 36644 47559
31572 95727 127299
6648 20583 27231
17141 53155 70296
7303 19978 27281
3494 10473 13967
15288 46271 61559
17580 53754 71334
18064 54822 72886
25828 73599 99427
16472 50011 66483
23302 70600 93902
12187 37376 49563
26306 72713 99019
8181 23560 31741
6909 20925 27834
14665 46872 61537
35069 107028 142097
35749 92409 128158
13357 43157 56514
10314 32090 42404
6917 22472 29389
9680 27397 37077
29647 81364 111011
23200 58666 81866
10546 33974 44520
13844 46594 60438
15875 48676 64551
10683 36869 47552
16103 48350 64453
11011 31917 42928
7305 20490 27795
20639 59713 80352
14437 44031 58468
21517 61043 82560
4159 13797 17956
13856 43186 57042
9934 27125 37059
13350 40511 53861
5549 17794 23343
21739 67258 88997
13585 40651 54236
4203 12916 17119
38979 121511 160490
34128 103776 137904
19433 55623 75056
14485 44719 59204
12685 33505 46190
11663 37057 48720
11105 35307 46412
19467 56147 75614
20731 80278 101009
20247 60899 81146
42024 86534 128558
11911 31522 43433
32500 98420 130920
7127 20599 27726
11378 43099 54477
4065 12653 16718
12116 38818 50934
24105 85771 109876
8428 23575 32003
3413 11542 14955
