3329921
3341874
3006483
1779247
2237353
2299035
2233940
2431806
4188424
4059782
4046352
2573262
2690648
2753216
2915841
2789250
2695545
954882
3159663
2698597
1193880
1140340
603147
2483969
2070457
1556875
1455090
1279789
1638615
1646138
1639672
2251112
1935480
2263661
1898528
2951122
2955071
635435
605735
596099
2446054
2264966
1834357
898785
1682306
1527465
761274
776321
783243
2148420
556366
595070
1228442
1146405
1198589
1112173
3338047
3132564
2298309
1872349
1289602
1173803
1909548
2790611
2809556
3306419
4265629
3854954
5024356
6048268
1625438
2561418
2419889
3376060
3438170
6377347
6278780
4988614
2722951
4820556
3253921
1442903
1497636
1183841
2508452
1010191
1083627
1036971
985263
1067407
1866492
2332285
2198819
5607189
5971210
5833517
1097142
954667
1421578
5101956
5345620
5115058
2735533
3152265
2936717
1403925
1068539
1058858
1164005
2273044
2308376
2327367
2890430
2844579
2639183
1459630
1773905
843710
1128976
1339644
1061224
1842620
1785630
1488575
1750320
1516198
2111117
2681131
2167023
1290575
1252237
2760191
582757
539584
481425
2452049
1766530
2662270
659782
471410
735966
1751151
1785973
1602529
1642933
920018
2947082
1641632
458439
432891
3542476
3980353
2901407
2898046
1162847
827763
894538
715855
2102147
2474798
2986815
3635390
2787765
2475025
1724926
1397927
1376625
1715582
787817
2615906
5619074
4893983
1635483
781302
1146268
2233793
3007890
1762489
1628774
1216529
758919
798430
837995
1173395
1944079
2297878
1245150
1007811
1487618
2209543
3261409
3444556
3389893
680462
652617
738651
2550049
2598786
2712290
1867302
1389864
1575372
1997767
2129358
1930455
1232928
1138666
2387947
2594197
2475483
2740535
2626346
1921100
1888785
1116992
2295430
1771017
1952020
1573995
2180611
2010073
2197792
1480978
932339
2503997
2631281
3283920
993864
1468777
1760618
832346
4285970
4136320
3234899
3485119
3618158
3524811
3460163
1348898
1297956
2388438
4482669
5410879
5003122
4042210
2853628
2731437
2280738
2351547
1147803
998370
1653155
1303256
4053015
4719212
1828863
2136318
1776229
1707734
1498353
2568975
3678177
579932
530512
560807
559253
3646792
2775847
2416686
3610861
1022950
634624
5521970
5527226
4779334
492069
475154
1750241
1814593
3129432
1127182
1145090
1077329
1570430
1404905
1564078
484121
599431
580904
1874134
1991182
2103222
2874236
3315082
4234956
4491221
1870871
2003908
2226356
2342910
2115126
2341053
2049206
1971964
886293
947706
1423620
663589
679322
366697
2506355
1971102
