2835882
2896049
2525501
1561433
1944302
1953693
1842164
2023156
3584671
3509281
3451618
2150208
2279781
2377368
2476572
2400830
2319289
823320
2789529
2247223
1003444
974057
514066
2123849
1766797
1295554
1230765
1071529
1383034
1381780
1388449
1903004
1659032
1984033
1556816
2485296
2584895
531327
518839
517712
2044418
1988351
1598888
751760
1413309
1276326
616426
608354
671944
1872577
478132
499376
999513
933686
1003978
967950
2857667
2713250
2009971
1570086
1101399
1009561
1647506
2386118
2372371
2876447
3615752
3131750
4277365
4938612
1370142
2127318
1937746
2832028
2855395
5098053
5533492
4383554
2401473
3960967
2683629
1170656
1199951
962437
2062563
829841
872410
884602
828133
879654
1540281
1983985
1876514
4598756
5045976
5164512
921799
839371
1229006
4379937
4447536
4443159
2337645
2689223
2526036
1161430
921653
907837
982677
1935653
1986253
1919264
2468400
2364564
2334786
1190761
1480099
685617
864544
1020079
921005
1508661
1439890
1222930
1460515
1230444
1782975
2255906
1790930
1078510
1045350
2354634
495420
463475
405802
2059183
1470033
2285778
541577
408602
619697
1515824
1531742
1352297
1404164
762312
2428018
1392011
393060
366496
3098451
3352180
2482293
2454618
919801
689304
727923
604639
1793291
2076922
2524098
2981219
2327128
2115527
1487627
1185161
1194420
1438468
633756
2273864
4895991
4380694
1433120
674843
941780
1860955
2331009
1459755
1376934
965721
626119
624627
701216
985280
1603596
2097451
954630
863632
1296692
1905401
2795570
2885345
2793690
571187
549271
655244
2281959
2401398
2410038
1680158
1255962
1425596
1822540
1916565
1664524
1045001
956311
2030194
2237567
2170249
2503997
2061422
1585173
1595399
1005218
2088233
1550683
1656767
1335226
1854133
1705263
1916163
1241031
834732
2156153
2262746
2852923
848301
1255947
1526060
738364
3841872
3628591
2722062
3021003
3108774
2921635
2648269
1092577
1070502
1895964
3551771
4216150
3918374
3134390
2226485
2224458
1948664
1931329
932455
833361
1349007
1097775
3403366
4136108
1557923
1758687
1519755
1452664
1201411
2136345
3047424
481980
441210
454099
470742
3035016
2332898
2104604
3167188
874398
515956
4480928
4636182
3977710
406029
382407
1430444
1498296
2638059
920251
947657
878602
1302563
1147176
1166808
398793
480996
475463
1518197
1596362
1728627
2376894
2751174
3409360
3641802
1517024
1623567
1845938
1810095
1669693
1833915
1686822
1635530
742438
816135
1159396
561127
571886
314105
2170897
1707609
