3075763
3352887
2875580
1684418
2172456
2291859
2280575
2428100
4541219
4519315
4292293
2764395
2693807
2607034
3112709
2789498
2715499
963271
3071710
2749377
1191853
1153678
627667
2496789
2118903
1623622
1493210
1281077
1548210
1563343
1640025
2284949
2010266
2315449
1904660
3210217
3176762
634297
628792
610979
2506505
2557922
1841735
862453
1707168
1743501
758332
789328
827778
2344674
586122
624398
1290859
1173836
1155176
1113797
3250611
3262902
2229095
1950674
1303326
1189831
1935395
2868175
2924781
3414968
4352464
3533893
4890884
6006506
1714027
2723600
2449986
3384268
3437445
6299036
6871176
5285845
2733732
4447438
3242465
1409190
1330046
1096179
2476537
976122
1003739
1033329
1027642
1042495
1815994
2281570
2032513
5045127
5847207
5748794
1151899
930440
1443521
5154837
5029094
5130123
2740670
3137334
2882357
1355321
1061200
1011382
1103574
2052465
2172079
2184723
2978538
2876765
2776926
1429004
1820940
892546
1065654
1263622
1182961
1951767
1848749
1492431
1644032
1410811
2156601
2735669
2045721
1233309
1237562
2748811
590658
532535
495619
2404955
1632662
2463560
613407
459649
678396
1646138
1663448
1500143
1531284
963424
2960584
1619675
436882
425374
3409884
3733257
2853205
2611775
1077871
767416
864761
716749
2101635
2384636
2808561
3462053
2606446
2475119
1763224
1486256
1443027
1693107
743972
2535673
5706901
4821648
1656139
776104
1104458
2114156
2693463
1724044
1619791
1196748
791737
757365
852521
1262702
1950872
2472671
1257972
1136122
1804861
2264383
3070396
3121343
3356203
718839
681821
795903
2675386
2823296
2806471
1957939
1492830
1530863
2155790
2254388
1858027
1322256
1172991
2454058
2691854
2502973
2989037
2394342
1830458
1828035
1137694
2301106
1925582
2065379
1590578
2173730
1979809
2270223
1449719
988161
2532145
2571908
3160990
992778
1553654
1884958
876763
4154781
4240055
3166874
3349737
3613715
3139783
3108126
1192485
1180426
2297317
4186806
4687105
4388115
3633179
2709079
2663514
2366335
2405283
1138116
936818
1497885
1288264
3742044
4752326
1876599
2146988
1778671
1869352
1664841
2629350
3645582
528374
486308
497981
528382
3550811
2674546
2244454
3550581
1026891
571240
5115905
5023781
4680359
455623
433236
1647391
1815405
3072383
1073181
1065486
973927
1514524
1376360
1471251
550068
666301
582569
1748857
1740968
2068236
2696890
3226824
4074309
4519908
1767057
1941588
2178231
2144378
2056500
2278261
2071273
2190246
942149
969347
1445905
669322
631656
382675
2339495
1858006
