2910261
2916846
2653174
1614021
1997355
2108189
1957116
2198046
3657611
3554379
3664070
2295917
2439171
2530325
2762716
2475867
2419924
867406
2857376
2418617
1062443
1043766
544886
2179908
1824984
1358218
1282374
1108452
1430686
1418295
1411861
1984700
1688942
2005222
1611315
2717759
2799179
550365
538277
547449
2199740
2073633
1681247
793213
1529062
1379719
654100
656128
707845
1930629
497125
510721
1086386
1009556
1063122
1019208
3013885
2820535
2093258
1684255
1178551
1061952
1732448
2531291
2619634
3040913
3921335
3477636
4527293
5375173
1530649
2280153
2038175
2977582
3026718
5583054
5710300
4622293
2542109
4343062
2904525
1247278
1297443
1059886
2234496
863535
916754
942909
878127
932795
1650252
2053083
1936802
4889249
5319305
5338117
989539
863926
1264248
4689149
4703143
4722454
2442245
2822612
2622495
1253831
954740
949614
1013343
1985401
2045377
2090949
2644147
2476925
2185093
1162924
1453263
678839
862726
995826
847508
1455444
1412266
1162920
1386304
1249535
1690927
2379823
1780500
1109813
1017711
2390286
488591
443608
411879
1983629
1432796
2210587
538181
399326
590868
1457088
1583353
1343814
1342141
753483
2561628
1420222
390000
394929
3001803
3285387
2395539
2444420
889264
671948
705532
589610
1719482
2149384
2467947
3039758
2324915
2009373
1455225
1180585
1155903
1457085
624442
2309749
4954810
4165669
1398674
678819
935581
1784584
2275294
1351841
1298677
976392
617019
599196
696056
951308
1506424
1987449
924514
857584
1250045
1840224
2679155
2775779
2913284
588830
556351
674720
2393390
2532675
2588342
1734193
1308445
1477458
1936549
1999460
1719572
1121461
1038135
2146163
2379308
2290161
2598480
2148835
1694505
1760948
1017231
2116912
1674058
1794259
1510013
1979251
1786094
2023592
1303876
871151
2366637
2322929
2869376
854673
1337072
1601394
764900
3956606
3712428
2998860
3090348
3131723
3093223
2778554
1146263
1110341
1987651
3772338
4389715
4264201
3383650
2422901
2455697
2040152
2073118
1026647
900173
1455015
1146581
3612324
4237656
1628710
1923277
1577768
1538140
1278168
2286331
3315389
552978
478499
482858
502214
3176478
2529748
2224760
3230531
915512
538243
4637785
4801709
4250286
438189
416478
1591683
1664766
2828221
1022721
1059158
964673
1422889
1248298
1298575
433218
510052
507310
1612239
1750864
1912614
2575912
2904787
3681742
3941114
1660208
1746053
2025689
2038130
1870114
2054691
1887640
1826375
814000
867060
1304562
595275
612913
335701
2289862
1789263
