3474320
3417910
3103174
1892510
2309525
2464173
2321774
2543931
4223603
4128219
4090495
2647116
2815757
2826433
3005419
2837071
2767215
966745
3254425
2741261
1212001
1166402
641163
2515558
2072458
1536249
1486904
1302101
1668109
1647190
1626714
2297686
1972829
2357736
1835602
3016502
3024800
633082
630244
627248
2528454
2510466
1911709
898981
1672845
1526182
745852
777094
831447
2310335
579313
600137
1222707
1124388
1183280
1154293
3393544
3194137
2347037
1904801
1325691
1240599
2025376
2983935
2893051
3458636
4323679
3923399
5119765
5885935
1637269
2677471
2352180
3408329
3466862
6233838
6698731
5205559
2901087
4997922
3355005
1499059
1552131
1297331
2805589
1108177
1194158
1177626
1101784
1197777
2062659
2598493
2511302
6002524
6999749
6802622
1227120
1032269
1542027
5685481
5743852
5590008
3041276
3355699
3459568
1503597
1151214
1131247
1237407
2407338
2561709
2460429
3123506
3040825
2789224
1576851
2320580
1060942
1233477
1390993
1204776
1890256
1934513
1682940
2024551
1694230
2272334
2667803
2082458
1363579
1344807
3114173
653477
595716
576599
2559641
1690862
2549526
679026
491084
772795
1736442
1834204
1757651
1836814
1064463
3228811
1859581
547591
484054
3781225
4042692
3048970
2746253
1060074
818564
873589
702376
2172611
2586655
2898096
3542668
2764692
2519277
1658334
1421517
1443630
1649903
784884
2527267
5862112
5193016
1737582
842734
1115760
2058406
2633514
1602300
1646216
1196311
798665
715611
858467
1130287
1907930
2395029
1164001
1054453
1561743
2298532
3306006
3466606
3282923
650085
655193
732588
2620244
2861150
2715778
1877555
1508561
1614686
2024922
2107873
1840564
1192333
1094716
2430832
2503840
2693334
2978169
2365415
1796817
1847568
1106199
2297844
1826118
1885066
1524685
2077893
1927474
2156262
1469978
945102
2604594
2710437
3372080
988173
1502355
1699744
860299
4517729
4029393
3212991
3562399
3624684
3286291
3115937
1236437
1211216
2213295
4063443
4767307
4770080
3819652
2725710
2581051
2277054
2231229
1087707
991337
1564936
1249349
3835214
4498908
1752386
2151929
1742105
1629005
1373321
2434037
3616255
557667
519131
516425
563462
3363282
2836230
2440079
3445088
972114
590301
5254009
5182379
4436824
467580
442166
1651685
1717140
2931808
1127540
1154951
1022854
1528936
1352960
1422834
491856
586986
550973
1682646
1890798
2011360
2719588
3276621
4096896
4163803
1817965
1886147
2198545
2195246
2071515
2382147
2151125
2099667
914068
945296
1393316
662225
683778
381903
2532539
1919903
