3070960
3080196
2841077
1678154
2038726
2185560
2063789
2306443
3854443
3727534
3737077
2469356
2575970
2584294
2835088
2568723
2521957
895685
3079161
2528970
1067342
1043531
556268
2239939
1874063
1473247
1395871
1145944
1488855
1502658
1513041
2133922
1835785
2098502
1684215
2734054
2926040
580870
559515
559645
2340798
2156172
1700760
860017
1540948
1426390
672341
662655
725396
1985813
513813
537245
1102289
1110226
1097801
1013118
3128081
2938271
2218596
1779903
1282647
1119368
1829723
2727845
2615659
3047798
3971012
3470833
4598452
5603071
1507848
2352193
2139572
3057119
3053427
5695583
5794703
4604764
2581706
4493882
2899443
1278644
1303923
1080035
2368450
903653
936362
925621
870684
946320
1662578
2099948
2031068
4993286
5648653
5513202
1006922
926377
1405461
4634718
5087187
4765578
2530680
2981766
2683861
1275231
973996
969943
1031541
2136931
2174992
2108437
2674609
2699044
2578781
1351274
1739647
783674
959559
1189709
1006896
1677105
1616856
1380603
1595143
1340521
1955849
2521685
2073868
1199787
1156539
2677127
542356
500545
448761
2212360
1635921
2466637
622948
460681
693622
1714795
1687950
1494748
1528633
855593
2772438
1534070
429244
416339
3354712
3653889
2739512
2565298
995342
735799
776693
678349
1979605
2287994
2752756
3294490
2492017
2239212
1570603
1276600
1292311
1685375
712130
2469121
5473976
4746693
1648482
752570
1081652
2031832
2570179
1549862
1500809
1063883
701874
675291
768099
1108386
1705541
2156042
1038358
949193
1388423
2136850
2994921
3036673
2951876
625180
635714
701902
2441688
2602554
2563301
1821115
1389113
1563977
1961963
2065041
1833166
1174635
1064940
2235836
2474806
2420271
2849303
2312645
1729224
1823855
1117778
2303878
1711612
1850624
1478012
2050728
1924169
2053873
1353180
898714
2370634
2492012
3053507
906483
1392371
1654292
806146
4210879
3961614
3071366
3215864
3263207
3198347
2843088
1194095
1169123
2069729
3939047
4634166
4340902
3426403
2471843
2480247
2118818
2167434
1015624
903963
1484562
1205557
3679861
4382900
1721908
2027236
1640304
1577386
1343117
2340477
3355227
529562
487364
488773
507427
3232428
2546925
2226635
3356418
950169
574040
4806281
4985732
4295094
452813
435735
1638770
1683418
2933517
1105244
1105924
977451
1461394
1281173
1301482
444098
527420
535510
1640113
1779818
1913017
2637742
2971847
3852171
4048997
1734136
1881978
2093368
2038762
1881713
2115816
1866671
1833722
847099
903280
1351078
634647
649622
347594
2417859
1812094
