3226001
3229385
2941630
1764791
2103306
2136455
2010314
2374892
4031317
3728697
3642435
2511257
2686002
2677498
2678910
2632635
2449611
861993
3136455
2518908
1141577
1147939
599513
2339530
1900518
1464041
1399347
1148022
1463014
1495637
1460537
2183783
1922386
2351118
1725068
2804480
2936234
599197
589540
571197
2523236
2291811
1906568
909285
1672606
1593909
745431
743811
811558
2321121
606161
652399
1285897
1125104
1206711
1147758
3548280
3452196
2410723
1877299
1395707
1256690
1967462
2893954
2858406
3281292
3994945
3843232
4888957
5883669
1666935
2467007
2255981
3325618
3263160
6014787
6677212
5153753
2850786
4579431
3012073
1290401
1301660
1119901
2406890
956089
1024865
930440
855699
938020
1649834
2291809
2105662
5140484
5436461
5785793
1002190
888028
1330941
5010916
5106487
4630862
2673925
3004356
2879331
1281034
1009434
955241
1043622
2186280
2135183
2151036
2692533
2689443
2585385
1384814
1625420
781746
973700
1202838
980961
1726519
1619311
1336456
1530180
1312694
1856596
2456255
1906264
1148583
1092413
2646127
543869
556324
475485
2436888
1613602
2609719
624723
483706
771213
1730199
1790170
1510507
1574384
899541
2711665
1555445
451781
445337
3552253
3827238
2916189
2892579
1094379
735183
795975
643002
1945497
2444366
2784675
3394265
2708775
2366237
1543658
1370227
1262163
1667658
738111
2604261
5615575
5034128
1672792
787074
1168707
2422509
2949472
1678191
1592684
1175546
756770
774100
869450
1307105
1830297
2297655
1104658
1023209
1514515
2217162
3232764
3321866
2969658
601286
585103
801855
2701522
2891363
2872375
1926947
1390590
1676063
2083524
2252301
1924816
1245603
1146138
2441712
2555313
2576029
2956609
2383431
1855992
1900733
1104645
2379786
1741280
1869067
1569674
2224624
2027184
2133645
1464259
940913
2515206
2537323
3210393
983018
1474311
1733458
874370
4608892
4413646
3033193
3197796
3708702
3396798
3125321
1241131
1174496
2144491
4303604
5518607
4922160
4146981
2789660
2672877
2333834
2571033
1278736
1048260
1688326
1323005
4075675
4990268
1916670
2170714
1809890
1761927
1508287
2623340
3843904
625446
565575
561583
582279
3594327
2894802
2495555
3768670
1076607
646667
5452978
5593894
4712659
498625
499957
1797901
1869386
3222555
1171079
1193119
1165940
1637205
1412068
1464820
517535
586421
581472
1795496
1964204
2200337
2929920
3331219
4229611
4437313
1859408
2023738
2323751
2320201
2124931
2255734
2112647
2034243
951560
1022688
1511977
705620
727758
413343
2615913
2026544
