3043256
3004688
2694054
1632484
1965091
2030600
2000344
2199055
3693732
3658143
3603321
2354109
2447886
2543772
2671232
2487490
2423417
878410
2909573
2489875
1083123
1047695
551423
2263841
1869694
1436458
1298797
1142472
1484040
1468463
1448007
2035622
1784113
2096806
1639054
2737677
2789336
595053
549747
538891
2201935
2115032
1671991
819128
1515321
1363865
658728
653738
702249
1993156
511530
530202
1113803
1082130
1102445
1016486
2979790
2840681
2157024
1739990
1159732
1056072
1762977
2589511
2596184
3044985
3960227
3454137
4455751
5497115
1497512
2282768
2052517
2982681
2987382
5752195
5911287
4773657
2553223
4283054
2873730
1263381
1300512
1049765
2287843
902933
948500
943789
874433
939443
1645053
2074769
1966939
4747180
5315221
5247092
979462
885301
1292694
4770547
4917864
4796043
2465538
2892432
2736601
1213140
984950
942695
1045734
1999941
2125842
2159995
2671985
2646943
2475286
1320838
1659661
791305
939115
1128164
952471
1663325
1660130
1324170
1569240
1347768
1844338
2414231
1969548
1209800
1109073
2494765
528264
484430
438186
2196397
1591566
2403526
574409
431917
645209
1593155
1632048
1520987
1506099
865780
2710814
1514936
413479
394679
3307203
3502333
2639876
2589372
979693
718165
772383
650652
1878288
2260940
2666239
3210733
2393040
2208156
1568645
1304771
1279506
1583733
703287
2444481
5319136
4658507
1626898
730995
1025291
1946352
2514221
1517511
1475694
1068628
685730
678273
767684
1042589
1670328
2122301
1036526
940482
1356599
1997341
2916974
3074691
2973558
596001
581417
694559
2423178
2555941
2558542
1790520
1380893
1546593
1943003
2064581
1756242
1140956
1035858
2212692
2394346
2330335
2660639
2202598
1706750
1747064
1057266
2186956
1687110
1795501
1465008
1978335
1825014
2029945
1318869
870228
2373278
2412631
2983161
896222
1337594
1621599
774133
3924489
3784361
2956410
3216876
3214256
3187565
2865600
1175964
1153963
2012288
3928974
4697495
4377225
3465131
2446675
2472894
2034736
2084390
1030384
897535
1467976
1200466
3628346
4261069
1659308
1947630
1590948
1530455
1298281
2270514
3341319
522987
473222
483591
501134
3250284
2566510
2178871
3261855
921175
549598
4710588
4907721
4288260
431126
413600
1565700
1616651
2771194
1072596
1067868
965206
1421853
1226727
1292186
425640
517677
511863
1647067
1742042
1890378
2556435
2892794
3697652
4112489
1696029
1793173
1991753
1970209
1837151
2000738
1850106
1776458
804254
857865
1267538
589699
605645
328738
2240591
1819566
