3571189
3645120
3030279
2124826
2363403
2638960
2582568
2689694
4203343
4318327
4872726
3100787
3062444
3002045
3057914
3153246
2818514
1051635
3532944
2952316
1204306
1191712
632051
2549764
2132414
1712760
1741806
1492063
1837202
1892167
2065339
2549286
2113392
2413199
2078475
3007004
3311031
705270
689676
653852
2579237
2472816
2069885
950999
1815489
1628724
821140
789797
858442
2366782
606480
658201
1310668
1233650
1216084
1168192
3864577
3626295
2614450
2074461
1546359
1247827
2049160
3111250
3017752
3571733
4875781
4055130
5567691
6749134
1825370
2942537
2556346
3636744
3807608
7179087
6981678
5413914
2986428
4915754
3333040
1592927
1531330
1266903
2605346
1004336
1076430
1116853
975903
1045677
1847957
2305991
2330205
5645341
6168030
6128572
1235954
1092955
1697531
5712087
5734799
5352438
2826295
3377754
3000430
1398088
1159415
1138962
1259956
2408285
2491045
2560438
3251780
3144144
2750642
1487359
1861746
882478
1139170
1297864
1105152
1854906
1861898
1549073
1838157
1609119
2267892
2932795
2304678
1342311
1320605
2997566
650514
596869
538193
2569685
1879241
2890175
697426
507239
793455
1934830
1963943
1768038
1784525
968016
3003916
1739948
482391
473697
3801047
4146011
2972315
2914999
1185126
836228
933382
747259
2183391
2633061
3034581
3805786
2909291
2568122
1861785
1446518
1496331
1820646
834475
2837235
5996850
5500268
1769934
855364
1219138
2291648
3007064
1828524
1735344
1280303
846562
831509
930159
1334835
2015446
2559451
1220907
1072843
1654683
2445829
3494709
3531262
3501490
749909
721933
842672
2845545
3009075
2945388
2070226
1605152
1827001
2280011
2396692
2065858
1320609
1239793
2535712
2744532
2723961
3169118
2628015
2040555
2089592
1252846
2546373
1962149
2150728
1717715
2314723
2144784
2416993
1600672
1052123
2764518
2769022
3437678
1066140
1624382
1912295
923037
4723267
4532960
3465588
3701338
3724629
3570793
3326542
1397248
1380753
2400400
4553226
5363498
4933141
4048879
2836492
2822900
2387842
2478567
1193192
1072833
1765986
1377677
4207692
5039522
1974363
2312582
1898286
1811502
1551145
2675047
3847101
612445
575165
592044
614528
3750619
2912951
2624827
3814013
1164236
661524
5600040
5856165
4937108
530197
515917
1840624
1919878
3312256
1190750
1250113
1151788
1674546
1478232
1510544
519819
639632
622217
1839509
2070335
2227283
3037822
3457824
4283293
4630716
2003894
2074522
2410891
2341282
2138261
2478301
2159091
2118197
1001130
1039325
1581027
723359
729650
417173
2680600
2140108
