3054790
3097183
2775289
1611188
1973177
2091699
2046591
2258552
3731307
3705498
3732535
2339583
2561304
2562177
2640193
2564960
2537627
899876
3024669
2554295
1086632
1079641
574631
2292257
1833982
1348438
1308146
1152040
1457461
1512816
1440500
2003906
1722047
2054084
1626866
2761982
2742615
571187
554969
552814
2186139
2110475
1657117
795292
1478888
1351437
657216
667228
712541
2059810
528956
539486
1087894
1020903
1097318
1043562
3172873
2861981
2149868
1739231
1187132
1092866
1787468
2571758
2556961
3072058
4009075
3461600
4564933
5440607
1534318
2443359
2051381
3042028
2996362
5787671
6040000
4698125
2564194
4317780
2845888
1272514
1337261
1164354
2256005
899063
950619
952818
861392
958788
1756963
2204982
2059158
4969759
5613875
5568065
1022359
889438
1335272
4649425
4984876
4663966
2553178
2826981
2671253
1265012
997458
976038
1065189
2092178
2102853
2117370
2715742
2581713
2443346
1286768
1642064
769969
1007263
1143541
950624
1712880
1630732
1328433
1641082
1365602
1922059
2486386
1954973
1184403
1176733
2567482
530208
489499
459760
2222478
1587075
2485468
576038
436376
671289
1632654
1647513
1484691
1486859
841809
2746497
1498591
421407
396438
3394262
3559353
2682647
2579563
996200
767265
834695
692186
1914117
2324357
2754024
3317859
2475178
2260806
1593245
1289249
1330843
1584378
697634
2394099
5280141
4577901
1572208
748092
1072679
2038048
2576072
1535897
1464471
1124539
715413
744497
764772
1078285
1714122
2185875
1041834
929541
1403423
2066938
2977362
3068982
3020930
653278
623809
700329
2472937
2571044
2588663
1855922
1363975
1527151
1904793
1991881
1809800
1165766
1044684
2215537
2400883
2389879
2632277
2242677
1703948
1756555
1105864
2293376
1681332
1787586
1476972
1993388
1856487
2047829
1326433
890552
2355822
2426990
3070670
877383
1336192
1582907
771598
4032650
3776455
2948986
3211601
3323255
3165985
2892928
1177518
1167228
2061476
4000599
4683488
4277305
3397807
2487802
2426493
2144716
2131028
1025394
911465
1478527
1172257
3731463
4295512
1688144
2002698
1636480
1552391
1350676
2425416
3321256
515644
479004
476820
506277
3236473
2499148
2218602
3303022
944151
549258
4880836
4917758
4335938
443943
414843
1563931
1662869
2830743
1024556
1089745
979583
1492054
1268227
1331306
450852
532246
533628
1673351
1795824
1929347
2574232
2946057
3827667
4022246
1666155
1790022
2078598
2018789
1883285
2033281
1839882
1816597
807182
871879
1278551
603127
623429
339770
2259831
1847918
