3259343
3400946
3024099
1717729
2182622
2295982
2177479
2336005
4086979
3986283
3912164
2553687
2697359
2684968
2851280
2574578
2658111
979097
3171602
2514023
1055982
1029432
565436
2295087
1973234
1568660
1345441
1165367
1595869
1538107
1533307
2199724
1911973
2157510
1687796
2876891
2959380
602745
590914
610321
2391486
2363896
1902808
854891
1556826
1473892
709793
700993
767732
2128386
559873
574771
1165627
1096197
1134371
1107173
3194057
3178144
2335998
1889028
1254506
1188146
1853358
2793695
2814292
3177011
4268720
3671865
4950532
5703200
1602050
2444838
2167652
3139811
3151270
5998474
6239882
4950142
2718184
4617925
3105115
1373282
1446130
1174815
2450263
970904
1013269
1005596
950701
1019735
1790158
2258849
2135885
5205700
5823690
5845045
1092602
957843
1433514
4939329
4884682
4491522
2720402
2941723
2528602
1245666
948111
932787
1040844
2028784
2213360
2120442
2690673
2538659
2296792
1342422
1722276
812578
966046
1117952
915752
1623611
1575554
1377393
1694255
1282736
1956959
2458533
1976250
1196591
1147059
2563941
539669
471152
484300
2136983
1502821
2515539
626619
454639
707232
1608991
1724424
1535679
1552418
880221
2767347
1568528
440554
425206
3193341
3634127
2823386
2774752
1085367
759081
834370
682875
1941485
2298870
2958993
3297715
2372384
2207537
1603331
1265932
1345305
1624101
701213
2394902
5260561
4861324
1566940
724978
1004022
1981388
2603366
1443925
1518744
1161599
731218
735587
790646
1063569
1817352
2269169
1111064
983555
1340439
2045462
2979366
3148338
2977756
662260
621234
742295
2503354
2650349
2726463
1839210
1424340
1573357
2033845
1929635
1669301
1230815
1181959
2181809
2599965
2428163
3006360
2524577
1829105
1825886
1120372
2154682
1750857
1814591
1393992
2113770
1865426
2087244
1267005
908789
2395884
2288059
2867281
919295
1376058
1700699
850061
4312859
4558978
3515933
3426586
3424985
3346768
2992939
1192507
1145038
2065157
3954660
4879137
4463713
3728151
2628327
2332605
2053937
2238643
1095358
867798
1457503
1191549
3656217
4111618
1749253
1918224
1634197
1742970
1423426
2575732
3493545
565664
543410
542527
518733
3281762
2414610
2329549
3387584
957736
549981
4860070
4776094
4224170
418287
397131
1535256
1582002
2717525
1106817
1090192
927345
1369228
1181274
1247035
475700
497194
529431
1611929
1884224
1967183
2624927
3084260
4026796
4133234
1792332
1860471
2119246
2119187
1928451
1946173
1802288
1712228
792693
914819
1370033
627581
686368
352941
2337543
1858233
