2995487
3196410
2931276
1778187
2007405
2160096
1884813
2277343
3719390
3743114
3704797
2308901
2494889
2453397
2747090
2581428
2354585
916010
3100092
2323529
1130786
988118
584801
2134559
1823720
1369025
1355688
1246701
1491725
1462031
1521174
1977121
1829979
2189155
1764069
2789396
2630521
575494
578076
565558
2182675
2051247
1716007
826766
1537685
1400031
672892
660632
736501
1957661
545613
587536
1233965
1076372
1008215
961870
2912750
2922676
1995152
1749275
1108175
1094521
1776851
2655822
2474889
3090368
3689229
3479692
4467655
5374925
1515929
2411173
1942117
2885176
3068471
5529877
5789399
4518890
2777417
4406633
2912396
1272972
1344170
1102461
2295588
915419
977913
971952
937553
994649
1664280
2174585
2062548
4637213
5650127
5162450
1010835
916354
1385649
4610031
4914363
4450492
2390564
2954290
2652128
1188892
921997
959181
966218
2218467
2202641
2027508
2603286
2415690
2465728
1328413
1572578
756472
999909
1231947
1113037
1856494
1810302
1499061
1698820
1441256
1998991
2578545
2104926
1260513
1168315
2600920
568199
523335
479673
2277690
1717283
2712100
646203
487127
726036
1858717
1777263
1558969
1671373
937875
2988951
1654813
484125
431862
3599744
3638276
2843162
2635536
1042782
802196
881299
707418
2076855
2436218
2917641
3471979
2665835
2446544
1761606
1352154
1566757
1762964
729242
2539870
5469270
5026616
1692381
814396
1136504
2118399
2693377
1698383
1574608
1175020
728691
743910
809717
1125102
1835184
2362324
1105677
1029512
1507342
2222585
3222203
3206086
3157001
675668
634611
728115
2628684
2644789
2708438
1931638
1428558
1604998
1980066
2083122
1875480
1180755
1069570
2275163
2455562
2473110
2837566
2329512
1743757
1798269
1124959
2297121
1741063
1856426
1479618
2108688
1870057
2119761
1407322
922726
2531159
2478593
3072262
904863
1393965
1653477
822412
4162840
3984379
3084668
3297560
3289571
3213469
2984851
1200961
1191124
2131545
4059357
4719003
4480863
3535301
2526263
2573855
2113290
2178677
1047133
912803
1619462
1227026
3740148
4419880
1767607
1959876
1640091
1562276
1339168
2466022
3363685
526558
486544
495555
516863
3397299
2653917
2318013
3492456
1007653
618329
5025793
5244178
4477138
457924
428085
1637522
1739697
2869993
1071856
1081952
1002654
1473860
1296707
1357088
452318
542232
530618
1655029
1797057
2010564
2677478
3091355
3846143
4145518
1732841
1809897
2081902
2059547
1904432
2108892
1913554
1845703
863602
913785
1334271
620387
669529
364985
2440010
1894455
