2689 54880 57569
2110 32935 35045
4132 63725 67857
3549 70781 74330
3222 62397 65619
2931 53863 56794
1933 37571 39504
1759 29228 30987
2382 49178 51560
4327 82949 87276
1433 26930 28363
4420 79441 83861
4257 93385 97642
3220 60056 63276
1535 30719 32254
2255 42987 45242
4532 99939 104471
1724 34959 36683
3579 66038 69617
5324 99772 105096
7160 121530 128690
2918 58019 60937
2053 39993 42046
1505 28819 30324
2281 50134 52415
3436 72214 75650
969 21391 22360
1723 17560 19283
1672 19669 21341
3204 61345 64549
4922 87870 92792
2522 49476 51998
4310 80742 85052
3247 61305 64552
2859 55504 58363
2539 53639 56178
3799 70987 74786
1819 35164 36983
3863 74196 78059
3336 66418 69754
806 15458 16264
3622 63605 67227
2538 49108 51646
2655 52644 55299
820 15754 16574
1534 27950 29484
4090 88798 92888
1190 23315 24505
3555 60020 63575
3138 61568 64706
1574 27293 28867
5251 108446 113697
1289 26359 27648
1880 30814 32694
2255 47365 49620
1042 22983 24025
7488 144045 151533
6486 122335 128821
5608 101241 106849
3724 77479 81203
1090 24925 26015
3714 69681 73395
980 21436 22416
2264 45300 47564
1885 37492 39377
687 14687 15374
1136 23244 24380
9087 172574 181661
1781 29774 31555
1313 19865 21178
1219 21330 22549
652 14501 15153
5864 84979 90843
8540 166784 175324
3018 49344 52362
2461 50814 53275
4004 65120 69124
4982 83530 88512
4093 76052 80145
4060 76305 80365
1403 25674 27077
4007 74235 78242
6186 116678 122864
4559 87001 91560
5481 110821 116302
4565 96425 100990
2202 43918 46120
1379 25641 27020
3381 59500 62881
3418 74928 78346
5552 116626 122178
2645 52014 54659
2150 43927 46077
2852 62192 65044
1011 20517 21528
1848 35891 37739
2129 42577 44706
3806 66170 69976
2420 36424 38844
8306 151860 160166
2590 51091 53681
2776 56286 59062
3730 73877 77607
2626 52135 54761
932 17320 18252
2911 52686 55597
2555 52067 54622
1302 25901 27203
3250 64429 67679
5047 136123 141170
2596 44734 47330
5184 52831 58015
5598 88743 94341
4738 105065 109803
798 12539 13337
7083 107167 114250
2948 65534 68482
866 14890 15756
457 9937 10394
2177 42464 44641
750 14427 15177
1582 30034 31616
2210 48465 50675
2248 41137 43385
3677 64746 68423
661 12787 13448
1674 32143 33817
2838 42918 45756
16654 150466 167120
3495 69497 72992
2786 54132 56918
3266 69073 72339
4696 97035 101731
3664 86816 90480
3600 52785 56385
2057 43547 45604
3715 63839 67554
987 17870 18857
2175 43464 45639
1790 34865 36655
816 14841 15657
734 13689 14423
1028 19381 20409
3138 56841 59979
3466 69108 72574
1309 27389 28698
2414 55004 57418
3682 70044 73726
1961 36138 38099
3495 63134 66629
3991 82727 86718
851 16672 17523
1484 29163 30647
4031 77537 81568
1622 28264 29886
5024 106540 111564
4448 103606 108054
1796 37849 39645
4777 55522 60299
8674 164853 173527
2823 54863 57686
4359 91099 95458
2208 42613 44821
2458 49498 51956
1987 45068 47055
1020 19231 20251
2253 37704 39957
4054 71785 75839
2901 53438 56339
4235 78534 82769
1526 32117 33643
2789 52618 55407
919 18571 19490
1467 29039 30506
1724 24008 25732
732 16252 16984
1783 33358 35141
4732 91558 96290
2825 60179 63004
1931 43553 45484
1051 22090 23141
3369 67641 71010
1507 23543 25050
2104 42264 44368
2447 51623 54070
1730 34685 36415
1309 25429 26738
1284 26017 27301
1419 27804 29223
2325 50337 52662
1776 31161 32937
3178 64939 68117
1199 24243 25442
2073 48981 51054
3508 64467 67975
7152 65882 73034
2499 50465 52964
4244 77924 82168
1578 28117 29695
5599 107499 113098
5295 90296 95591
3079 59435 62514
1675 31496 33171
3432 61943 65375
2156 41878 44034
2817 54098 56915
950 20577 21527
1988 43515 45503
2747 58053 60800
1729 32361 34090
3848 81971 85819
7107 134126 141233
1705 33361 35066
4396 81791 86187
1977 42090 44067
994 17237 18231
2014 37857 39871
4070 80616 84686
3367 64274 67641
2198 40656 42854
2070 42347 44417
4827 94867 99694
3434 73569 77003
1930 35558 37488
2360 45981 48341
3840 76807 80647
3600 67178 70778
5990 117570 123560
1726 35680 37406
1576 25962 27538
634 16058 16692
1638 31167 32805
1992 45375 47367
2536 52558 55094
3833 79424 83257
2247 45957 48204
1184 23060 24244
3646 78620 82266
1951 39558 41509
681 12366 13047
3606 65900 69506
7320 142562 149882
3151 60263 63414
1132 23185 24317
3427 61472 64899
3354 60788 64142
1309 18455 19764
3711 69419 73130
2030 38496 40526
2684 53018 55702
6577 132373 138950
1519 28417 29936
3636 71204 74840
1716 27844 29560
1261 15202 16463
3217 58667 61884
3668 70423 74091
4122 70946 75068
4647 96727 101374
3554 63834 67388
4690 96012 100702
2456 47054 49510
3995 110482 114477
1481 27952 29433
1233 23357 24590
3079 56517 59596
6944 125287 132231
6387 120768 127155
2600 51618 54218
2628 42093 44721
1494 30027 31521
1855 33094 34949
6039 120688 126727
4027 77551 81578
2451 49662 52113
2784 56271 59055
3619 71520 75139
2335 43744 46079
3370 56879 60249
2219 58293 60512
1528 27481 29009
4211 77321 81532
3132 59622 62754
3876 80175 84051
1268 15614 16882
2848 56670 59518
2187 41845 44032
2515 51509 54024
1093 23905 24998
4197 78687 82884
6169 48979 55148
820 16767 17587
7140 143064 150204
7089 135168 142257
3373 63479 66852
2842 54297 57139
2129 42727 44856
2476 49795 52271
2500 48695 51195
4461 66707 71168
4298 95527 99825
4225 68840 73065
6918 130162 137080
1941 39396 41337
7030 154492 161522
1555 28581 30136
2493 47733 50226
906 17583 18489
2238 45437 47675
5227 101792 107019
1696 31751 33447
957 13776 14733
