9145 40463 49608
5013 22944 27957
10044 47742 57786
11005 50014 61019
9857 46545 56402
8444 41579 50023
6253 29363 35616
4543 21081 25624
7377 33068 40445
13292 62645 75937
4214 20035 24249
11218 54574 65792
13620 63355 76975
9085 43402 52487
4207 20556 24763
7193 32172 39365
15135 67959 83094
4975 22871 27846
10009 47868 57877
14401 67268 81669
17820 89033 106853
8386 37216 45602
5987 28763 34750
4757 23154 27911
7363 33855 41218
10372 50717 61089
3225 14595 17820
2835 12966 15801
2792 13016 15808
10481 51899 62380
12841 61457 74298
8061 34430 42491
12943 58443 71386
9290 45089 54379
8691 41337 50028
8890 40090 48980
11202 51666 62868
5091 23293 28384
11436 53947 65383
9417 44884 54301
2335 11144 13479
8648 42093 50741
7906 36930 44836
8044 34668 42712
2357 11261 13618
4645 22175 26820
12920 59783 72703
4215 17796 22011
9471 45232 54703
8271 40824 49095
4289 18216 22505
17723 80113 97836
4295 20226 24521
4891 23272 28163
6679 30112 36791
3574 15822 19396
21636 106283 127919
19071 93508 112579
16900 74884 91784
11243 52484 63727
3495 16829 20324
11430 50744 62174
3341 14924 18265
7213 31414 38627
5586 27328 32914
2003 10088 12091
3789 16429 20218
23594 112494 136088
4119 20370 24489
2692 12525 15217
3081 13762 16843
2052 9464 11516
12103 54898 67001
26064 124050 150114
7807 34094 41901
8059 34965 43024
8826 42335 51161
12440 57492 69932
11372 55356 66728
11058 52451 63509
3893 17682 21575
11272 55297 66569
17710 85939 103649
14996 66121 81117
17523 79602 97125
15589 68598 84187
7327 32435 39762
4196 19120 23316
9800 46752 56552
10490 51964 62454
17799 85536 103335
9178 41898 51076
6039 28989 35028
8899 43805 52704
3684 13652 17336
5564 25680 31244
7074 29549 36623
10144 47516 57660
6243 28777 35020
24277 113136 137413
8868 39000 47868
8035 37579 45614
11282 53376 64658
8518 38404 46922
2612 12015 14627
8389 39901 48290
8387 39419 47806
4308 19281 23589
8678 42117 50795
17042 80329 97371
6386 29405 35791
6909 30369 37278
13581 61741 75322
11487 55224 66711
2053 9134 11187
17586 78076 95662
9985 49529 59514
2319 10900 13219
1596 7421 9017
6903 30876 37779
2125 10447 12572
4859 22805 27664
6632 31636 38268
6463 29653 36116
11661 55753 67414
2039 9233 11272
4766 23895 28661
5994 26865 32859
22610 111609 134219
11158 52343 63501
8460 42616 51076
10097 49562 59659
14513 64694 79207
12105 58365 70470
8820 41919 50739
6139 29465 35604
9183 44763 53946
3209 14354 17563
7647 35134 42781
5439 23804 29243
2632 12098 14730
2093 9758 11851
3479 15454 18933
8843 43639 52482
10454 51249 61703
4017 19254 23271
7625 35623 43248
10924 48131 59055
6211 29631 35842
9863 46791 56654
15071 65479 80550
2539 11577 14116
4573 22652 27225
14070 61218 75288
4341 19310 23651
17597 84595 102192
15165 67519 82684
4743 23329 28072
7932 34848 42780
21490 105095 126585
9447 44988 54435
15165 68507 83672
7820 34085 41905
8291 36980 45271
7688 34203 41891
2880 12963 15843
6325 29071 35396
12853 58874 71727
9210 45009 54219
11963 56492 68455
4771 22575 27346
8460 42492 50952
3261 14635 17896
4224 20941 25165
4175 19276 23451
2392 11728 14120
5131 23922 29053
13732 62527 76259
9342 46365 55707
6229 28492 34721
3454 15108 18562
10974 53682 64656
3727 16107 19834
6176 31980 38156
8650 38389 47039
4634 23435 28069
4530 21264 25794
3994 16687 20681
4125 20148 24273
7327 31519 38846
4812 23432 28244
9224 44850 54074
4244 20494 24738
7722 34511 42233
11740 44634 56374
11181 53072 64253
7770 33006 40776
13494 61903 75397
4779 22018 26797
17609 87083 104692
13544 59108 72652
8470 42367 50837
5150 24493 29643
10863 51147 62010
5843 27962 33805
9182 44450 53632
3090 14059 17149
7045 32884 39929
8176 36784 44960
5349 25207 30556
13540 60703 74243
19031 95781 114812
5478 26401 31879
12690 57511 70201
7351 33657 41008
2691 13240 15931
5860 28567 34427
14095 63697 77792
9298 45018 54316
7161 31433 38594
6636 31073 37709
17708 77620 95328
10401 50745 61146
6269 28864 35133
7735 37975 45710
17720 54249 71969
11334 54929 66263
18325 92975 111300
5334 26008 31342
4387 20897 25284
1959 10137 12096
4663 23044 27707
6746 29623 36369
18145 32336 50481
12252 58895 71147
7833 34114 41947
4193 19393 23586
11100 53469 64569
7328 31868 39196
2169 10330 12499
9475 45865 55340
23655 118305 141960
8773 42554 51327
5461 17786 23247
10367 48815 59182
10513 50792 61305
3077 13832 16909
12013 57103 69116
5983 26490 32473
8602 37965 46567
20197 96261 116458
4512 22762 27274
11471 54899 66370
4487 20676 25163
2334 11569 13903
9943 46835 56778
10954 52476 63430
12622 56529 69151
14535 66496 81031
10590 52239 62829
17482 80019 97501
8996 37365 46361
13345 75082 88427
4585 21385 25970
4407 22131 26538
10057 47148 57205
21589 102651 124240
20814 100502 121316
8448 39927 48375
8001 34326 42327
4700 23109 27809
6169 28009 34178
17392 85663 103055
13395 63755 77150
7481 36546 44027
8839 44919 53758
10719 53124 63843
7651 33637 41288
9430 45157 54587
7345 31866 39211
4781 21905 26686
12160 56352 68512
8533 42445 50978
13738 61233 74971
2634 12668 15302
8979 44679 53658
6466 29472 35938
8030 40261 48291
3570 15668 19238
12790 57517 70307
8059 35828 43887
2352 11224 13576
24705 118190 142895
21251 94831 116082
11215 52955 64170
8968 43756 52724
6625 30330 36955
7766 33430 41196
8031 34686 42717
11608 55792 67400
15456 73227 88683
12509 57798 70307
19113 92934 112047
7224 33714 40938
19658 91357 111015
4925 23439 28364
8461 39787 48248
2748 12772 15520
7821 34170 41991
18720 86171 104891
5327 25326 30653
2298 11337 13635
