5440 48674 54114
3275 26531 29806
6105 55963 62068
6878 55705 62583
6280 55276 61556
5238 48870 54108
3741 34150 37891
2639 25516 28155
4262 39803 44065
8086 72569 80655
2552 23178 25730
7368 67398 74766
8961 73011 81972
5593 51470 57063
2662 24382 27044
4127 37456 41583
9101 81543 90644
3426 28950 32376
6301 53574 59875
8946 84056 93002
10787 101773 112560
4719 44745 49464
3850 33149 36999
2890 25701 28591
4653 44231 48884
6395 54426 60821
1926 19273 21199
1836 14564 16400
2528 20814 23342
6012 54245 60257
8382 72769 81151
4157 38797 42954
8547 72317 80864
5448 49289 54737
5905 52796 58701
4738 45305 50043
7741 63828 71569
3262 27257 30519
6966 60910 67876
5956 53290 59246
2129 12101 14230
5758 51003 56761
4438 40978 45416
4578 43053 47631
1629 13276 14905
2970 24269 27239
8675 79113 87788
2241 20321 22562
5903 51243 57146
5592 51599 57191
2454 22438 24892
9428 89509 98937
2683 24511 27194
3149 26797 29946
4059 36728 40787
1986 19295 21281
12883 113797 126680
12450 110668 123118
9512 83727 93239
7382 64222 71604
2016 19550 21566
7152 59018 66170
1937 18125 20062
3867 36495 40362
3567 31917 35484
1377 11889 13266
2300 21003 23303
15465 129809 145274
2683 24211 26894
1672 14711 16383
2077 18108 20185
1367 10921 12288
7601 66570 74171
16684 145104 161788
4472 40899 45371
4405 42158 46563
5995 51571 57566
8156 68363 76519
7256 63712 70968
7140 60622 67762
2241 21110 23351
7141 64355 71496
11443 101627 113070
8152 74157 82309
10075 94110 104185
8109 77452 85561
4515 39393 43908
2211 21685 23896
5976 52162 58138
6774 58590 65364
10114 96068 106182
4869 44805 49674
4199 36849 41048
5623 50742 56365
1598 15651 17249
3501 30064 33565
3988 33937 37925
6203 50907 57110
3749 31578 35327
14553 123934 138487
5381 49881 55262
4734 44145 48879
6788 57004 63792
5228 49847 55075
1682 14079 15761
5291 47280 52571
4552 45845 50397
2823 25318 28141
5512 50812 56324
9968 97315 107283
4285 32556 36841
5557 39935 45492
8254 74192 82446
7304 64765 72069
1215 10299 11514
10108 95407 105515
6595 58311 64906
1654 13309 14963
954 9029 9983
4132 35032 39164
1320 12193 13513
3121 27815 30936
4232 41858 46090
3861 32144 36005
6728 58671 65399
1259 11177 12436
3001 25777 28778
4190 35126 39316
15112 137165 152277
7262 60483 67745
5541 51178 56719
6633 56967 63600
8237 78528 86765
7277 65421 72698
6018 53309 59327
3747 32913 36660
5807 53008 58815
1948 17027 18975
4108 42515 46623
3210 27776 30986
1640 14265 15905
1330 11541 12871
1835 18962 20797
6034 56062 62096
6329 55549 61878
2674 24580 27254
4508 40799 45307
6940 59884 66824
3899 33357 37256
5919 51809 57728
8302 74123 82425
1595 13834 15429
3247 27713 30960
8488 74779 83267
2511 23291 25802
10551 103017 113568
8099 79324 87423
3323 28364 31687
4501 42451 46952
14022 123134 137156
5593 51601 57194
9520 88342 97862
4544 42338 46882
5122 49931 55053
4191 38560 42751
1866 15434 17300
4091 34694 38785
8044 68677 76721
5881 54028 59909
7497 66102 73599
2984 25989 28973
5825 54763 60588
2083 18187 20270
2815 25862 28677
2886 24605 27491
2052 13186 15238
3267 28144 31411
8252 75481 83733
6182 59586 65768
3940 34757 38697
1960 17650 19610
7050 62362 69412
2037 19406 21443
3846 33916 37762
4821 43601 48422
3217 28564 31781
2780 24162 26942
2178 22218 24396
2524 22739 25263
4362 41918 46280
3318 29080 32398
6044 53854 59898
2427 22814 25241
4176 39272 43448
6432 56913 63345
7296 61885 69181
4466 46760 51226
8195 72703 80898
3121 26948 30069
11157 100556 111713
8859 76967 85826
5191 48096 53287
3472 30435 33907
7103 59428 66531
3712 33658 37370
5709 53294 59003
2027 17451 19478
4339 42524 46863
5229 47495 52724
3630 31201 34831
8888 77929 86817
12099 112113 124212
3508 31023 34531
8518 71592 80110
4353 38285 42638
1826 16236 18062
3930 35847 39777
8903 75190 84093
6229 58879 65108
3912 35891 39803
4014 40685 44699
9502 92998 102500
7104 63259 70363
3843 32489 36332
4370 44975 49345
7904 66279 74183
6869 59573 66442
12663 117540 130203
3200 28631 31831
2733 24844 27577
1215 11864 13079
3027 24881 27908
3869 36274 40143
4458 39526 43984
7945 63057 71002
4747 45296 50043
2459 22523 24982
7618 61570 69188
4117 36369 40486
1242 11723 12965
6657 58251 64908
14245 127291 141536
5971 54143 60114
2274 21280 23554
6529 56236 62765
6444 54143 60587
1900 18167 20067
7274 62383 69657
3989 34282 38271
4714 42321 47035
12363 107481 119844
4240 25827 30067
7791 70395 78186
2768 25254 28022
1536 14075 15611
6813 57649 64462
6619 58386 65005
8087 71443 79530
9074 86061 95135
7036 58823 65859
9986 93597 103583
5105 46065 51170
8595 96451 105046
3186 26538 29724
2641 24254 26895
6493 57204 63697
13331 115644 128975
12577 116991 129568
5561 50847 56408
6218 38848 45066
3083 28801 31884
3749 32244 35993
12048 110622 122670
7944 71085 79029
4386 46143 50529
6459 52890 59349
6435 57839 64274
4299 41056 45355
5948 54437 60385
4381 42332 46713
3048 24839 27887
7720 65829 73549
5511 49798 55309
9232 78772 88004
1643 14976 16619
6286 56498 62784
3883 33809 37692
5598 52467 58065
2248 20614 22862
8707 76580 85287
4721 43445 48166
1574 14633 16207
14617 128348 142965
13336 115661 128997
7398 62081 69479
5844 52762 58606
4256 37124 41380
4343 41418 45761
4862 45041 49903
6905 58537 65442
9321 88971 98292
7471 63789 71260
13135 118343 131478
3910 36584 40494
13190 116990 130180
3015 25452 28467
5237 47512 52749
1677 14434 16111
4894 44833 49727
10322 97573 107895
3572 30761 34333
1457 13082 14539
