3659 54487 58146
2776 31527 34303
4060 62855 66915
4005 59618 63623
4055 60575 64630
3925 57015 60940
2341 38582 40923
1922 27794 29716
2700 39951 42651
5516 90328 95844
1681 27749 29430
4522 80836 85358
5315 90935 96250
3443 52922 56365
1951 28900 30851
2478 39560 42038
5840 93565 99405
2187 33908 36095
4397 66870 71267
6232 95072 101304
6892 122806 129698
3645 51195 54840
2176 35198 37374
2029 27545 29574
3372 45353 48725
4155 64206 68361
1222 22417 23639
999 15849 16848
1032 17349 18381
5996 62935 68931
4714 75498 80212
4486 47059 51545
4867 74726 79593
3433 52340 55773
3602 57905 61507
3446 53576 57022
5117 70424 75541
1828 28937 30765
3977 63752 67729
4179 66743 70922
967 14601 15568
3677 54540 58217
2762 44845 47607
3413 51471 54884
950 16032 16982
1888 25515 27403
4831 83115 87946
1636 24863 26499
3739 51947 55686
3900 57919 61819
1598 23813 25411
6376 96268 102644
1926 27340 29266
1894 27904 29798
2891 44607 47498
1337 20492 21829
8982 139402 148384
7359 116085 123444
6021 89974 95995
4676 74833 79509
1854 24633 26487
4647 70958 75605
1171 18662 19833
2583 38887 41470
2189 34966 37155
1087 14137 15224
1600 22410 24010
10623 159995 170618
1766 25679 27445
1219 19772 20991
1273 20895 22168
913 12028 12941
5412 82732 88144
9117 151067 160184
2928 43259 46187
2871 42228 45099
4079 58432 62511
5141 76240 81381
6141 65056 71197
4227 64716 68943
1533 24358 25891
4151 63947 68098
7509 124301 131810
6032 94556 100588
7159 96429 103588
5842 93702 99544
2714 40334 43048
1664 25853 27517
4033 61960 65993
4289 75478 79767
6721 115263 121984
4470 56899 61369
2563 42153 44716
4460 53210 57670
1187 19128 20315
2023 34310 36333
2390 40917 43307
3885 55932 59817
2446 38467 40913
9966 147155 157121
3371 58988 62359
3696 53190 56886
4697 66042 70739
3599 49311 52910
1234 17056 18290
3603 55571 59174
2886 47523 50409
1887 27508 29395
3592 52863 56455
6137 99523 105660
2553 39898 42451
3348 44929 48277
5599 89833 95432
4295 70625 74920
746 11192 11938
7195 109722 116917
4513 67215 71728
1256 21049 22305
789 11969 12758
2608 43897 46505
1276 14820 16096
2306 33419 35725
2699 51551 54250
2540 35497 38037
8890 70900 79790
1425 13553 14978
1953 30943 32896
2272 36910 39182
9601 140256 149857
4598 61419 66017
3851 52311 56162
3921 60820 64741
6703 94910 101613
4186 69489 73675
4148 58522 62670
2211 35229 37440
3687 51331 55018
1179 19350 20529
3322 42371 45693
2040 33539 35579
904 18259 19163
862 13278 14140
1298 22019 23317
3606 54981 58587
4284 70693 74977
1843 24096 25939
2662 43387 46049
4277 69511 73788
2267 39516 41783
4148 60352 64500
5327 80874 86201
1090 16609 17699
2193 27109 29302
5075 76188 81263
1772 24186 25958
7168 107548 114716
5742 92313 98055
2039 29024 31063
3407 52701 56108
8733 127837 136570
3986 57692 61678
5573 86486 92059
3037 46705 49742
3532 54152 57684
3469 45850 49319
1180 18414 19594
2402 34157 36559
5550 82138 87688
4318 72083 76401
4985 75817 80802
2138 31935 34073
3892 58347 62239
1635 18434 20069
1794 27113 28907
1865 26744 28609
845 14070 14915
2181 32052 34233
5334 84953 90287
4774 55155 59929
2515 37638 40153
1281 18917 20198
4335 65705 70040
1560 23135 24695
2381 43432 45813
3639 52952 56591
2075 31112 33187
2288 32683 34971
1588 24860 26448
1879 29146 31025
2979 51722 54701
2277 32814 35091
4244 63572 67816
1647 25504 27151
2798 49908 52706
3988 55371 59359
4096 74415 78511
3402 50140 53542
4761 75622 80383
1989 28749 30738
7258 103478 110736
4913 77367 82280
3868 58700 62568
2133 33575 35708
4354 71170 75524
2888 45493 48381
4063 58134 62197
1116 18113 19229
3033 47767 50800
3404 53555 56959
2031 30962 32993
5411 81186 86597
8536 129834 138370
2121 35076 37197
4799 73895 78694
2669 45170 47839
1068 18841 19909
2386 35845 38231
5704 89105 94809
5090 67145 72235
2807 40531 43338
2908 46204 49112
6681 99548 106229
3980 65629 69609
2231 37764 39995
3274 51743 55017
4569 66522 71091
4412 73171 77583
7799 128261 136060
1932 31645 33577
1713 25810 27523
937 27872 28809
2190 31905 34095
2561 39769 42330
3253 50538 53791
4907 79855 84762
3235 50801 54036
2040 27752 29792
4479 75047 79526
2624 46926 49550
880 13504 14384
4078 57782 61860
9258 154677 163935
4718 67077 71795
1725 26376 28101
4624 73593 78217
4348 59011 63359
1137 21618 22755
4158 69102 73260
2476 37774 40250
2959 46228 49187
9073 135332 144405
1772 28570 30342
4688 81835 86523
2058 28042 30100
982 14390 15372
4250 58749 62999
4160 71346 75506
4523 75712 80235
5564 84536 90100
4337 69942 74279
6758 103692 110450
3600 53935 57535
5395 107671 113066
2037 30675 32712
1741 29850 31591
4600 62238 66838
9225 140373 149598
9830 134800 144630
3647 50930 54577
4265 42571 46836
2059 32328 34387
2292 33839 36131
8437 120846 129283
6499 87145 93644
2812 43563 46375
5649 63805 69454
3929 64830 68759
3046 48554 51600
4003 57044 61047
3514 49373 52887
2005 28424 30429
5853 70997 76850
3529 58310 61839
5128 80214 85342
1462 16341 17803
4159 84864 89023
2317 37463 39780
4454 70031 74485
1615 22752 24367
5607 86911 92518
3154 47497 50651
929 16498 17427
10383 193262 203645
10626 140581 151207
5555 66384 71939
4377 96094 100471
2815 44768 47583
5095 44612 49707
3496 44571 48067
4766 74620 79386
6160 97595 103755
5310 79235 84545
7661 112939 120600
2791 44839 47630
8143 118489 126632
2027 30709 32736
3419 53508 56927
1032 17526 18558
3359 49775 53134
7403 118694 126097
2214 35249 37463
1040 15158 16198
