12028 29186 41214
7581 17400 24981
14349 32842 47191
17486 38237 55723
14704 33652 48356
12800 30799 43599
8777 19912 28689
6642 14825 21467
11053 23329 34382
20485 46978 67463
6456 14770 21226
16894 38533 55427
22028 48845 70873
13405 31879 45284
7983 14624 22607
10790 23114 33904
22390 49829 72219
7646 17801 25447
14099 32515 46614
24361 52838 77199
25192 63708 88900
11638 28299 39937
9083 20445 29528
6864 15305 22169
11062 27731 38793
17485 34862 52347
5591 11654 17245
4411 9405 13816
4648 10279 14927
16092 37152 53244
20655 44505 65160
10850 26113 36963
20591 45561 66152
13904 36577 50481
12969 30406 43375
12258 30325 42583
19505 40076 59581
7593 16981 24574
16876 39470 56346
15381 35394 50775
3480 7972 11452
14129 34458 48587
10050 25895 35945
11781 27887 39668
3832 8640 12472
6678 15142 21820
22050 49162 71212
5799 13594 19393
14113 34520 48633
12673 30768 43441
6193 14259 20452
24491 59687 84178
6216 14140 20356
7452 16595 24047
11659 24542 36201
5830 12380 18210
30570 77075 107645
29222 67423 96645
22549 53423 75972
17786 40970 58756
5885 11786 17671
16810 37469 54279
4997 11210 16207
10614 22927 33541
8325 19679 28004
3230 6944 10174
4933 12139 17072
35279 83780 119059
6412 14598 21010
4046 8899 12945
5184 11201 16385
3111 7086 10197
18118 41164 59282
39146 91839 130985
10783 25739 36522
11083 25920 37003
13695 31520 45215
20102 43440 63542
17295 40525 57820
16626 38960 55586
5083 12356 17439
16100 38241 54341
26909 61669 88578
22497 48218 70715
23827 61577 85404
22891 50688 73579
11342 23193 34535
5347 13332 18679
13950 31738 45688
15726 37468 53194
25840 64104 89944
11930 28879 40809
9843 21642 31485
14133 33913 48046
3981 9053 13034
7567 17423 24990
10374 22711 33085
14429 33077 47506
9444 21124 30568
33833 76717 110550
12006 29887 41893
11621 27545 39166
17073 39711 56784
11686 28676 40362
4161 8835 12996
12510 29670 42180
11572 29809 41381
6214 13851 20065
13986 33019 47005
22221 57866 80087
10266 21955 32221
10674 23114 33788
21918 48111 70029
16716 41809 58525
2661 6064 8725
24779 59173 83952
15283 35452 50735
3484 7738 11222
2138 5299 7437
10249 21878 32127
3394 7712 11106
7257 16527 23784
10334 23405 33739
9851 19988 29839
15994 37027 53021
3078 6987 10065
7260 16609 23869
9496 18963 28459
35870 86700 122570
16740 39301 56041
13128 31966 45094
15749 36201 51950
23648 50958 74606
17222 40698 57920
14249 32038 46287
9236 20466 29702
13113 30858 43971
4961 10274 15235
9851 24965 34816
8121 18167 26288
3823 8234 12057
3161 7086 10247
5307 13720 19027
13218 34215 47433
15323 37593 52916
6037 14279 20316
10461 25459 35920
16220 37244 53464
9599 21145 30744
14680 32702 47382
24206 50220 74426
3815 8856 12671
7515 16958 24473
20860 45465 66325
6613 15039 21652
23858 62781 86639
23550 51916 75466
7276 16380 23656
12058 28032 40090
30970 73204 104174
13107 30874 43981
21033 51526 72559
10829 25791 36620
11316 27724 39040
11395 24249 35644
4405 9892 14297
9325 20045 29370
19133 43348 62481
13811 32386 46197
17833 44456 62289
7124 16316 23440
13721 33501 47222
4847 10572 15419
6307 14043 20350
6452 13482 19934
3672 8407 12079
7063 16402 23465
20759 45780 66539
13808 32196 46004
10146 21454 31600
4987 10676 15663
16507 39291 55798
4788 12386 17174
9927 20479 30406
12161 29115 41276
7280 16691 23971
6420 14779 21199
5048 12724 17772
5988 14649 20637
11589 25372 36961
7215 16866 24081
14817 35158 49975
5836 13580 19416
9887 24324 34211
14996 34399 49395
16693 38878 55571
10679 25159 35838
20742 46233 66975
7384 16892 24276
27382 67484 94866
22550 49482 72032
12794 32842 45636
7751 17664 25415
16558 38180 54738
9504 20828 30332
13025 32482 45507
5012 10674 15686
10876 25088 35964
12400 29309 41709
7842 18385 26227
22476 49041 71517
29327 67538 96865
8315 19226 27541
20920 42866 63786
11786 25128 36914
4190 9203 13393
10350 20805 31155
21596 49674 71270
14774 33484 48258
10734 23371 34105
11343 25028 36371
22787 55664 78451
17191 39943 57134
10150 19698 29848
11281 28067 39348
18391 42355 60746
16253 38615 54868
30235 72007 102242
7694 19007 26701
6502 14711 21213
3029 6786 9815
6786 15407 22193
10704 22759 33463
10865 26317 37182
17972 41880 59852
11492 27875 39367
5855 14274 20129
17572 38985 56557
10815 22786 33601
2864 6783 9647
15462 38273 53735
33571 81034 114605
12913 30632 43545
5543 13148 18691
16446 37663 54109
15725 35025 50750
5015 10969 15984
17553 39981 57534
8968 19698 28666
12269 26707 38976
31281 69389 100670
7016 16676 23692
17424 41757 59181
6829 15231 22060
3629 8018 11647
15049 33895 48944
15253 36000 51253
18013 41506 59519
22677 50118 72795
17072 39010 56082
22975 55653 78628
12727 30616 43343
21237 57781 79018
7670 16745 24415
8487 13780 22267
14517 32874 47391
33983 77211 111194
30119 69991 100110
13128 31661 44789
10663 25644 36307
9577 18015 27592
8509 19795 28304
26622 63558 90180
20953 47157 68110
11387 27129 38516
13402 33195 46597
16313 38885 55198
10622 25768 36390
15532 35677 51209
9875 24784 34659
7452 16683 24135
16913 40052 56965
13921 32104 46025
21672 47029 68701
4049 9670 13719
13832 32691 46523
10420 22233 32653
12541 31287 43828
5333 12582 17915
21862 47559 69421
11465 28147 39612
3580 8205 11785
34094 81612 115706
31834 79078 110912
16001 37973 53974
14500 34058 48558
10256 21928 32184
11368 26685 38053
11606 28059 39665
16846 37890 54736
20760 53182 73942
17462 41814 59276
30827 71539 102366
10996 22428 33424
31415 71210 102625
7248 15924 23172
12207 29364 41571
3903 8720 12623
11441 27436 38877
24417 61065 85482
8021 17740 25761
3613 7699 11312
