4048 47726 51774
2207 31409 33616
4473 61246 65719
8211 59828 68039
3921 52532 56453
4414 57931 62345
2459 33834 36293
2209 27192 29401
2931 38752 41683
5686 77411 83097
1926 23187 25113
5399 73537 78936
5528 83436 88964
4167 50174 54341
1863 24733 26596
3353 44636 47989
6188 82622 88810
2238 32263 34501
4511 60756 65267
6295 82069 88364
11917 101924 113841
3633 46440 50073
2741 37251 39992
2158 29664 31822
3755 49390 53145
4431 57897 62328
1568 21167 22735
1244 17201 18445
1293 16605 17898
4356 63709 68065
5624 71398 77022
3631 45434 49065
6310 80913 87223
4187 50880 55067
4339 55814 60153
3937 49024 52961
5394 72518 77912
2357 32083 34440
4992 67448 72440
4322 56304 60626
1024 13825 14849
3748 54152 57900
3580 48165 51745
3446 45330 48776
1038 15505 16543
1879 25833 27712
5721 78543 84264
1726 22059 23785
4394 57226 61620
4166 59257 63423
1908 23934 25842
8020 105107 113127
2003 24406 26409
2205 29635 31840
3011 39689 42700
1547 20524 22071
8771 126036 134807
9349 115850 125199
6809 89410 96219
5322 72024 77346
1655 20728 22383
4937 69658 74595
1442 20339 21781
3192 37790 40982
2561 35620 38181
1019 13088 14107
1545 22097 23642
10249 136874 147123
1953 27453 29406
1074 15340 16414
1362 17940 19302
998 11424 12422
5121 67379 72500
11539 158533 170072
3460 43150 46610
3852 42834 46686
4286 57657 61943
5407 73481 78888
4714 64696 69410
4739 64383 69122
2239 22336 24575
4525 64844 69369
8939 114041 122980
6326 82748 89074
7385 102294 109679
6209 82927 89136
3060 38954 42014
1759 23500 25259
3953 53399 57352
5018 69337 74355
7555 102944 110499
4906 52938 57844
2775 37213 39988
3849 58205 62054
1164 19440 20604
2267 31517 33784
2751 36600 39351
4424 60073 64497
2598 33545 36143
10761 141785 152546
3910 48375 52285
3750 50996 54746
4823 61300 66123
3732 53303 57035
1277 16955 18232
4240 50685 54925
3868 52107 55975
2030 24530 26560
4300 54533 58833
7192 94790 101982
2737 34953 37690
2969 39067 42036
5519 79503 85022
5420 75074 80494
900 10838 11738
8410 107428 115838
4129 55275 59404
1069 14316 15385
748 9690 10438
3825 37577 41402
944 13266 14210
2101 29018 31119
2929 40960 43889
2773 35468 38241
4785 61402 66187
1635 12348 13983
1978 27220 29198
2691 33687 36378
9946 137067 147013
4484 60310 64794
4437 56882 61319
4067 56755 60822
6285 83080 89365
4750 66734 71484
4213 50055 54268
2460 34048 36508
4135 51751 55886
1279 16862 18141
3445 46663 50108
2199 29526 31725
1189 15504 16693
1033 12000 13033
1445 20633 22078
3750 57887 61637
4434 58813 63247
1890 24418 26308
3119 46288 49407
4714 64680 69394
2914 38854 41768
4481 58234 62715
6420 80146 86566
1320 15009 16329
2060 26954 29014
6108 80442 86550
2001 26375 28376
7599 100117 107716
6669 89266 95935
2244 30914 33158
3397 44740 48137
8882 122018 130900
3902 56279 60181
6554 86119 92673
3289 41513 44802
3611 46674 50285
3435 44564 47999
1389 17694 19083
2582 34251 36833
5261 68231 73492
5935 51032 56967
4723 65396 70119
2122 30126 32248
4016 53112 57128
1397 19267 20664
1940 24776 26716
2057 25672 27729
1068 13799 14867
2230 30184 32414
5526 74102 79628
4225 58840 63065
2949 36587 39536
1447 18971 20418
4486 62482 66968
1613 21973 23586
2575 35184 37759
3694 49988 53682
2103 28462 30565
2291 24716 27007
1738 23918 25656
1916 24469 26385
3425 45317 48742
2078 29026 31104
5850 59107 64957
2083 22673 24756
3122 42181 45303
4087 56124 60211
4848 63671 68519
3315 43173 46488
5631 74277 79908
2121 29286 31407
8301 105634 113935
5617 75405 81022
3830 51916 55746
2430 32747 35177
4492 59221 63713
2757 39606 42363
4084 50694 54778
1344 17886 19230
3095 42013 45108
3789 46581 50370
2355 33384 35739
6252 84515 90767
8383 114451 122834
2395 31593 33988
5555 71320 76875
3733 43916 47649
1396 15920 17316
2778 38465 41243
6012 78698 84710
4378 59823 64201
2928 38262 41190
3281 43906 47187
8083 100093 108176
4465 63348 67813
2787 36737 39524
3386 44627 48013
5184 67053 72237
4659 63827 68486
7870 114254 122124
2351 33012 35363
1881 25123 27004
1017 12675 13692
2085 28652 30737
2932 38849 41781
3207 42174 45381
4949 66841 71790
3664 47965 51629
2010 25498 27508
4712 66881 71593
4675 42108 46783
1604 11920 13524
4173 56732 60905
9796 135534 145330
4157 56492 60649
1863 24539 26402
4490 60069 64559
4424 58105 62529
1386 19535 20921
4805 66450 71255
2907 36411 39318
3571 45062 48633
9284 126756 136040
1964 26633 28597
4990 69164 74154
2179 26054 28233
1121 13867 14988
4623 61633 66256
4403 60956 65359
5665 75647 81312
6403 90318 96721
5058 68664 73722
10722 92108 102830
3837 53301 57138
6123 103030 109153
2305 27553 29858
1952 25611 27563
4308 58776 63084
9160 120106 129266
9168 114194 123362
4052 54735 58787
3521 44197 47718
2029 29513 31542
2633 34948 37581
8989 112260 121249
5912 82228 88140
3638 47431 51069
3822 54952 58774
4938 61468 66406
3612 46784 50396
4341 59840 64181
3137 43740 46877
2021 28832 30853
5294 70069 75363
4134 50732 54866
6207 83149 89356
1124 16204 17328
3972 54924 58896
2781 35634 38415
4275 56320 60595
1667 22632 24299
5907 81104 87011
3868 46269 50137
1068 15483 16551
10140 140892 151032
9379 125080 134459
4598 61236 65834
4334 58229 62563
3032 39815 42847
3731 47051 50782
3737 47689 51426
4774 65564 70338
6937 94111 101048
5592 73983 79575
8700 122113 130813
3067 38872 41939
8394 110561 118955
2163 29220 31383
4278 50868 55146
1141 15371 16512
3600 44473 48073
7912 101152 109064
2501 33711 36212
966 13577 14543
