4606 51329 55935
2531 27430 29961
4870 52936 57806
5693 62753 68446
4638 51475 56113
5342 54890 60232
2911 33317 36228
2119 24324 26443
3645 39038 42683
6770 74474 81244
2134 24965 27099
6042 63641 69683
6649 73769 80418
4260 49818 54078
2408 27341 29749
3867 42012 45879
7357 79872 87229
2494 28912 31406
4826 53329 58155
7711 82378 90089
8770 102453 111223
4285 50238 54523
2988 32134 35122
2329 25570 27899
4004 42143 46147
5096 55835 60931
1681 19897 21578
1362 15003 16365
1442 15975 17417
5229 56183 61412
6503 68579 75082
3876 40046 43922
6492 73171 79663
4657 57037 61694
4936 51480 56416
4112 50848 54960
5723 63624 69347
2813 30795 33608
5547 59750 65297
5215 58680 63895
1165 12666 13831
4856 62127 66983
3901 42450 46351
4371 48505 52876
1185 13818 15003
2353 26168 28521
7342 83199 90541
2150 22051 24201
4551 53129 57680
4180 49823 54003
2026 22634 24660
8159 92034 100193
2161 25529 27690
2335 28721 31056
3672 41717 45389
2260 19542 21802
12396 128589 140985
9562 112527 122089
8685 94944 103629
5753 63304 69057
1871 21383 23254
5635 60993 66628
1851 18481 20332
3494 36967 40461
2786 31150 33936
1152 12264 13416
1860 19366 21226
12270 134427 146697
2059 24875 26934
1289 15337 16626
1578 17391 18969
1006 11263 12269
6452 71414 77866
12675 142640 155315
4353 45818 50171
3924 40672 44596
4849 55284 60133
6472 72065 78537
5889 67227 73116
5598 62188 67786
2181 20823 23004
5213 61308 66521
9809 113884 123693
8791 83848 92639
8719 93054 101773
7482 80679 88161
3634 41641 45275
1844 22301 24145
4725 52253 56978
5447 62005 67452
8982 107195 116177
4432 51161 55593
3367 36696 40063
4776 58548 63324
1287 15892 17179
2695 29538 32233
3431 38260 41691
5380 57601 62981
3087 33418 36505
12752 137169 149921
4449 51813 56262
3972 49414 53386
5631 61566 67197
4153 51334 55487
1360 14972 16332
4216 48921 53137
6380 46174 52554
2227 26338 28565
4488 52216 56704
8881 102406 111287
3326 38105 41431
3908 41915 45823
6688 72329 79017
6374 72665 79039
944 10761 11705
8693 97406 106099
5189 59119 64308
1586 13421 15007
838 10793 11631
3539 37041 40580
1165 12339 13504
2563 28040 30603
3660 40495 44155
3229 34644 37873
5724 67986 73710
1008 11843 12851
2308 26478 28786
3085 32462 35547
12169 142915 155084
5636 63165 68801
4827 56106 60933
5142 56085 61227
7688 87527 95215
5855 66584 72439
4622 54631 59253
3060 33571 36631
4567 51691 56258
1763 17324 19087
3845 41282 45127
2766 30749 33515
1600 13970 15570
1031 11947 12978
1913 18755 20668
4420 54722 59142
5087 57185 62272
2035 23854 25889
3755 42355 46110
5124 57919 63043
3318 36898 40216
4897 54467 59364
7938 85103 93041
1301 13965 15266
2501 27765 30266
6704 71099 77803
2203 25770 27973
7972 98565 106537
7240 81043 88283
2506 28608 31114
5381 47240 52621
10522 118861 129383
5566 56332 61898
7954 84365 92319
4102 75884 79986
6318 45324 51642
4039 43747 47786
1849 16236 18085
3141 32459 35600
6646 71466 78112
4952 55769 60721
5590 62405 67995
2528 29246 31774
4209 51064 55273
1913 18024 19937
2190 23882 26072
2249 25822 28071
1242 13204 14446
2653 29245 31898
6601 71008 77609
4452 51189 55641
3213 35515 38728
1632 17805 19437
5209 61339 66548
1766 19497 21263
3271 36730 40001
3903 44175 48078
2658 29832 32490
2192 25054 27246
1880 20989 22869
2141 25448 27589
3627 40213 43840
2402 27499 29901
4725 52878 57603
1951 23942 25893
4103 43408 47511
4821 55038 59859
6175 68213 74388
4154 42592 46746
7197 78942 86139
2406 26950 29356
8982 105080 114062
7406 80258 87664
4147 50359 54506
2705 29694 32399
5530 58851 64381
3296 38236 41532
4676 52443 57119
1620 18059 19679
3776 42366 46142
4294 49148 53442
2784 30372 33156
7024 76003 83027
10084 110921 121005
2766 30516 33282
6516 68762 75278
3615 39336 42951
1391 16443 17834
3080 33935 37015
7479 81412 88891
4675 52541 57216
3572 40444 44016
3564 38922 42486
8555 92312 100867
5274 60660 65934
3369 35603 38972
4295 45400 49695
6488 68860 75348
5298 62233 67531
10105 116740 126845
2658 29759 32417
2225 25772 27997
1861 12214 14075
2355 26242 28597
3710 40379 44089
3938 42044 45982
5833 65884 71717
4436 46758 51194
1996 23051 25047
5758 63225 68983
3475 39556 43031
1030 14000 15030
4876 56264 61140
12450 143416 155866
4453 52365 56818
1924 23864 25788
5797 59004 64801
5520 60949 66469
2134 17799 19933
6302 70101 76403
3000 32799 35799
4469 47517 51986
10670 111802 122472
2265 26130 28395
6045 67442 73487
2145 24219 26364
1271 13831 15102
5459 60607 66066
5109 58459 63568
6460 72249 78709
7561 80532 88093
5589 59142 64731
8509 92177 100686
4089 50027 54116
6575 91355 97930
2501 25243 27744
2080 23125 25205
4963 53149 58112
11183 116865 128048
9957 108907 118864
4061 51747 55808
3986 43140 47126
2431 27382 29813
2974 30375 33349
9700 116120 125820
6546 72229 78775
3887 40521 44408
4528 52708 57236
5572 64137 69709
4139 47323 51462
5204 54182 59386
3781 42788 46569
2642 28033 30675
5938 64178 70116
4921 56790 61711
7500 80962 88462
1501 16020 17521
4733 53282 58015
3591 36847 40438
4173 50485 54658
2003 21809 23812
7356 85612 92968
4338 48538 52876
1311 15381 16692
12770 145967 158737
10957 122750 133707
5637 60980 66617
4970 55714 60684
3462 40600 44062
4191 44085 48276
4448 46193 50641
5562 64027 69589
8410 86862 95272
5964 66187 72151
9846 113719 123565
3653 40451 44104
10194 112090 122284
2563 26716 29279
4233 45556 49789
1308 14903 16211
4063 42513 46576
8266 99699 107965
2731 29950 32681
1183 12983 14166
