6407 45744 52151
3911 25852 29763
8232 54789 63021
8823 53451 62274
7648 52384 60032
6718 45620 52338
4421 31911 36332
3425 22242 25667
5444 37383 42827
9457 68645 78102
3452 23327 26779
8879 61863 70742
10101 74219 84320
7116 49806 56922
3792 24301 28093
4978 35224 40202
11376 77657 89033
3901 26634 30535
8019 53660 61679
11195 80978 92173
13537 94183 107720
6712 45937 52649
4243 29019 33262
3944 25760 29704
5634 38535 44169
8369 57882 66251
2428 16990 19418
2028 14351 16379
2253 14801 17054
8427 60024 68451
9452 66305 75757
5795 39214 45009
9436 65905 75341
7543 50331 57874
6974 47196 54170
6161 42726 48887
8546 59714 68260
4141 26339 30480
9205 61617 70822
8006 50379 58385
1936 12672 14608
7851 52251 60102
5202 38619 43821
6442 43014 49456
2024 12613 14637
3811 24999 28810
9958 74496 84454
3066 20449 23515
7812 51426 59238
6908 45107 52015
3349 22060 25409
12398 94235 106633
3377 21776 25153
3826 26125 29951
5058 34744 39802
2594 18232 20826
17090 118071 135161
14831 97547 112378
11792 79879 91671
8606 61238 69844
2500 17951 20451
8631 58475 67106
2333 16042 18375
5294 37351 42645
4189 29970 34159
1782 12035 13817
2639 17641 20280
17174 121942 139116
3626 24302 27928
2023 13986 16009
2374 16908 19282
1643 10273 11916
9481 64242 73723
18470 127335 145805
5584 38762 44346
5953 39766 45719
7096 47906 55002
9837 68444 78281
8069 59328 67397
8684 62732 71416
2840 18947 21787
9136 60583 69719
14449 94656 109105
11013 90915 101928
12278 83722 96000
11350 78240 89590
5470 37050 42520
3177 21475 24652
8108 52066 60174
8922 59246 68168
12915 88787 101702
6758 46015 52773
4930 34488 39418
7444 51621 59065
2079 16244 18323
4398 28444 32842
4910 33663 38573
7890 49738 57628
4658 32882 37540
18162 112846 131008
6372 43791 50163
6447 44094 50541
9074 57769 66843
6727 46840 53567
2159 13349 15508
7279 47623 54902
6380 45169 51549
3551 21893 25444
7561 51392 58953
11583 85979 97562
4605 32773 37378
5319 38396 43715
10008 69622 79630
8348 60810 69158
1619 9777 11396
12898 89991 102889
8186 54516 62702
2033 13174 15207
1219 9232 10451
4869 32982 37851
1919 11974 13893
3615 24047 27662
5211 38481 43692
5311 30695 36006
9338 57543 66881
2048 10182 12230
3897 26346 30243
4549 29353 33902
16172 120231 136403
9102 58349 67451
6884 47803 54687
8219 55433 63652
10641 76519 87160
8632 63548 72180
7583 50004 57587
4081 30279 34360
7374 49873 57247
2189 14819 17008
5597 40181 45778
4384 28451 32835
2128 13593 15721
1675 11466 13141
2501 16357 18858
7174 50830 58004
8264 57577 65841
3307 21937 25244
5806 40047 45853
8221 54263 62484
4506 33031 37537
8050 52203 60253
10880 70090 80970
2192 13194 15386
3920 24526 28446
10142 69025 79167
3483 22914 26397
13299 95763 109062
10904 76510 87414
4161 26815 30976
6169 42086 48255
17253 118544 135797
7226 48858 56084
11632 81408 93040
5490 36029 41519
6503 45314 51817
5266 36103 41369
2124 14339 16463
4632 31939 36571
9249 63741 72990
7081 47537 54618
8227 58069 66296
4097 26740 30837
6998 50585 57583
2400 16929 19329
3562 23715 27277
3399 22037 25436
1916 13413 15329
4160 27143 31303
10109 71387 81496
7232 50154 57386
5083 34584 39667
2990 17071 20061
8439 54970 63409
2839 19528 22367
4568 35009 39577
6296 41364 47660
3864 26573 30437
3714 24212 27926
2948 20673 23621
3390 22980 26370
6780 36517 43297
4173 28104 32277
7722 50892 58614
3411 21923 25334
5761 39043 44804
8102 53696 61798
8742 60344 69086
6103 40941 47044
10027 70327 80354
3638 24776 28414
15175 101155 116330
10046 67465 77511
6860 48351 55211
4174 26788 30962
8259 54521 62780
4594 32930 37524
6831 46400 53231
2268 16981 19249
5604 39482 45086
6632 44303 50935
4268 28708 32976
10425 72870 83295
16156 107146 123302
4099 29003 33102
9145 64392 73537
5341 35552 40893
2069 14153 16222
4396 34108 38504
10469 72463 82932
7661 50715 58376
4991 34302 39293
5144 35063 40207
12393 82347 94740
10313 55031 65344
4640 31815 36455
5758 39724 45482
9328 61520 70848
8956 55961 64917
14968 103195 118163
4057 26505 30562
3451 25799 29250
1530 10706 12236
3722 25884 29606
4947 34547 39494
5841 39877 45718
8219 58558 66777
6243 41899 48142
3107 20495 23602
8457 60023 68480
4957 34588 39545
1633 11579 13212
7687 52697 60384
17686 127423 145109
7028 47861 54889
3077 21286 24363
9206 54812 64018
8628 58011 66639
2225 15954 18179
8401 58991 67392
4681 31068 35749
5875 40102 45977
17283 113344 130627
3909 24874 28783
9143 66336 75479
3487 23472 26959
1943 13418 15361
8081 52631 60712
8219 55022 63241
8753 61192 69945
11050 78241 89291
8501 57150 65651
12534 87572 100106
6340 42598 48938
9670 84876 94546
3926 24577 28503
3344 22306 25650
7491 50810 58301
18268 118879 137147
16767 105712 122479
6414 46008 52422
5728 38975 44703
3870 26095 29965
4240 27646 31886
14177 95646 109823
9850 70423 80273
5653 38362 44015
7324 53497 60821
8102 55632 63734
5892 40648 46540
7958 53532 61490
5412 36646 42058
3897 24160 28057
8843 61086 69929
7087 47049 54136
9901 70107 80008
1870 13963 15833
7424 49181 56605
4284 31107 35391
6656 46259 52915
2729 18221 20950
10223 71376 81599
6562 41518 48080
1975 13355 15330
16495 119044 135539
16354 109405 125759
9166 57127 66293
7595 74248 81843
4669 33820 38489
6090 40876 46966
6174 46927 53101
8402 55905 64307
12071 83070 95141
8688 59931 68619
16481 109215 125696
4987 34203 39190
16659 108979 125638
3880 26330 30210
6269 41719 47988
2112 13772 15884
5852 39185 45037
13200 95053 108253
4464 28162 32626
1957 13056 15013
