2165 51254 53419
1200 32140 33340
2355 63174 65529
2885 71552 74437
2573 60305 62878
1990 58257 60247
1571 43496 45067
995 28790 29785
2989 48305 51294
3620 86496 90116
1259 26842 28101
3564 80226 83790
3351 91038 94389
2099 58010 60109
1657 28266 29923
1813 46202 48015
3719 96020 99739
1216 36093 37309
2708 65547 68255
3731 98220 101951
4247 120046 124293
2253 53681 55934
1576 37195 38771
1130 30979 32109
2274 56050 58324
2621 67545 70166
997 21822 22819
665 19956 20621
687 18729 19416
2288 66148 68436
3616 96914 100530
2008 49762 51770
3353 82010 85363
2624 61116 63740
2127 60690 62817
2260 57329 59589
2938 76064 79002
1356 42829 44185
2724 73923 76647
2663 65348 68011
564 16195 16759
2169 58866 61035
2011 50149 52160
2119 52166 54285
721 16087 16808
1107 32238 33345
3838 93131 96969
965 26169 27134
2323 59733 62056
2057 58255 60312
930 26064 26994
4658 110055 114713
957 27638 28595
1327 31767 33094
2123 47113 49236
911 23358 24269
5163 138417 143580
4754 126688 131442
4332 104145 108477
2714 75890 78604
819 24954 25773
3616 73135 76751
762 22778 23540
1642 45958 47600
1401 35930 37331
597 13605 14202
1354 23074 24428
7188 156145 163333
1001 29819 30820
621 17385 18006
803 22449 23252
471 13240 13711
3514 78147 81661
6294 166163 172457
2005 49192 51197
1870 49251 51121
2330 64210 66540
3276 86232 89508
3113 75731 78844
3068 73148 76216
925 25482 26407
3002 81339 84341
5924 126617 132541
4218 99922 104140
4133 108456 112589
4597 102674 107271
2017 50427 52444
1025 27010 28035
2493 64178 66671
2767 81922 84689
4748 124322 129070
1983 58891 60874
2032 59727 61759
3895 67805 71700
676 22906 23582
1380 38317 39697
1838 45581 47419
2616 66056 68672
1956 39988 41944
5827 144444 150271
2022 58957 60979
2004 49915 51919
3100 73042 76142
2287 56932 59219
743 19690 20433
2054 54936 56990
2056 57121 59177
1043 29475 30518
2212 65127 67339
7012 123707 130719
1866 46362 48228
2004 44298 46302
4361 83789 88150
2893 84428 87321
1318 12485 13803
4426 101832 106258
2339 61643 63982
568 15236 15804
434 10939 11373
2214 45546 47760
985 14330 15315
1536 30673 32209
2242 44214 46456
1533 38425 39958
2969 83841 86810
569 13747 14316
1182 34831 36013
1689 37513 39202
6104 164934 171038
2623 71844 74467
2904 65749 68653
2643 86017 88660
3860 99198 103058
2995 81827 84822
2220 54686 56906
1499 42606 44105
2275 61486 63761
764 19197 19961
1785 48326 50111
1568 35098 36666
1170 15806 16976
877 13347 14224
1103 22420 23523
2286 66746 69032
2719 71792 74511
1346 28063 29409
1969 47710 49679
2413 72846 75259
1490 40260 41750
2293 65835 68128
3788 92116 95904
658 16476 17134
1185 33413 34598
3520 90760 94280
994 28900 29894
4329 113354 117683
4013 100131 104144
1611 32009 33620
2128 58098 60226
6186 148531 154717
2144 63300 65444
3752 95808 99560
2057 50844 52901
2126 56676 58802
2386 49221 51607
976 22340 23316
1551 37905 39456
3506 88222 91728
2336 65365 67701
2733 74766 77499
1398 35135 36533
2029 65273 67302
1078 22009 23087
961 28290 29251
1405 29095 30500
578 16638 17216
1397 33321 34718
3480 98229 101709
2483 69097 71580
1543 44263 45806
785 24425 25210
3411 81023 84434
988 25675 26663
1624 43790 45414
2394 54944 57338
1414 38337 39751
1895 28673 30568
924 27967 28891
1217 29181 30398
2017 46256 48273
1485 32492 33977
2257 66062 68319
986 26759 27745
2068 51180 53248
2304 62992 65296
3323 70758 74081
2761 52386 55147
3368 92101 95469
1083 29734 30817
4520 124292 128812
3261 87421 90682
2123 64872 66995
1509 35390 36899
2555 73654 76209
1656 38636 40292
2262 60623 62885
1177 20486 21663
1895 50935 52830
2272 56898 59170
1357 34817 36174
3527 91804 95331
4757 129431 134188
1559 44804 46363
3337 87770 91107
1937 44847 46784
1025 19964 20989
1671 43718 45389
3232 86284 89516
2301 68137 70438
1837 42365 44202
1718 46133 47851
4343 106295 110638
2606 68586 71192
1733 44667 46400
2163 53334 55497
3354 75221 78575
3103 77017 80120
5099 136514 141613
1787 36903 38690
1268 31079 32347
715 13136 13851
1116 30171 31287
1955 48055 50010
1852 46892 48744
2908 80642 83550
1983 50160 52143
1061 26646 27707
2725 73314 76039
1679 43135 44814
1706 13982 15688
2583 63052 65635
5699 162593 168292
2295 57911 60206
946 27023 27969
2751 73614 76365
2410 71824 74234
855 21936 22791
2782 74812 77594
1574 43042 44616
2216 53838 56054
5234 140900 146134
1474 31405 32879
3005 84437 87442
1157 29731 30888
635 17530 18165
2435 68812 71247
2546 73261 75807
3403 83347 86750
3765 94895 98660
2750 77050 79800
4919 111386 116305
2658 58094 60752
3614 120065 123679
1268 33330 34598
1397 26433 27830
2734 65816 68550
5708 147873 153581
5816 142348 148164
2089 59014 61103
2314 45487 47801
1170 35795 36965
1688 39945 41633
4716 127547 132263
3756 93853 97609
1978 51855 53833
2437 66503 68940
2657 76934 79591
2118 48556 50674
2752 67875 70627
1991 53021 55012
1683 33078 34761
3351 80074 83425
2440 65714 68154
3380 84611 87991
828 17685 18513
2313 66531 68844
1831 42107 43938
2006 57535 59541
1423 23365 24788
3236 86240 89476
2260 56073 58333
1107 18014 19121
5934 161460 167394
5776 135539 141315
2653 73266 75919
2444 64704 67148
1537 46192 47729
2203 50538 52741
2035 48169 50204
2771 72236 75007
4403 105241 109644
2968 72810 75778
5051 130051 135102
1678 40940 42618
6588 141207 147795
1337 31732 33069
2368 56389 58757
817 20287 21104
3437 55831 59268
4907 113738 118645
1278 37169 38447
812 15389 16201
