31446
27257
26378
16266
20384
18937
18343
21036
47414
32606
35295
23949
25759
29484
24528
29343
28882
10973
32215
24933
11710
11547
6402
23078
19730
14875
12216
10892
13745
13721
13596
18918
16401
19331
15116
29785
27294
6586
7058
6921
23141
21769
20120
10630
15762
13577
6682
6547
7117
19762
5212
5364
10268
9672
10694
9827
32378
29764
24391
15596
11143
10252
15956
30510
26989
30908
43831
39000
51912
62520
14305
26082
24633
31618
34626
56697
64346
47430
28796
49762
32472
15366
15521
10036
23198
10532
11316
10527
8490
9196
15457
18394
18439
50298
57442
65869
10429
8705
12365
54146
61003
57777
28038
32887
34818
15156
10867
9567
10072
20081
19317
19206
30883
28392
26406
16200
20472
7327
8893
10432
8911
14421
14238
12188
14324
12734
16986
25853
22110
12693
11164
30792
6990
6306
5790
25014
17109
24005
6586
5010
7662
18254
17624
16019
14547
8050
28776
15991
4804
4558
33297
35236
27089
26321
10632
9249
9858
6549
17524
22490
27230
33058
24996
22907
16463
13137
12221
14815
6915
26646
53663
47311
18289
7390
10042
18231
31383
18282
15407
9973
6787
6594
7291
10042
14714
18726
9356
9013
12396
17572
33164
36435
34735
7922
7068
8936
31126
28138
26419
18439
14675
13594
25529
22661
16590
10897
9799
24054
26806
27358
27504
23445
20148
19707
10175
23746
20093
18111
14118
18126
16577
17421
12120
8369
23544
24032
33499
11841
14821
14756
7674
45558
39605
30389
36559
36853
36792
33978
14221
13671
19515
38671
48025
44223
35270
24794
25213
21188
19799
10813
8288
14185
11633
37796
48305
18013
18822
16698
16176
12214
24497
39576
7772
5531
6069
6306
34006
29396
23775
32559
11804
7351
49712
50016
44963
5102
5014
19125
19900
32483
13048
13097
9196
13340
11444
11824
4377
5075
5077
14269
14844
16849
29495
32945
37787
40567
18025
16942
19358
18719
17901
19645
17850
17394
8165
8706
11863
5782
6042
3475
23088
18671
30328
36008
28127
17488
19874
22150
18347
26054
44468
42225
36980
26231
31452
31280
27229
28824
29246
11067
31149
27325
13416
12641
7078
24593
20801
16538
13065
11668
14912
13552
13398
18078
16135
19051
15067
28883
31826
6717
6681
7169
28020
23557
18678
8151
14491
12957
6640
6565
7072
17644
5276
5485
10273
9601
9977
9486
35688
33588
26723
16103
11151
10236
16032
26486
27850
32608
42190
43210
48184
55036
18203
31565
25005
34884
34781
68292
62899
48545
25953
45335
33218
15018
14219
10006
28466
10012
10548
11294
10393
12352
16106
17980
17713
51179
63469
65576
10429
8705
13314
49236
52215
49360
28192
33223
29329
14955
10569
11517
11520
20281
19535
18976
31620
29910
23980
15863
19268
7814
9507
11194
9415
15403
14263
12014
15269
12187
18943
29291
21282
12330
10727
26674
6720
5737
5785
26154
18198
27264
7414
5934
9994
16370
15285
14136
13991
13024
33375
15838
5309
4479
41657
38163
27161
28422
11390
8891
9940
6514
17298
24301
31328
35770
27723
23981
18062
13644
12614
15345
7150
24606
54491
54155
16646
7295
9983
17570
29707
18841
15237
10130
6924
6810
7426
10308
15529
22841
11102
8888
12912
18720
41046
31310
30580
8992
8135
9408
26437
27261
37257
25363
12698
14338
17480
18886
16107
10705
9803
26208
28047
25396
33349
28418
22452
16176
9964
22209
19033
19512
13367
18283
17103
18681
12439
8470
26901
26920
29082
12875
13946
16901
8003
43010
44621
34259
38576
33839
31853
28645
12571
12424
19537
39666
48445
49476
40654
26501
27731
23746
18931
9622
9884
15342
10841
37275
52237
18565
17314
14010
13871
11971
26973
37533
6664
6035
5994
6058
35943
31077
26788
38894
11529
7100
55512
58741
50753
5293
4942
17082
21200
31461
14221
11963
9253
14423
11777
11241
4195
5157
5120
14206
15773
17179
30199
35392
39977
42551
18529
16457
19917
18519
16615
18419
16707
16028
7556
8413
11873
5804
6068
3486
27840
20002
31750
38254
34399
20679
20169
19726
17912
26219
46005
45007
45120
26760
31271
31904
31192
31495
26875
11079
31594
28615
14088
12905
6009
26592
20210
13852
12694
12031
14356
13446
13423
18533
16241
19902
14970
32062
28741
7389
7574
7114
27744
27363
17481
7811
13893
13186
6421
6539
6953
17447
5163
5294
10111
9442
9960
9236
31554
34034
24629
16739
11086
10195
15792
30628
30921
37388
41491
40097
50775
57969
16077
27021
23261
32529
34965
59064
70291
49042
29356
46887
30089
15682
16004
10439
27618
11109
11759
11115
8405
9017
15011
19059
18245
54381
59271
60064
12348
8463
12316
60646
59385
59760
29957
30758
30147
14938
12524
9561
10007
19149
19191
18724
28448
31474
28253
14258
17868
7224
8844
10274
8912
14969
14509
12206
14486
12372
17368
27301
21777
11931
10966
29184
6166
6459
6331
23145
18331
25582
6951
5353
7819
17902
18268
15854
13797
8130
31640
18604
5263
4778
39290
37436
28010
26819
10890
8532
9760
6366
17058
25663
28845
35413
27474
27405
19245
16253
12868
15508
7322
28959
62518
51396
16927
7743
10679
18536
28855
16567
16309
10032
6858
6673
7407
10132
15465
19014
9691
8675
12681
18023
31281
37076
35649
8156
7737
8616
29536
28390
29450
22018
12710
14015
17430
18512
16644
10806
9918
24788
25633
27500
30131
25859
21565
16200
10045
28200
21324
15643
13243
18304
17373
19303
12498
8345
26083
25481
34885
11602
16620
14830
7635
53119
44662
32590
40379
37231
35378
32992
15551
12578
18384
40889
48373
43747
39841
28957
28287
24980
19016
9617
10786
14753
10867
38607
46182
19311
17822
15080
14592
11948
24340
33902
6460
6104
6344
7030
32924
27161
22728
34778
11759
7067
51845
59518
51111
5701
5523
15517
15591
32119
12796
12117
9269
13387
11599
11975
4475
5267
5224
14690
15597
17137
26724
34071
39436
46741
19769
19002
18811
19368
19073
19815
17266
16865
7988
8417
12145
6268
6191
4850
27598
19235
30552
36330
29634
18594
19473
20466
18007
26890
43692
38491
42618
27061
29682
29189
29828
27093
28382
10871
33454
27849
13131
12798
6155
25227
19605
15816
11538
11577
15186
13382
13003
17142
15119
17707
14583
31504
28640
7429
7301
7234
23418
25061
15853
8132
18364
14740
6404
6332
6882
16981
4870
5028
9760
9054
9633
9276
31255
31259
24285
15535
10719
9649
15946
30311
27187
32665
45123
42512
52964
64467
14401
28729
24682
35392
35164
63314
62273
50538
29427
53681
35895
14797
16844
11850
24308
10856
11923
10365
8358
9015
15236
18602
17597
58336
65552
65463
10722
8547
12851
48942
50838
50237
28040
33162
27445
13710
11044
10809
11541
20331
18479
19169
31248
31432
30569
14881
18702
7347
9012
10925
10037
14996
15109
13162
16100
12650
18196
26277
21049
13910
13568
29757
7082
5956
5476
24013
19118
28652
7390
5705
7596
14789
15067
14213
14146
7741
31136
16279
5705
5469
38607
36583
30568
30183
12179
8996
9217
6460
18203
24837
30973
38416
25447
23685
20140
14109
12206
14743
6874
25649
54653
48044
16566
7391
9988
18062
28949
18449
14071
10220
6940
6766
7458
10261
15134
19052
9586
8822
12621
18943
30273
32185
35746
8209
8012
7972
28081
28888
27962
22290
14693
14524
17984
17692
15814
10490
9714
22703
26666
27570
26724
23031
20424
16836
9994
23429
20631
21100
13347
17925
16262
18344
11871
8242
27987
25625
37006
11211
17064
16617
8141
50363
43947
36577
34008
41030
37199
33882
14484
13809
18683
40708
47969
45923
40401
26493
24542
20810
20750
10452
9382
14708
10761
34917
45005
17302
18664
14419
14074
12136
23619
30005
5507
4998
5361
5418
33064
26880
24153
35166
10515
6358
51588
53469
45378
4792
4867
17028
17715
31909
10368
11397
10068
14525
12573
11978
4470
5178
5193
14622
15551
17936
29989
30305
39594
41790
20032
17714
19928
18142
16631
18007
16424
15971
7779
7973
11676
5921
5840
3345
26732
21771
36934
33748
28798
17659
21418
19926
18782
26396
43268
44421
44663
26342
29977
28840
28153
30125
28697
10379
34003
28098
13455
11810
5845
26464
23904
14733
12632
11268
13713
13345
13337
18326
16071
18272
14759
27364
27490
6533
6448
6567
23909
22350
17776
7653
15504
13232
6506
6270
6859
17573
5059
5355
10159
9410
9575
9422
36223
33605
25488
15788
11127
9904
15837
30787
26553
32714
46045
40375
54765
63550
14623
23620
30425
31587
31634
60471
62195
50803
28809
44180
30904
15696
16241
10206
30718
10561
11303
9837
8635
9528
16172
20371
18083
53335
64249
57558
12191
8064
11799
47775
50506
50341
30661
35576
33080
16208
12864
9779
10523
20065
18635
18924
31113
30680
27810
14038
19739
7752
9484
11201
9650
14375
14783
12231
14758
12714
17681
25066
20397
12425
11505
28993
7531
6474
5355
22675
17203
25062
6764
5271
7393
15890
15993
13943
13639
7984
32093
16127
5117
5807
40192
44246
31294
32232
12796
9445
7619
7249
18561
25190
31688
33959
26278
23418
16554
15166
12687
16431
7726
27349
56263
56809
16558
7085
9854
17654
29108
18457
18210
9958
6793
6615
7328
10107
15367
18878
9586
8660
12761
18618
29727
31803
31778
7048
6781
7819
24446
25725
25685
18779
15338
13360
17549
19047
15742
10509
9603
22725
27484
27623
27170
26990
17913
17452
9603
23814
17621
18448
13578
18021
16362
18314
12293
8551
24029
22571
29563
11616
17359
14832
7602
46847
47609
32693
37359
34513
33212
29904
13920
12712
17471
40465
49375
52788
36793
28038
25662
24592
18278
14465
13002
17540
10975
43303
50972
17887
17722
14352
13931
11889
26881
37976
6583
6497
6636
5080
34532
26490
24464
35038
11663
6727
57035
61404
49372
5342
5639
15315
18794
33239
11764
11722
9259
13395
11760
13261
4794
5617
5865
14910
16146
17448
31165
33414
42104
42619
18251
16058
18335
18394
17374
18873
17439
16798
8009
8346
12169
5937
6179
3538
26890
22818
31727
35359
31372
20660
18078
20233
18859
26538
42816
44774
41716
26805
27231
28756
30388
28011
25923
10270
31278
26959
13213
14206
6729
24235
23547
12903
12280
11384
14360
13333
13499
18031
16174
19090
14664
30045
30259
7532
6653
6754
24561
23899
16475
8305
14853
12438
6953
6469
6995
17565
5268
5440
10334
9688
10174
10719
37654
42172
25228
16059
11627
10047
16004
30856
29535
33927
40462
36560
48270
58878
14957
26863
26220
34550
33493
60086
68438
51981
25735
45557
29682
15158
14422
9971
27993
9997
10387
9253
8359
9446
15387
21748
17862
62821
65840
63976
12007
9008
13196
57001
58833
54367
28537
34111
28474
14463
10799
8977
9849
18169
18679
18756
31671
26389
25124
13967
17751
7145
8683
10541
9121
14906
14428
12001
13596
12144
16530
25202
20827
13901
14119
26197
6107
5514
5484
25417
19849
27483
7223
5187
7788
14987
16017
14427
13708
7928
27884
16723
5294
4587
36459
37255
27832
26214
13661
9006
9093
6377
18229
22952
27192
36661
27457
23572
16936
13843
11254
14338
6734
27249
55468
47675
17886
6902
9662
19949
29401
18443
15553
9992
6840
6670
7348
10381
15138
18226
9382
8477
12599
18095
33411
31177
30458
6921
7615
7855
25395
25963
27135
18751
14490
13666
17171
18025
15855
10576
9609
25090
27326
23985
27290
23353
17745
20461
13277
25736
20724
16796
13420
17879
16400
17522
11743
8587
26304
26602
31336
9812
16534
16100
7830
41096
40418
35558
39487
38305
35238
35164
15561
11907
18292
44867
49836
44427
34387
21971
25276
27077
21797
9621
9881
14182
10629
37384
38441
15723
16544
15149
14733
11931
26875
33440
5379
5060
7178
5267
38543
25670
22467
33797
10422
6059
57576
51649
52152
5892
5681
15409
16041
29938
12574
13370
9969
13271
11540
11789
4368
5103
5147
14586
15623
17011
29158
32390
49010
53155
16878
19132
18572
18155
17030
18713
16556
16193
7860
8371
11915
6008
6270
3647
24472
20317
30777
35675
30719
19647
18845
19171
17982
26382
39502
40386
37847
24365
25760
30535
32055
28391
25873
11657
33396
28763
14624
12859
5611
24928
21591
13526
12342
10883
13970
13358
13746
17868
15731
18261
14557
31413
32929
7382
6502
6241
23555
21936
14924
7851
14501
13569
6412
7056
6826
17720
5189
5338
10202
9487
9983
9581
31249
29772
25435
17332
11283
10225
16295
30190
30585
34267
42032
39624
52537
63553
13926
24095
21849
29936
32389
58934
60970
46832
27494
46999
30459
16022
14295
10071
24931
11360
10947
10361
9327
9821
16638
19356
18558
55489
61443
61577
12450
9999
12932
51926
51177
57669
30707
40997
28476
15962
13090
9409
10410
18375
19183
18710
26465
26625
29385
15747
17378
7312
9119
11073
8931
14800
13701
12013
14160
11861
17172
26258
22952
11140
10574
28354
5991
5822
5388
22523
16484
25823
7870
6132
8191
14789
14953
13401
13517
7909
30748
16684
4884
5604
35451
40790
28572
30713
10905
9388
8379
6139
18806
24712
31285
34039
25000
23091
16733
13543
11352
14646
6558
29014
52834
52009
19584
7509
10598
19037
23796
15433
15958
10118
6900
6889
8320
10340
15511
19128
9623
8754
12676
18240
28792
27887
34463
7671
7732
9192
28671
30324
30775
18623
13999
15640
18913
18834
15881
10449
9596
19988
27099
22603
27143
23376
21749
18249
9979
30899
21720
17288
13559
17903
16754
18405
12093
9103
28384
25115
34364
11681
16467
14793
7557
41777
46248
34567
33978
35167
35671
31018
13154
12149
18259
37886
48701
61230
40228
26960
29755
23694
20803
10913
10013
13626
11008
43707
45297
17887
16802
14119
14154
11844
25499
37824
6922
6417
6937
5105
37200
26270
26356
37550
11810
7282
50603
57896
46076
5744
5698
13712
14909
44156
13583
12121
11182
17892
11633
12109
4546
5242
5188
14560
15697
17265
32140
30999
45674
42326
20309
16527
20355
17853
16513
18164
16766
16172
8026
8224
12073
5682
5842
3664
26723
23102
37741
31546
29556
19687
19373
22194
18173
27841
45450
45161
42584
25292
25885
26044
28272
26256
26261
9835
30701
25861
11571
11682
6538
25662
21425
13221
12321
10861
13827
13290
13398
18452
15827
18796
14975
30695
28708
7671
7300
6995
26596
25907
16700
7828
13878
12438
6522
6851
6855
18011
5162
5391
10284
9668
10073
9719
35022
34202
22873
18511
13051
10872
15688
30347
28691
30811
40882
42323
49009
57341
13342
28470
26049
35512
31590
59016
71680
55271
26587
45135
30257
14087
14258
10485
26794
9950
10576
11802
11075
11949
15253
18770
17616
51157
58238
62731
9761
8744
15059
48688
50704
57828
29779
32000
27551
14552
12359
9185
9712
19277
17922
18741
30844
29457
24930
16093
18473
7321
9237
11075
8989
16236
15913
12611
14565
12599
18394
29374
23961
10958
11151
26965
7324
6699
5857
22769
19025
28628
7580
5817
8486
16306
15504
13736
13656
7879
38725
16048
5751
4099
36167
42094
30560
26473
13444
9198
8527
6163
17212
29174
32234
37759
29049
25664
19080
14102
11908
15310
7149
27688
57189
47400
17089
7105
9681
17485
25992
18644
14705
10887
7440
7249
7349
10123
15294
18839
9435
8879
12676
18100
30126
31334
31406
7645
7414
8725
26300
26648
26353
19139
13945
14276
19508
18812
16576
10891
10112
24323
25072
25595
28422
26677
20535
21009
13269
28876
18233
16621
13399
17866
16361
17989
12187
8409
26983
24231
34564
10716
16023
15449
8260
40189
39214
31611
38693
37670
32367
35035
13530
13720
18404
44151
49170
45756
39183
29494
26841
24091
19955
9568
9368
14764
10484
39186
49332
17538
18622
15743
15948
12355
23967
43028
6469
6750
6870
5517
39268
29139
19712
29757
9220
5777
56085
49907
38272
5701
5600
15757
15138
31389
12759
14325
10066
13291
11640
11590
4540
5290
5261
14495
15485
16678
28815
35559
38590
41017
21793
17909
19241
18245
16942
18234
16473
15998
7838
8301
11902
5875
5964
3499
26681
19289
33437
33026
28304
18007
17322
20102
18399
26163
43578
37464
40237
28244
28644
30494
30345
28044
28271
10748
34257
26586
11701
12302
5676
27023
20134
16407
15847
13694
13475
13592
13369
18050
15546
18331
14795
32105
29939
7463
6878
8162
26580
23635
15516
7830
14029
12936
6398
6480
6900
17431
4858
5029
10029
9475
12621
9922
31034
33609
24266
16977
11097
10252
16083
29183
27086
31102
46083
38986
52963
57082
14785
25608
24587
34309
34634
60998
61834
53086
29414
48913
33912
15361
13232
10080
23104
11404
12621
9774
8186
8831
15629
18921
17675
55099
60615
55230
11029
8818
12557
48501
56890
47976
25189
33085
30222
13108
11750
9193
10147
18905
18459
17713
31498
30374
27030
15543
17824
7624
9740
11828
9227
14228
13771
11608
14095
12262
17192
28733
22897
10863
10597
28349
6771
6080
5864
25140
19008
27103
7012
6032
8521
15054
15101
14209
13918
8037
30586
18209
4558
4341
29809
34980
26517
25650
10296
7895
8454
6575
17841
27350
26101
32093
24424
22910
14875
13923
11498
13623
6564
25051
62993
48204
16561
6758
9455
17629
29225
18459
16086
11879
6700
6593
7273
9964
15458
18948
9776
8851
13107
18819
33795
35325
31309
7095
6848
7809
28934
27759
26003
20876
12824
13946
18082
17892
15706
10768
9533
24977
27003
24372
27698
26871
19342
16713
10899
23978
19525
21598
17670
18673
16872
18193
12072
8311
24202
26019
30897
10950
15878
14830
7638
41679
40614
34815
32732
33037
33219
30971
12811
12403
17400
40083
48601
46574
35650
25081
25827
21350
20318
10886
9911
15375
10721
41737
45496
18415
18502
14338
14286
11985
27697
34845
5922
5471
5464
5157
32991
25567
25737
39582
11421
7550
55855
51345
44936
5952
6367
14185
15950
30478
12905
12485
9176
13324
11373
11763
4391
5140
5110
14082
15032
16810
29846
34905
37974
47612
16944
18326
19504
17722
15866
17510
16691
16139
7926
8238
11936
5699
5856
3374
23825
18841
32241
36661
27496
19719
17701
18577
18774
25425
39086
35946
37440
25182
25620
26353
28326
29548
26350
10697
34730
28438
12686
12356
5646
27407
23564
14133
12139
10726
13575
14112
13416
18449
15620
18739
14665
25582
24340
5748
5646
5523
20146
19848
15730
8476
15066
13146
6558
6341
6828
17428
5037
5265
10059
9613
9994
9622
33149
29680
22125
15839
11059
10185
16080
27400
30672
30352
40188
34945
47075
50044
14296
21123
19425
27666
27649
61704
70233
48002
26074
39606
31476
14364
14173
10122
26086
12653
11944
10555
8353
9168
15234
18073
17072
50744
58512
58065
9258
8109
11935
54301
57188
50623
27563
31481
27482
15704
11094
9171
9814
18041
19262
19219
29074
30176
26678
15141
17002
7463
8992
10807
8945
14887
14219
11843
13822
15930
16755
27018
21643
10598
10563
29558
6891
6518
5564
24131
17479
25491
7111
5611
8695
14386
14821
14185
13515
8126
30095
17713
5694
4770
34100
36914
27723
29782
12208
8306
7283
6282
17144
33410
33153
34238
27121
24856
18469
13952
11813
14466
6844
28126
56400
56134
14944
7241
9971
17767
26833
19769
15520
9652
6370
6518
7095
9938
15249
18863
9656
8556
12411
17390
30661
36955
33953
7903
6852
9954
28545
28125
27001
20950
13593
15235
18005
17904
15809
10568
9546
26104
27994
25673
31334
24449
21730
15732
9771
24188
21032
16749
13303
17770
16613
17564
12264
8468
27097
25013
35273
11017
16087
14912
7571
45735
45629
32209
38883
35085
37051
30305
12932
12880
18025
40352
47833
50967
39431
28140
28369
24208
18265
9723
10167
14309
10623
39018
51010
15254
17255
14588
13708
12026
26249
33678
6881
6010
5702
4934
36693
26269
22822
33751
10376
6308
49803
57716
51413
5988
4872
14755
15667
30902
12233
11073
10878
13371
11572
11798
4363
5083
5372
14887
15699
16939
26809
30253
37591
41012
19968
17491
18315
19117
16573
18665
16572
16303
7901
8337
12110
6012
6105
3550
25889
20671
31595
33800
30483
21307
20467
19783
18686
23924
39235
37364
40232
27247
30740
28896
28809
25479
24584
11125
34142
24962
11905
11313
5590
24410
19419
13993
11743
10112
13392
13453
13101
18198
15956
18672
14245
31133
29353
6540
7574
7069
26194
26920
16231
7793
13716
12448
6468
6638
7277
17946
5112
5429
10060
9097
9611
9606
35243
29615
23348
16061
10728
10026
15650
30786
29234
35787
40077
35216
48329
64669
13992
27633
21925
34143
37016
62785
61000
53000
26423
50400
32303
13819
12941
10088
25729
9837
11771
8959
8365
9040
15269
18628
17709
49900
57827
57482
10346
9343
15560
49323
52014
50339
27117
30074
29917
15791
12128
9829
10964
23026
19559
19224
29752
32100
29224
15617
15783
7396
9502
11475
9171
15995
16562
12604
15101
13383
18718
24502
22628
11090
10960
30844
7083
6347
5816
28400
19705
26739
7137
5664
8462
16846
16548
16201
14344
8353
32846
17583
5337
4170
37850
36133
33149
28923
12652
8844
7508
6449
18822
33902
28552
33315
28452
24475
19132
12340
12417
14578
6859
31357
62683
52816
15472
7324
10058
19295
28049
17805
14062
10884
7206
6872
7484
10424
15942
19153
9765
8849
13130
18111
45174
31914
32207
7062
6735
8016
28454
28746
29697
20743
13387
15784
17467
17848
15719
10510
9570
25143
26685
24268
27501
23269
18412
16099
10610
22975
20020
15707
13672
18359
17858
18398
12258
8332
26896
27331
35494
11560
14687
14968
7662
42806
46313
35818
32230
33735
32393
30032
12667
12749
18595
39850
50123
43805
40920
28994
25012
21714
23715
11543
10226
14257
11129
38448
43290
18165
23284
13977
14197
11950
27225
39013
6523
6581
6614
5108
33074
27103
25316
33257
10043
5593
58927
50736
43026
6175
5961
14966
17935
28125
11414
10462
9182
13351
11586
11779
4199
4884
5204
14743
14970
16969
29723
26015
33055
39970
20584
16376
18276
18004
16905
18071
16577
15446
7549
8022
11772
5754
5987
3862
23662
20714
34997
38140
32506
18735
19732
23509
18569
26617
44776
42305
39071
25101
26703
26871
28693
27194
26679
10241
32356
26438
13625
13327
6030
23558
20950
12807
12243
10676
13749
13309
13108
18013
15889
18431
14700
31785
28913
6703
6377
6336
23052
24400
15660
7924
13931
12550
6590
6688
7291
17842
5060
5279
10145
9164
10321
9562
31945
34466
23476
16295
11821
9955
16486
32287
31040
36247
47107
36728
54809
56830
13622
23816
24997
31423
31476
65058
62544
48563
27259
45486
32448
13676
14330
11766
24571
11365
11691
8972
8379
9102
15201
18553
17662
56037
62806
56052
10746
9533
14741
54110
49476
48946
28865
34118
31948
15885
11745
9244
9928
18288
18473
18604
30930
29984
28380
16145
15876
7614
8983
11101
9838
15063
14394
12006
14188
12188
16930
25095
22294
11139
10955
26200
6661
6362
5880
27020
19695
24824
7315
5814
7726
14803
15933
13512
13503
7858
27526
18390
5678
4514
33371
39862
31243
26667
12005
9030
7601
6228
17827
28538
30105
38751
27803
26314
18392
12934
11994
16409
6902
29137
56346
54671
15115
7225
12204
18406
29534
18720
13994
10414
6895
6748
6932
9559
15233
18811
9624
8681
12635
18568
30440
35701
30590
7321
6866
8052
29160
27568
28753
27517
12900
14522
17480
18986
16776
11177
10060
22712
26802
25722
32132
25749
18458
16031
10151
22837
20522
16744
14177
17975
16630
18102
12233
8392
24321
27888
32248
11518
14092
15070
7826
41669
45480
35626
39073
39811
37924
29778
14310
14422
19465
46910
55764
50586
36416
29217
25215
21894
20507
9736
9114
15325
11432
42229
43400
19854
17381
14356
14198
11798
23968
38846
7297
6313
6231
4904
38164
28946
25757
39007
11403
7032
50025
58885
51029
5653
5528
14663
15371
31116
12640
13290
9190
13369
11331
11775
4185
4946
4991
13964
15132
17030
29396
31178
43042
41837
19937
16013
18576
17724
15718
18124
16568
15907
7780
8209
11868
5784
6385
3663
25474
19843
34107
33047
30573
19606
18095
19048
18186
24351
38776
43052
37743
26145
28472
25198
26760
22710
23694
11220
35150
29512
13678
13385
5588
26644
22415
12279
12920
11347
14581
13409
13501
18095
16234
19457
14809
30251
29717
7497
8577
6923
23466
25483
14871
7744
13573
12514
6485
6342
6869
17453
5071
5304
10114
9194
9911
9600
32270
29930
24914
17159
11241
10327
15760
30594
28162
30420
40854
40847
55561
62369
14605
24900
23889
32030
34011
66477
61227
48626
25957
44335
33729
15614
14440
10333
24818
11146
11312
8904
8665
9654
15753
18691
17653
50234
57902
65194
10378
9385
12350
48191
50138
50296
25924
29453
27942
14780
12335
9303
9775
20071
18747
18691
30023
26204
26832
16718
16284
7585
9131
11047
9311
16414
16329
12681
14716
13574
18643
28978
23090
11051
10673
30183
6043
5899
5089
22601
17069
24687
7186
5586
7543
14850
16759
14988
13529
7883
31025
18192
5204
4059
33232
41626
27398
29989
11733
9339
7568
6451
18206
27200
27245
33812
27462
24319
16862
14834
13619
16287
6368
27353
54672
46950
15697
6931
10202
17822
28939
18349
13376
10055
6901
6752
7447
9976
15186
20181
9764
9010
13182
18607
30321
31744
28922
8078
7837
10204
24803
30291
26389
22057
12589
14379
17467
17763
15770
10493
9706
22525
24355
24416
31459
24451
19894
15885
10054
23867
20418
16369
13402
18078
17276
19367
12500
8602
27875
21904
29031
10200
13017
15294
8072
40855
37309
30117
29739
29996
28564
26563
13789
12774
21479
40133
41730
46180
38910
29316
29635
24090
19080
9515
8447
13302
10957
39537
50683
15216
17568
14506
13894
11556
23655
35182
6588
6281
6290
5454
33619
26661
23467
39359
11592
6999
50591
57781
51514
5562
5246
14387
16455
29126
12693
13258
9275
13446
11533
11591
4387
5144
5076
14138
15685
16951
29917
31181
42835
44388
17727
16206
18237
17683
16694
18464
17062
16008
7873
8333
11849
5807
5988
3484
27821
19639
30826
33707
33064
17725
18080
19691
18560
23191
39220
42369
37636
24824
28706
28798
29581
29455
25750
10632
31259
28589
13054
13709
6002
23178
22568
12816
12224
10713
13688
13307
13414
17961
15799
18978
14961
31857
32044
7726
7445
7503
25880
24284
15852
8125
13916
12392
6443
6261
6813
17492
5093
5237
10702
9013
9802
9207
33458
32922
23368
16655
10625
9878
15657
30468
27194
32440
46068
37671
46638
57814
14641
26467
24572
33261
33505
59278
61589
48537
27214
44312
33062
13872
12192
10014
26056
10797
10374
11210
10393
11274
15376
18556
17817
50379
56070
57330
10618
9608
13682
54574
54589
49835
28710
34224
31072
13507
10745
9211
9740
17371
18654
19744
30704
25874
24570
13909
16145
7167
8857
10497
8944
14689
14349
11960
14558
12284
18076
28629
21845
11407
10442
26838
7578
6613
5898
25453
18742
24661
7661
5102
7567
15367
15579
14209
13430
7904
30037
17896
5251
4039
39458
40330
27475
30115
12710
9003
7520
6389
23462
27033
27824
34174
25025
23745
16520
14849
11546
14608
6806
28927
55109
48685
15127
6937
9962
18130
26560
17608
13782
10111
7224
6617
7316
9858
15502
19112
9558
8941
12335
17577
32588
31381
29817
7016
6454
7676
29322
25836
27581
20496
13061
14079
17065
17642
15852
10575
9636
24575
24141
23785
30922
23421
21339
16303
9427
23845
21140
16283
13229
22562
16430
18057
12201
8091
25433
23796
34059
10028
14063
14726
7676
43432
39748
31119
32851
33386
32918
30501
12897
12864
19636
38929
48061
38338
40436
23945
28824
24269
20756
9503
9627
15003
10679
33153
39218
17893
17376
14668
13868
12008
21167
29928
5448
4949
5078
5324
30481
22826
21290
32548
9668
5937
48999
50849
42884
4748
4657
13382
15068
30655
11172
11586
9520
13768
11965
11830
4473
5143
5101
14051
16141
16943
30563
34405
38711
43156
18440
16113
18589
17865
16574
18047
16131
15522
7693
8373
11921
5942
6001
3530
27639
19299
30806
35200
33436
17497
18033
18145
18375
24836
43562
43015
44232
23806
26554
27284
31046
29272
28855
11311
30573
25323
13378
12488
5553
27631
20681
13213
12340
10744
13926
13255
13069
17237
15136
18390
14074
32402
32778
7336
7535
7161
26805
24890
20335
8312
14216
12407
6312
6067
6587
17364
4931
5516
10660
9534
9876
9670
35585
30039
22448
15244
10571
9658
15272
30105
26895
31572
41641
36539
46655
64664
13798
26439
23807
30487
32695
67252
69977
47155
30501
47122
33401
15288
12953
9968
28994
10850
11770
8997
8361
9049
15214
18602
17669
51445
57240
55961
9116
8398
11926
47079
51286
49928
29933
29117
27964
13332
10850
9272
10010
17682
17785
17619
31460
28126
26600
13588
15286
7425
9201
10893
9113
14886
13969
12028
14666
12547
16797
29362
21735
10863
10584
30931
6561
6553
5060
22349
19755
25364
6576
5293
7895
15015
15268
13512
13186
7749
30710
18411
4908
4050
38158
42116
34018
29355
11127
8652
7539
6461
17332
27221
27122
31457
24328
22433
16831
13976
12082
15224
7052
28080
47008
49869
14019
7120
11090
17475
24532
16264
18532
9921
6841
6684
7351
9945
15113
18732
9246
8368
12183
17356
34245
35908
34861
7800
7572
7440
29669
31101
31266
21180
12503
13981
17043
17778
16011
10160
9624
25629
24785
24980
27686
24337
17991
15537
9792
25045
20699
16795
13604
18074
16794
17905
11618
8071
27364
24685
35159
10270
14229
15148
7704
46054
43842
30429
32857
35298
36166
29728
14113
13540
17597
46969
47901
50693
39788
25888
28582
24401
19109
9672
8564
13362
10656
39498
42495
17762
17448
14200
13851
11868
27539
34505
6962
5730
5501
4948
36950
26031
23399
39136
11456
7487
49316
55364
52013
5887
4700
14401
15365
32923
12261
11053
9146
13735
11345
11522
4237
5299
5401
14742
14885
16209
27510
29785
43508
41485
18094
16118
17714
17171
15800
18316
16461
15865
7914
8272
11918
5849
6055
3477
26220
19323
34892
35364
29804
18444
19598
24672
17871
26762
45092
37200
36947
25244
29441
28592
28820
29084
25800
9390
34289
29759
13655
12450
5583
26153
20554
12744
12100
10717
13433
13435
13597
18806
16096
19146
15302
28395
32649
6588
6353
6381
26769
26372
15857
8510
14156
12534
6440
6278
7000
17367
4979
6166
11764
9356
10197
9590
32658
35265
26714
15707
11122
10218
15994
29507
31752
31482
35198
34640
41456
54908
13146
23424
21547
29843
29779
55746
62731
48757
27729
44469
33340
13593
13294
10997
23028
10042
11698
9478
8865
9607
15154
19259
17759
59375
59375
58721
9202
8663
12434
49892
62760
56509
29599
32234
27989
13706
11738
9089
10109
18283
18776
19259
28680
26691
28161
16040
14689
7320
8737
10505
8674
14793
14703
11980
14499
12462
20798
26195
21281
11045
10647
28089
6234
5551
5515
26248
19169
26509
7685
6574
8426
15035
15128
13391
13434
7960
30873
18280
5492
4053
38114
36600
28647
27231
13101
9502
7232
6366
19186
26842
27706
33505
28603
23696
18216
12464
13338
16011
6620
25825
56433
54885
14204
7014
9629
17165
29869
16802
13419
9768
7076
6927
7054
9905
15561
19178
9608
8792
12965
18647
34212
36442
34116
7632
7566
7382
27734
28488
26168
18745
13279
14162
17316
18941
15673
10504
9191
23020
28310
23421
28837
23514
20179
15734
9791
33369
20840
16352
13241
16922
15787
18726
12345
8375
27763
24869
31502
10951
14771
14100
7222
46678
40027
33437
32600
34245
31664
31403
12724
13465
17140
45380
47715
44242
35848
26596
24736
22853
19675
10575
9816
13128
10453
38050
45120
15648
17306
14361
13943
11332
27784
36425
6422
6380
5921
4783
36050
29566
26375
33413
11193
7241
50118
50575
43654
5858
5473
14494
16451
33511
12811
11076
8940
13262
11330
11834
4375
5083
5086
13973
15463
16773
29532
30599
43713
42329
15949
16801
18991
18420
17758
19106
17419
16494
8549
9088
12710
5964
6888
3552
26587
21784
38671
35339
29131
17511
22742
21449
20159
40989
46686
37141
46299
26695
32557
27232
29928
30905
29965
13483
36457
28999
13843
11531
5592
28254
21380
13920
13451
14426
13829
14455
18306
19270
16668
19168
20735
31530
33199
7572
7044
7181
25609
34608
18133
10032
14077
12873
6589
6595
7005
17704
5167
5449
10264
9540
9922
10585
34179
36071
22382
16313
11127
10255
15833
29447
29819
44115
48842
40132
46970
55167
13951
36193
22277
34115
33866
67008
62631
46868
28418
53167
31651
13309
11974
10231
21446
8778
9163
12520
9006
9647
15959
18872
17653
48041
57094
57862
9963
9492
14047
48493
43989
47601
27921
30393
30293
16909
9717
9366
10798
18963
19017
18729
23507
26220
28096
15812
14789
7145
8669
10385
9380
15010
14459
12183
14064
12215
16823
25650
19751
11113
10578
25228
6041
5607
5318
22616
17367
25050
7357
6363
8621
15945
16613
15696
15678
8176
30721
17849
5361
4299
36723
36843
29038
27064
11124
8337
7359
6107
18615
25188
28838
33340
25711
23072
16642
14008
14037
16110
6525
29321
58922
47001
13250
6960
9977
17356
29159
18194
13622
10150
6756
6663
7364
10169
15246
18160
9750
9323
13822
20337
32900
33734
30378
7745
7529
7671
26945
26544
26012
20169
13345
16102
17021
17929
16183
10645
9745
24432
24457
24147
28288
23144
18303
16351
11483
25646
19207
17113
14012
19142
16988
19668
12482
8619
24635
25000
30073
11447
14682
15748
8497
40475
39406
30964
33133
32977
32909
30556
14998
12551
18039
44145
54734
45984
41287
27801
27014
23335
18802
9729
8632
13454
10757
36673
46102
15696
18305
15520
14032
12100
20766
34322
5302
5027
5231
5192
33278
28165
23485
32770
10766
6881
53301
56608
38344
4655
4513
15177
15203
32571
9926
11894
9339
13459
11403
11935
4401
5206
4956
14541
15572
17167
26673
31176
45396
46021
15995
17902
19727
18259
16791
18282
16535
15580
7582
7914
11395
5972
6047
3493
24083
19487
32252
33010
29537
17817
17305
21201
18255
26126
40512
39205
40111
29282
29865
29828
30652
26568
26898
10034
34820
28460
13688
12492
5620
27422
22718
12634
12168
10735
13415
13356
13450
18588
16116
18361
14793
32209
30631
7626
7189
8263
25022
24912
16336
8128
14195
13850
6827
6461
7310
18092
5163
5344
10263
9407
9933
9570
31792
30099
25117
15758
11040
10093
15781
30113
27091
36119
45371
40657
49208
56059
14036
27935
26223
33559
31470
63355
61262
46792
28189
51455
31235
15750
11507
10129
29767
11539
12479
9035
8484
9165
14741
18500
17664
70224
63449
57158
9527
8771
13005
54557
58907
49183
25385
29714
27844
13715
10892
8608
10243
19237
18828
19195
30249
27951
28345
16048
18780
8100
10341
11182
9933
15452
14195
11981
13552
11786
16472
25450
19794
11069
10691
25310
7668
6622
5921
26683
18756
29109
8317
5975
7663
14799
15867
13351
13188
7648
31403
16240
4774
4061
35062
43583
33355
29297
12036
9089
7542
6387
17397
33006
28745
38961
24980
23141
19053
11095
12003
15248
6619
24457
63094
47098
14619
8059
11050
17204
28093
18631
14975
10602
7216
6750
7564
11336
16233
22861
10224
8984
12855
18162
30629
31379
32582
6784
6818
7366
25154
26041
26273
18691
12441
14004
17214
18405
15878
10684
9636
22969
24308
24475
27772
26798
19561
16369
11388
24721
18421
16723
13331
18058
16532
18596
12389
8452
25812
26812
35672
9982
13484
14061
7410
42002
39318
30516
32297
32979
36777
32107
14764
11128
18904
47834
48997
43687
39913
28616
27447
24379
19376
9831
8171
13744
10754
42143
45317
18042
17102
14675
13941
11521
23625
32787
5605
5020
5386
5141
36919
25107
26076
38746
9091
5840
49567
44848
45200
5789
5617
14853
16860
31459
13226
10013
9108
13340
11455
11807
4226
5294
5243
14671
15681
17331
25943
31962
45201
41399
17889
16484
18399
18462
16397
18356
16750
16370
7926
8259
12009
5883
5997
3620
28029
21607
33270
36717
33951
19441
18195
19406
17656
25750
45784
42537
43642
26534
28349
29886
30584
28214
29945
12007
34241
29913
13160
12649
5611
28625
20111
12342
12820
10776
13434
13455
13332
18005
15862
20194
15409
31318
27713
7520
7204
5455
29048
24432
16262
8329
14101
12704
6597
6517
7088
17996
5100
5255
10127
9675
9989
9893
33140
34394
22046
17835
15112
13943
15820
27949
30781
31346
45656
36132
52935
64347
13704
27158
24233
32562
33117
74723
62805
48454
31050
55493
33954
16915
12567
10377
22798
11210
11527
9517
8354
9048
14602
18706
17958
50710
57394
58676
10137
9095
13085
49513
51144
50413
26478
33565
31053
14348
10533
9310
9949
17810
18550
18412
29941
26947
27339
14116
15078
7341
10269
12077
8776
15117
14322
16399
14141
12148
16755
25503
20980
11309
11276
26667
8191
6562
5537
24832
17219
27836
6701
5178
7573
15014
14935
13361
13558
7917
31701
16124
4822
3907
37456
36533
27490
28696
12157
8144
7525
6277
16904
23575
29091
33261
27541
26666
18357
11671
11778
18131
6673
24575
58723
55095
15214
7164
9902
17895
29660
18962
13392
10098
6713
6919
13401
10976
15402
18726
9574
8864
12213
17375
33311
34716
34345
7490
7914
6796
28174
28923
29558
20652
12570
14015
17780
17519
15704
10627
9628
25254
30204
27998
30001
23417
20920
15514
10997
23584
22092
16466
13421
17940
16339
17675
11868
8234
27633
25707
31557
10950
13206
14873
7605
47011
45107
33239
38301
39996
35530
35177
14394
10718
18311
39302
50339
50647
40318
29098
27807
21376
19061
10226
9142
16630
11241
41817
46687
15152
18560
14307
14016
11524
24749
38798
6407
7186
4900
5155
32896
29036
22903
34340
10271
6367
49169
55063
45965
5187
4259
15675
16379
28712
13647
10205
9243
13282
11417
11583
4421
5172
5239
14505
15565
16791
27737
29044
36788
40331
17018
19171
18411
18082
16334
19900
16485
16040
7572
7893
11910
6945
6509
3634
21992
21419
37237
32227
33118
20078
19184
18822
17716
27162
45144
42504
37779
26872
25711
27963
27396
25872
26195
10514
31757
26170
11607
12667
5904
22924
20235
13550
12758
11960
13605
13372
13302
17321
15333
17692
14672
28111
28719
7335
7236
6357
25558
21677
15323
7817
13706
12421
6592
6281
6936
17475
4867
5116
10056
10027
10385
10093
36167
35479
25794
16178
11241
10272
15702
26032
29404
33553
47184
35097
53329
65025
14351
29562
24492
32881
32942
63417
69747
52763
29331
49097
33124
13699
12081
10013
24174
11427
11891
8943
8400
9085
15176
18817
17726
54109
56571
56406
9207
8677
14534
55725
50628
47938
26134
29142
31452
15810
9650
9170
9831
18516
18672
18545
29498
29566
29161
15670
15768
7167
8750
10414
8511
14527
13833
11887
14129
11665
16150
27095
19352
11220
10313
25834
6518
6360
5238
19982
19109
24632
6758
5156
7640
14861
15240
13645
13217
7625
28433
15932
4578
4214
33364
43069
27433
29384
13379
9394
8838
7553
21049
25278
32697
37296
29892
25922
20401
11919
12056
14185
7148
25253
54900
53617
14295
7647
10411
16808
31123
19152
13645
10145
6474
6655
7032
9588
15145
18326
9356
8757
12178
17428
34002
32445
32155
8146
7824
6764
28270
29327
29093
22605
16562
14886
16885
17817
15916
10558
9971
25882
28199
26642
30956
26869
20119
15989
10084
24938
19441
16086
13589
18122
16807
18267
12155
9002
24233
27811
31883
11129
13438
14963
7493
41971
40604
30377
32974
38786
32383
34535
15130
11032
18530
44203
51991
50243
39588
25290
26091
23639
23443
10465
8642
13488
10801
37215
44985
17134
21124
14405
13947
11867
26749
34017
6335
6106
5512
4875
36464
28886
23688
34268
11541
6467
51991
57984
46946
5540
4332
15424
15472
30989
12454
10624
9349
16220
16797
11912
4470
5563
5523
15102
15611
16966
30727
29796
45173
41417
16293
16267
18343
17744
16364
17822
16493
15981
7776
7902
11486
5643
5906
3341
27082
22103
34702
34813
31040
18741
18193
18900
17900
23738
42270
42259
43665
23841
25873
28928
31095
28895
25821
11014
35529
25476
11975
11783
5272
25772
22508
12793
12175
11928
13502
13308
13362
17774
15643
18676
14828
27477
28301
7278
7519
6509
23165
25902
15335
7827
13416
11889
6332
6315
6854
17453
5052
5238
10040
9393
9812
9247
35723
29682
22688
16530
12082
9932
16548
30177
30106
31185
44234
36058
52061
56685
14042
28907
27169
33523
32042
60654
60648
47287
28730
45179
33562
15502
12226
10084
28109
10165
10256
8627
8301
9365
15328
18678
18720
58574
63436
63148
9550
8855
12218
51316
49298
49116
26063
32908
31122
14446
10527
9199
9824
17641
18537
18536
29695
29000
27760
15798
16480
7448
9033
10354
9552
14923
14434
11889
14219
12080
17220
23644
20663
10828
10574
27984
6095
7017
5176
25436
16205
24985
6080
4709
6889
14764
14798
13347
13469
7682
25178
13994
4348
4047
29448
31204
30955
25435
10292
7704
7847
6657
17944
25854
28261
33600
22469
22333
16292
15233
11929
14395
6770
23951
52806
48101
13565
7197
9803
17878
27440
17397
14094
10434
6904
6788
7440
10597
16145
20254
10651
9160
12866
18539
40360
35298
30218
7267
7141
9038
25206
25454
26072
20723
12540
14536
17168
17710
15282
10242
9775
26256
28245
29442
32423
25777
20528
15794
9921
33033
20246
16970
13213
17783
16959
18980
12055
8333
27793
26983
32590
9888
13877
15225
7859
42310
40777
31091
38290
37156
36220
32355
14417
10728
19050
39198
48647
43918
36164
28334
25118
24788
19055
9606
8629
13421
10835
43222
49969
15197
16444
14465
14179
12167
24560
37632
6881
6024
5146
5109
38525
29782
24891
38397
11968
5766
57056
55512
45210
6074
5746
17411
16402
32232
11565
9954
9125
13062
11223
11784
4214
4876
5089
13846
15207
17019
30170
33065
38944
40806
15075
15952
18324
18457
17303
19083
17717
16000
7861
8270
11818
5560
6135
3527
26818
19396
36498
31918
31378
17665
17734
18355
17801
25648
39317
38664
44281
26754
28774
29998
27738
27941
26061
10661
35582
27414
13587
12574
5460
24810
22487
13111
12589
11041
14097
13611
13515
17963
15356
18270
14726
31296
31790
7250
7195
5777
26573
26165
15385
8106
14461
12053
6296
6140
6582
17501
5069
5296
10233
9384
10053
9527
31865
33356
24476
15728
11110
9977
15806
31033
31569
35719
45512
35711
47425
57935
13880
32851
21793
34346
30470
57610
61971
47702
30473
45713
34244
15634
13250
10879
22613
11560
11891
9227
8753
9360
17429
20043
18308
51534
61654
57452
9504
8697
12304
53751
57104
55656
25436
30146
28376
13717
10469
9100
10554
18814
18774
18554
27648
30548
24227
15320
14414
7358
8917
10562
8945
14640
13997
12016
17292
12271
16725
28454
20731
10342
9991
29653
6940
6424
5343
26253
19409
25528
7237
5157
8264
14103
14253
13347
13516
7607
30418
16227
4404
4056
32632
35893
31354
29809
12549
9339
7498
6517
17420
26736
31355
33559
28889
22926
16643
11184
12184
14743
6289
24833
47332
55435
14459
7152
10184
17452
28186
15348
14594
11265
6797
6801
7410
10039
15146
18616
9316
8446
12653
18467
26539
34367
27587
6100
6061
7385
30884
31892
26995
24339
13079
18288
18911
19618
16256
11529
9913
20657
27222
27386
26595
26628
22157
15949
9913
22455
17443
17442
14223
18003
16998
18840
12693
8069
25980
23265
29847
9186
14116
14146
7332
41711
37903
29137
31781
32491
30892
28394
12135
11952
19971
39604
41621
40151
35190
26006
25397
22770
19099
9313
8483
13280
10703
42795
51378
15526
17077
14343
13966
11936
26880
33854
6234
6109
4928
4933
37622
26589
23004
38168
11581
5609
55926
52581
46029
5314
4271
14585
15042
32376
11538
10988
9194
13408
11481
11764
4417
5072
5039
14570
15642
16790
29412
33103
41131
44293
15313
15742
18026
18118
16296
17580
16919
15903
7840
8193
11909
6090
6864
3842
27931
20898
34981
35034
31490
18955
20699
18933
19463
25252
44011
38587
39315
24443
25766
26861
31297
28466
28435
10882
33897
26649
13500
12770
5149
34666
18959
12895
12356
10540
13827
13283
13286
18014
15658
18387
14707
32395
32643
7341
6444
5657
25618
24522
15936
7827
13218
12141
6507
6355
6961
17499
5063
5355
10078
9227
9630
10168
36238
30764
25316
15975
11071
9758
15628
29436
27031
34944
40530
41675
53308
56978
13097
25561
23755
33669
34842
59852
62932
50643
28828
48416
34582
14868
12449
11065
26929
11844
12044
10524
12927
12782
15915
18895
17863
50307
55896
57056
22105
8425
11883
53655
52762
48416
25440
30346
29192
15329
9403
9140
9793
18229
18974
18558
29354
28823
25212
16142
15599
7316
8829
10432
9088
14742
13726
11682
14112
13857
16207
25343
23092
10921
10630
27698
6198
6602
5180
22645
18563
24519
7821
5821
8638
17147
15029
14058
14345
8210
28002
16161
6273
4795
35154
36227
27178
29439
12263
9770
7510
6521
17480
27985
28628
32714
29517
24526
18593
12774
11926
14290
6648
25852
53197
48602
14392
6951
9701
17759
28657
17798
13280
9476
6735
6576
7606
10467
15182
18650
9632
8719
12710
18044
30046
35409
35522
7921
7809
6800
28589
25749
29811
21477
12530
14814
17022
18249
15598
10535
9687
23925
27499
26995
27427
27687
21973
17917
11097
25105
16365
16973
14101
19044
16455
18161
12139
8699
26936
23482
34500
11380
13893
14785
7452
47367
37863
29461
37388
34685
32209
29959
14546
10483
19447
39259
47739
50626
40602
27610
26411
21757
20261
10123
9411
14370
10895
40732
49603
15415
19015
14722
14096
12664
26751
34710
6329
5898
5256
6719
33015
28879
27174
38118
11616
6057
51906
52716
50213
5254
4317
14675
15209
32732
12931
9981
9148
12662
11792
11776
4384
5379
5392
14946
15076
16900
30717
35298
41775
42204
16001
17870
19318
17793
16284
18304
16643
16123
7930
8396
12002
5962
6006
3495
26178
19790
30322
33936
31991
19811
19205
20853
18278
26145
40073
39668
38937
23932
26133
26352
28052
30020
25745
11174
31274
25691
13374
13866
5557
28610
22219
15404
12212
10575
13429
13370
12915
18023
15326
18142
14694
32328
31890
7033
7177
5568
23305
24797
15408
7803
13877
12418
6435
6667
7245
17453
5054
5225
10091
9046
9654
9512
35134
33793
24583
17556
11853
10805
18150
30647
27591
32097
42520
41884
49015
57177
13937
30248
21933
30506
35349
62432
59128
48165
28055
47369
29857
14382
12207
10069
23317
10769
11277
8585
8373
9084
15060
18438
17209
58542
59867
64777
9607
8570
12322
48614
56581
49714
27004
30041
33876
16147
9509
9271
10686
19270
19784
19118
30081
27509
26202
15731
14703
7970
9955
10317
9016
14805
14576
12346
14204
11938
16583
28546
20489
10889
10225
25300
6320
5734
5445
22091
17032
24433
7564
5177
7754
14990
16341
13995
13561
7930
31384
16051
4311
4099
37141
43738
29187
26467
10919
8893
7461
6341
18369
26375
30420
33021
28081
25007
19381
12031
12819
14851
6919
27486
54258
48629
13960
7511
10208
17989
29044
16354
13295
9709
6384
6605
7462
10276
14688
20009
9562
8731
12737
18003
33505
30752
29880
6947
6731
6689
25171
31125
29584
18949
11946
14166
17564
17795
15828
10674
9605
25345
28559
23887
31024
23806
20689
16048
9544
22288
20207
16897
13349
18227
16448
18186
12299
8386
23545
28075
29998
11768
14556
15121
7770
35832
41346
28154
36816
29216
35685
29383
12751
11109
20266
47457
45319
46036
36717
25705
26283
22539
19558
10608
9371
13312
10667
37981
46183
15209
25903
14188
13416
11900
26326
34266
6464
6440
4737
4923
39084
27331
25198
38293
12813
5640
57779
56380
46147
6285
5035
17172
14818
32342
12622
9950
9241
12634
11161
11943
4208
4977
4918
13924
15346
16940
30769
33858
39811
42450
15209
16718
18394
17715
16548
18458
16764
15367
7705
7928
11502
5613
5841
3343
26990
19777
34739
32788
32083
19757
18364
18984
17819
23568
44036
37786
38104
24085
26134
26405
29300
26026
25903
11006
31042
25356
12590
11770
5942
25576
21243
13274
12853
10837
15154
13991
14361
18168
15746
18644
14690
27962
27813
6675
6703
6529
27217
23018
15394
7804
13574
12084
6404
6326
6759
17569
5053
5251
10090
9467
10068
9581
35794
29739
26813
15899
11267
10050
16178
30557
31440
35184
41975
35798
52833
57803
13011
26324
30809
32243
34828
65586
65381
47801
26501
54974
33161
15325
12409
9959
26628
11400
11673
9067
8654
8916
15166
18846
17670
51852
58163
57181
9138
8163
11893
49789
57362
49738
25212
29098
27299
13722
10293
9981
12478
19309
18721
17868
25999
26496
25425
15776
15870
7338
8795
10549
8948
14722
14414
11486
13575
11830
17149
25413
23303
10924
10577
29246
6759
7090
5246
24813
18168
24709
7458
5415
7784
14550
15794
13488
13617
7881
27796
17577
4497
3969
36804
41325
30072
27748
12136
10056
7555
6525
17255
26213
31785
37142
27910
26093
18901
11850
12105
14618
6571
28955
54831
52145
14235
6811
10289
17219
26383
18501
12689
9994
7665
6775
7444
10244
15485
18685
9782
8737
12651
18192
30627
30547
29920
7036
6810
6884
26396
27101
27438
19003
12326
17955
18391
17769
16097
10527
9788
25357
23977
23738
29943
22820
18657
15661
10300
22821
20775
16578
13325
18213
16576
18343
12125
8308
22926
27411
34223
11228
13046
14761
7549
41277
44938
34927
37609
36809
31678
28999
12846
11411
18979
38027
45261
38629
37759
28741
25326
25332
20103
9646
8637
13515
10394
38723
50869
15241
17481
14330
14165
11925
27102
38323
6543
6439
4980
5085
35721
28546
26781
38360
11655
5531
49261
53718
45264
5595
4300
14499
15153
33232
11493
9956
9038
13032
11406
11854
4452
5072
5306
13995
15512
17410
27020
32667
44593
42386
17718
20255
18200
18031
16518
17978
16563
15523
7517
8369
11870
5820
5946
3388
27074
19307
