18427 29393 47820
10236 14818 25054
21984 34410 56394
22644 38062 60706
19655 30138 49793
18955 31823 50778
13340 21542 34882
9248 14565 23813
14986 21871 36857
30139 49506 79645
8066 13032 21098
26122 40666 66788
30984 50677 81661
17656 28613 46269
9637 14801 24438
14920 24457 39377
33110 52251 85361
9719 15916 25635
21108 34052 55160
33600 53292 86892
35377 66633 102010
17100 29482 46582
11532 18197 29729
9562 16255 25817
15072 27110 42182
20962 37956 58918
7219 10378 17597
5828 7945 13773
6564 9262 15826
21757 35592 57349
29338 44782 74120
15825 25133 40958
29938 47226 77164
19438 30270 49708
19224 34568 53792
22471 32379 54850
23158 36272 59430
10898 15765 26663
23499 42547 66046
20106 32310 52416
5026 7135 12161
19495 33783 53278
15609 26029 41638
16608 52224 68832
8904 674 9578
9351 16846 26197
28608 46010 74618
7169 12878 20047
19218 33262 52480
16800 31112 47912
9200 13776 22976
35353 58671 94024
8424 12464 20888
10416 15435 25851
15636 24522 40158
7727 10877 18604
43552 72179 115731
41215 69091 110306
33336 59515 92851
22892 38472 61364
6940 11228 18168
23131 36309 59440
7542 10124 17666
15709 22566 38275
10521 17675 28196
4471 7275 11746
7116 11693 18809
52387 90111 142498
9669 14994 24663
5569 8334 13903
6822 10839 17661
3748 6231 9979
25935 39979 65914
55396 91496 146892
16048 27565 43613
14334 23131 37465
19991 34240 54231
30225 47576 77801
22847 39746 62593
23735 43446 67181
6919 11509 18428
22942 44525 67467
38197 63249 101446
32831 50817 83648
32523 55752 88275
34474 52833 87307
14727 22274 37001
8137 13325 21462
19116 31244 50360
22450 37567 60017
33567 61060 94627
16641 27627 44268
15381 20637 36018
18935 31070 50005
5559 7976 13535
10978 16276 27254
12843 22178 35021
22686 32049 54735
14267 19934 34201
49081 76968 126049
17694 31916 49610
15751 26674 42425
22078 34882 56960
17108 31856 48964
5864 7366 13230
17054 29812 46866
16496 30317 46813
8535 13214 21749
18669 36400 55069
33949 60900 94849
13578 20272 33850
14838 22216 37054
27020 50143 77163
24657 39511 64168
3566 6832 10398
34973 59594 94567
21130 35370 56500
5019 7964 12983
3056 5325 8381
15173 21102 36275
4779 6320 11099
12814 16707 29521
14185 25279 39464
14534 23470 38004
24360 40016 64376
4296 7093 11389
9128 16373 25501
12798 19261 32059
48432 82010 130442
22744 39837 62581
18975 34694 53669
22741 43721 66462
33011 51486 84497
24402 46257 70659
18231 29825 48056
14935 22172 37107
23032 30653 53685
6533 10444 16977
15095 28207 43302
10432 17439 27871
5082 10230 15312
4185 7654 11839
7710 13013 20723
19280 34548 53828
22016 37609 59625
8154 14146 22300
15796 25686 41482
23093 38230 61323
13589 18750 32339
20479 35740 56219
33459 50753 84212
5770 7588 13358
9707 14991 24698
30182 48648 78830
8584 12827 21411
33981 67510 101491
32834 51170 84004
10590 17203 27793
15863 27580 43443
43927 77176 121103
19720 32444 52164
32431 54086 86517
15176 23210 38386
17600 34418 52018
19382 28579 47961
5468 9269 14737
12919 22654 35573
27578 44702 72280
20871 33219 54090
23649 39479 63128
10431 25065 35496
16473 31038 47511
6993 9931 16924
9240 15169 24409
9658 14068 23726
5249 7753 13002
10600 17505 28105
30376 47744 78120
18744 31668 50412
13164 20836 34000
7322 11247 18569
24214 40869 65083
7922 11239 19161
13950 24662 38612
18190 29258 47448
13153 18325 31478
9604 16167 25771
7176 14641 21817
8541 15572 24113
15096 25358 40454
10173 19313 29486
23345 36004 59349
8190 14447 22637
15457 25611 41068
21200 33042 54242
26116 44788 70904
17064 28223 45287
32919 53224 86143
10864 16401 27265
59200 76020 135220
33795 50418 84213
19606 33933 53539
11494 17783 29277
21945 33666 55611
13535 22173 35708
19018 32066 51084
6559 9094 15653
14831 25924 40755
16644 30056 46700
11766 18679 30445
30593 50342 80935
58610 78130 136740
10883 19969 30852
29895 52361 82256
15728 25387 41115
6486 9335 15821
13592 23984 37576
30436 45676 76112
21009 35401 56410
15079 25143 40222
15494 23108 38602
32976 60135 93111
24936 37868 62804
13676 22255 35931
15444 27232 42676
25269 41722 66991
32609 41468 74077
75180 76116 151296
9945 16170 26115
9685 15207 24892
3865 6127 9992
10705 15531 26236
15140 24405 39545
13562 24102 37664
24848 45332 70180
14437 24592 39029
8471 14306 22777
24812 41893 66705
16175 23514 39689
4831 7004 11835
24762 41468 66230
53544 98000 151544
21006 34995 56001
8508 17676 26184
24012 38422 62434
22000 33259 55259
6984 10113 17097
25385 43438 68823
14781 19094 33875
15668 26664 42332
44138 72534 116672
9443 17464 26907
26393 45962 72355
9889 16649 26538
5744 7518 13262
23171 36127 59298
21988 38548 60536
24274 45004 69278
34380 49243 83623
23760 37567 61327
34293 58640 92933
16449 26907 43356
34683 57665 92348
10285 17028 27313
8568 14866 23434
20917 35542 56459
47617 82768 130385
44145 76603 120748
16780 30975 47755
13911 23934 37845
9177 16978 26155
13149 20406 33555
37518 63218 100736
29102 51216 80318
14978 26787 41765
21827 33030 54857
20918 35722 56640
16155 27181 43336
21031 38344 59375
13425 24294 37719
10580 19094 29674
25316 42327 67643
18359 30888 49247
30169 51625 81794
5833 8890 14723
19335 36960 56295
14376 23081 37457
18261 33460 51721
7310 12116 19426
30727 47380 78107
16112 28108 44220
5708 7949 13657
51890 87615 139505
45110 80322 125432
23146 41041 64187
26434 40457 66891
13676 20481 34157
14003 24490 38493
16487 27469 43956
22595 37246 59841
31798 58835 90633
26317 37386 63703
43211 65012 108223
14010 21375 35385
44140 73778 117918
9635 15666 25301
17478 29608 47086
5250 9375 14625
15894 27401 43295
36115 68664 104779
11285 19130 30415
4465 6689 11154
