21881 23816 45697
12390 11615 24005
25158 28227 53385
27506 28764 56270
22869 24771 47640
22807 25465 48272
13999 14755 28754
10689 10066 20755
17998 19273 37271
37452 40470 77922
11490 10015 21505
30397 30936 61333
32253 35706 67959
21230 22593 43823
10578 10919 21497
16891 16494 33385
42964 43064 86028
13258 14644 27902
22553 25664 48217
39728 43415 83143
42391 56155 98546
22472 25805 48277
14913 16031 30944
13885 13868 27753
19063 23211 42274
25962 32470 58432
8811 9560 18371
7398 7286 14684
7922 6915 14837
27027 28139 55166
36021 37252 73273
19955 21286 41241
56572 39334 95906
22699 26469 49168
21537 28909 50446
19114 20684 39798
28654 29348 58002
14277 13789 28066
26806 34768 61574
25038 29463 54501
6398 5820 12218
21474 27888 49362
18519 20341 38860
20503 19183 39686
9138 381 9519
11876 13806 25682
32166 43726 75892
9714 10097 19811
22781 28522 51303
20033 24608 44641
10127 10927 21054
41409 42439 83848
10618 10626 21244
12757 12635 25392
18100 19338 37438
9284 8389 17673
54488 66075 120563
45493 53256 98749
38423 47295 85718
28334 31409 59743
8827 9941 18768
30912 32431 63343
13524 6755 20279
18611 17693 36304
14324 15706 30030
4770 5229 9999
7565 8201 15766
66763 72223 138986
11294 11162 22456
6892 6856 13748
8373 9463 17836
4979 5621 10600
33083 34365 67448
63866 71463 135329
19078 22459 41537
18350 20245 38595
21895 24893 46788
34296 38598 72894
27407 30128 57535
28525 31782 60307
9014 10468 19482
26945 32504 59449
46408 65891 112299
36541 38820 75361
38023 44472 82495
36591 39565 76156
16863 19686 36549
8871 9483 18354
22391 26552 48943
27393 30306 57699
40045 48707 88752
19208 21906 41114
16498 14649 31147
20984 25518 46502
6524 6034 12558
13185 12939 26124
15977 18246 34223
25056 28421 53477
15515 14462 29977
64629 69744 134373
19667 22803 42470
18961 21562 40523
34669 28954 63623
18678 25529 44207
7243 6398 13641
21193 26223 47416
18957 24077 43034
10404 10193 20597
22695 28592 51287
39272 52911 92183
15397 16513 31910
18300 18989 37289
34209 42109 76318
29621 31627 61248
4524 4916 9440
40020 48199 88219
24499 29373 53872
5927 5481 11408
3487 3728 7215
16388 16793 33181
6289 5255 11544
10926 11458 22384
18774 21715 40489
14461 15274 29735
27138 30686 57824
4901 5321 10222
10367 12392 22759
14484 14938 29422
62768 65096 127864
26949 28966 55915
21143 26437 47580
26888 30569 57457
35451 40842 76293
28555 36078 64633
23255 27170 50425
15530 16763 32293
20851 24639 45490
7752 8547 16299
16440 19274 35714
14016 14174 28190
6507 7178 13685
4638 5192 9830
8871 8317 17188
23081 28655 51736
28639 29776 58415
10538 12386 22924
17939 20087 38026
31696 34678 66374
15900 14637 30537
22790 26181 48971
39105 40098 79203
6726 5695 12421
12525 13142 25667
33163 34757 67920
11051 11340 22391
40867 58165 99032
38398 36471 74869
12740 14116 26856
17338 20152 37490
55155 68832 123987
20938 24574 45512
35123 37938 73061
17958 19389 37347
16934 23624 40558
17422 17452 34874
6522 7287 13809
15685 18078 33763
30051 32310 62361
24029 25594 49623
29792 29428 59220
12361 13954 26315
19699 25996 45695
8558 7693 16251
9729 10472 20201
11316 11346 22662
5845 5480 11325
11576 13359 24935
32629 33792 66421
23584 28990 52574
15597 16092 31689
7747 7807 15554
26884 28243 55127
9208 8265 17473
14305 15162 29467
18122 20637 38759
12711 14181 26892
10221 9927 20148
7508 9903 17411
9020 10890 19910
17153 18988 36141
10916 14319 25235
22324 25901 48225
8989 9597 18586
16495 18198 34693
23691 25151 48842
31045 33759 64804
17686 18521 36207
32064 34531 66595
13539 12386 25925
43344 53492 96836
33343 33442 66785
19406 24138 43544
14636 14107 28743
26519 27614 54133
16000 17371 33371
20783 23939 44722
7420 6729 14149
15565 18285 33850
18350 21993 40343
13723 13560 27283
33868 36273 70141
52415 62835 115250
13877 16482 30359
32247 33386 65633
18149 19951 38100
6775 6450 13225
14385 28297 42682
34821 35382 70203
24192 28976 53168
17384 15879 33263
17209 18237 35446
38967 42448 81415
29668 32233 61901
14982 15299 30281
17556 20927 38483
33800 34943 68743
27895 31079 58974
49412 55725 105137
12998 13611 26609
10627 11386 22013
4740 4782 9522
12777 11774 24551
18032 19522 37554
17661 21145 38806
30990 35457 66447
18492 21605 40097
9593 10771 20364
30654 40207 70861
18343 17484 35827
5267 5166 10433
25517 30683 56200
60092 66380 126472
23635 25494 49129
9094 11266 20360
29307 31197 60504
26714 29386 56100
8234 7709 15943
31081 34360 65441
15729 15473 31202
19187 21665 40852
51577 63447 115024
11047 13582 24629
31017 35499 66516
10991 11772 22763
6839 5732 12571
26900 26188 53088
28920 31477 60397
30958 34875 65833
39108 42310 81418
27832 29477 57309
38087 43298 81385
20679 23560 44239
34423 42763 77186
12115 13294 25409
8928 10962 19890
24111 29210 53321
51241 65475 116716
51460 62403 113863
20903 22031 42934
16919 21409 38328
11014 13330 24344
15014 15710 30724
45558 50311 95869
31375 36201 67576
17671 19423 37094
22194 25473 47667
28062 32029 60091
18021 19367 37388
24537 30134 54671
16911 22098 39009
13196 13877 27073
30564 31976 62540
21723 23895 45618
34804 41825 76629
6405 6547 12952
22835 27437 50272
14746 14257 29003
20165 23985 44150
7990 8271 16261
35168 40610 75778
18624 21786 40410
6762 6213 12975
64594 73017 137611
51636 59178 110814
29147 32979 62126
21447 28482 49929
16881 17767 34648
18162 22690 40852
19417 21494 40911
28325 29732 58057
38234 45186 83420
33562 33037 66599
51449 61180 112629
17934 16310 34244
51397 61275 112672
12360 12996 25356
19845 23275 43120
6130 6494 12624
19177 22485 41662
42251 54262 96513
14191 15996 30187
5579 5622 11201
