22051 33580 55631
10346 14694 25040
22117 34080 56197
22453 34639 57092
22456 32363 54819
19419 27055 46474
14100 20118 34218
10271 13557 23828
17164 23139 40303
28940 42526 71466
9365 13114 22479
29685 38195 67880
30198 42554 72752
19830 29297 49127
10228 13592 23820
16516 21563 38079
32762 45195 77957
11493 16332 27825
20971 33177 54148
32502 45038 77540
38015 67591 105606
18280 29521 47801
13809 18703 32512
10451 15920 26371
16253 25891 42144
20343 32140 52483
8410 9735 18145
6088 7022 13110
7126 8528 15654
26231 37756 63987
30865 42023 72888
16662 23667 40329
29892 44107 73999
19217 28311 47528
19053 32224 51277
17236 25495 42731
27814 41024 68838
12339 16081 28420
23601 39497 63098
21625 35465 57090
6106 7272 13378
21524 33129 54653
17311 25064 42375
16419 22885 39304
8621 543 9164
9337 14223 23560
33368 47672 81040
7871 10733 18604
21384 32980 54364
18989 27190 46179
8986 12347 21333
40403 55740 96143
9694 12922 22616
11337 15253 26590
15383 21016 36399
7715 9097 16812
50721 75519 126240
48642 71148 119790
39405 56016 95421
24222 37333 61555
8210 11699 19909
24872 35622 60494
7785 9499 17284
17426 21128 38554
12111 18905 31016
4707 6388 11095
7736 11513 19249
58744 86951 145695
9456 12369 21825
6390 7950 14340
7451 9237 16688
4067 6261 10328
32408 43082 75490
68205 95871 164076
17208 26112 43320
17312 25785 43097
20944 31462 52406
32512 48861 81373
28254 40633 68887
30335 42008 72343
7287 10456 17743
25501 42434 67935
45926 59601 105527
31712 42828 74540
37143 57273 94416
32764 44647 77411
16988 23018 40006
7612 11276 18888
22136 32763 54899
22668 33342 56010
40807 65048 105855
18672 28576 47248
16206 18772 34978
20956 33472 54428
6377 8197 14574
12453 16900 29353
14303 20444 34747
27116 31544 58660
15078 18910 33988
55305 79870 135175
19354 29702 49056
16943 25318 42261
22746 33004 55750
17715 31403 49118
5902 6897 12799
19405 31030 50435
15567 31852 47419
8949 11653 20602
18548 29413 47961
34638 54206 88844
13208 22417 35625
15538 19782 35320
27815 46298 74113
27254 42881 70135
3772 5279 9051
38700 61189 99889
21931 35113 57044
6204 7478 13682
3122 4622 7744
14930 19426 34356
6625 6255 12880
9814 14105 23919
16137 25639 41776
13547 19048 32595
23095 36912 60007
4899 6004 10903
9671 15329 25000
14359 20007 34366
51794 80449 132243
24526 38458 62984
18621 29968 48589
26310 30420 56730
33862 47531 81393
24170 38934 63104
20749 32424 53173
14737 20655 35392
21505 31832 53337
6282 9039 15321
15888 24896 40784
12444 15792 28236
5029 7308 12337
4294 6771 11065
8064 10221 18285
20815 32895 53710
24088 34031 58119
10265 15184 25449
16935 23917 40852
29070 33558 62628
15332 19406 34738
20049 30431 50480
36125 48112 84237
5984 6253 12237
10924 16322 27246
29235 44016 73251
9416 12082 21498
36442 69466 105908
36558 48166 84724
10818 16304 27122
17700 29391 47091
47405 78312 125717
21051 31785 52836
35785 51406 87191
15473 21931 37404
16737 33110 49847
17410 23721 41131
6005 8717 14722
14547 21438 35985
27671 39051 66722
22512 30958 53470
31095 36775 67870
10820 15998 26818
18439 41822 60261
7733 8941 16674
9914 14635 24549
9108 12830 21938
6613 9073 15686
10342 15705 26047
32163 41196 73359
21402 33879 55281
14276 20213 34489
8989 9365 18354
26000 32069 58069
8408 10090 18498
14180 20347 34527
18397 27687 46084
11268 17286 28554
10381 15447 25828
7753 14501 22254
10353 15901 26254
17761 24425 42186
11689 17739 29428
22332 34246 56578
8341 11772 20113
17391 25214 42605
21738 32816 54554
27675 38217 65892
16114 23028 39142
29694 47237 76931
11236 14546 25782
42566 66160 108726
31378 41148 72526
18435 31104 49539
11809 17110 28919
23032 33973 57005
16970 19254 36224
20731 32376 53107
7130 8743 15873
16279 24176 40455
16627 26093 42720
13577 17711 31288
32363 43853 76216
43672 63479 107151
13502 19651 33153
33113 45371 78484
15925 24472 40397
6903 8666 15569
15171 22541 37712
32491 44286 76777
23056 35642 58698
16832 21262 38094
17022 24038 41060
38372 58611 96983
24838 36768 61606
12685 17603 30288
15089 23639 38728
28259 40314 68573
24732 38652 63384
45413 70675 116088
10987 15681 26668
10630 14147 24777
4783 6470 11253
10134 12817 22951
15995 22662 38657
16177 24980 41157
25289 43508 68797
16717 25735 42452
9158 13333 22491
27020 38548 65568
16759 21195 37954
4816 6262 11078
25044 32995 58039
58157 85305 143462
22577 32547 55124
7355 12699 20054
25474 35825 61299
23878 33512 57390
7535 9391 16926
29157 40196 69353
14498 19076 33574
17212 26915 44127
44575 65165 109740
10024 15735 25759
27091 37961 65052
9896 13921 23817
6325 7052 13377
24264 32774 57038
24840 35946 60786
28438 45027 73465
32956 45280 78236
25522 37188 62710
36135 55699 91834
19527 28170 47697
33098 55610 88708
10935 15409 26344
8696 13858 22554
22037 30182 52219
49007 78256 127263
47059 76783 123842
19150 27881 47031
15319 25055 40374
10127 15447 25574
16963 18647 35610
46939 78635 125574
31022 47999 79021
16195 26013 42208
22069 35260 57329
24221 37539 61760
17233 25906 43139
21839 35939 57778
15655 24642 40297
11279 14656 25935
30168 41483 71651
21515 32212 53727
32681 49842 82523
6298 8128 14426
20694 34557 55251
14144 23430 37574
18289 27310 45599
7932 11269 19201
30157 42772 72929
18042 27330 45372
7448 8235 15683
61374 86028 147402
50127 72380 122507
25233 39368 64601
20400 34240 54640
15885 24046 39931
23582 26008 49590
17415 26866 44281
38673 34932 73605
33778 48884 82662
30848 39123 69971
44235 64327 108562
14828 20088 34916
43536 65611 109147
11314 15843 27157
18561 27542 46103
5839 8546 14385
15797 23465 39262
38327 64028 102355
12065 18588 30653
5298 7195 12493
