4940 52205 57145
2717 31546 34263
6021 60617 66638
6435 66188 72623
6033 60237 66270
5836 57616 63452
2949 33162 36111
2647 27506 30153
3875 41905 45780
8068 95494 103562
2554 26465 29019
6545 64243 70788
7727 85872 93599
5255 50808 56063
2604 27568 30172
4212 43259 47471
7907 80830 88737
2880 31952 34832
5667 53237 58904
8881 92112 100993
9324 104888 114212
4987 52597 57584
3098 32503 35601
3218 26001 29219
4053 42987 47040
5178 58212 63390
1952 20715 22667
1589 17145 18734
1625 18468 20093
5991 63776 69767
8107 81277 89384
4657 46023 50680
7268 72537 79805
6157 57185 63342
5410 53259 58669
5040 53100 58140
6927 70898 77825
2806 34120 36926
5705 61082 66787
5403 55422 60825
1259 14018 15277
5296 58398 63694
4557 48987 53544
4823 49641 54464
6444 6478 12922
3279 26897 30176
7206 82843 90049
2050 23785 25835
5775 57611 63386
5691 56055 61746
2319 23780 26099
10269 104760 115029
2437 23512 25949
3015 29641 32656
3771 39291 43062
1867 21616 23483
12650 136441 149091
11982 118080 130062
8731 93221 101952
6511 71889 78400
1808 20651 22459
6973 68798 75771
1716 20234 21950
4431 41629 46060
3140 35405 38545
1283 13160 14443
2206 22503 24709
14231 162916 177147
2461 27591 30052
1707 16300 18007
2061 20421 22482
1278 12256 13534
6997 70596 77593
15843 161273 177116
4537 47985 52522
4613 45665 50278
5616 57240 62856
7754 71808 79562
6113 70654 76767
6680 71237 77917
2164 23171 25335
6295 71194 77489
12433 113876 126309
8494 87599 96093
9487 95589 105076
8800 90756 99556
3622 38206 41828
2361 24696 27057
5110 52501 57611
6660 69749 76409
9855 99324 109179
5309 52573 57882
3584 35481 39065
5292 54320 59612
1483 17158 18641
2794 29529 32323
3193 35280 38473
5990 60511 66501
3413 33345 36758
14312 145768 160080
5136 55052 60188
4879 51516 56395
10958 62824 73782
5066 55357 60423
1529 14724 16253
5346 54208 59554
4796 53697 58493
2836 27008 29844
5489 54270 59759
10086 106919 117005
3259 34335 37594
3678 38849 42527
7711 81715 89426
7018 70056 77074
1325 11069 12394
11091 110032 121123
5182 55910 61092
1353 13835 15188
1433 10264 11697
3761 38436 42197
1256 12595 13851
2837 29257 32094
3831 46904 50735
3142 34847 37989
6329 64261 70590
1331 11970 13301
2578 30671 33249
3439 35806 39245
14530 153134 167664
5866 61225 67091
5446 52034 57480
5569 60170 65739
9005 93027 102032
6016 74847 80863
5400 51230 56630
3560 39332 42892
4805 50795 55600
1552 18671 20223
3789 42213 46002
2958 32993 35951
1467 15829 17296
1062 11514 12576
1765 18444 20209
4872 82029 86901
5681 65638 71319
2276 24616 26892
4553 47594 52147
6193 65665 71858
3530 34908 38438
5778 59106 64884
8488 87634 96122
1692 13588 15280
2799 29649 32448
7174 72687 79861
2557 26756 29313
9365 100483 109848
8775 89655 98430
2578 27984 30562
4269 44474 48743
11129 121663 132792
5564 57143 62707
8785 86314 95099
4053 40994 45047
4504 52477 56981
3766 42463 46229
1700 17931 19631
3466 38719 42185
7568 76077 83645
5018 53412 58430
6696 73061 79757
2711 27182 29893
5416 58438 63854
1825 19582 21407
2459 26342 28801
2562 27033 29595
1260 15530 16790
2686 27606 30292
7274 74906 82180
5880 60164 66044
3888 41097 44985
2097 20023 22120
6519 69030 75549
2146 19812 21958
3446 39964 43410
5119 52296 57415
2739 28803 31542
2670 27781 30451
1868 21666 23534
2355 27541 29896
3820 41656 45476
2783 33372 36155
5082 55534 60616
2605 26603 29208
4601 46855 51456
5301 57460 62761
6224 65551 71775
4579 43008 47587
7464 76121 83585
2583 29921 32504
11901 107983 119884
8258 87546 95804
4646 53107 57753
2994 33799 36793
8626 59982 68608
3671 39924 43595
5451 51792 57243
2075 17982 20057
3993 43858 47851
4659 46874 51533
3214 34774 37988
7736 78907 86643
13245 133480 146725
2860 34246 37106
7205 79063 86268
4061 44782 48843
1989 16106 18095
3612 40588 44200
7727 84789 92516
6321 62866 69187
4279 42735 47014
3733 41365 45098
9784 93831 103615
6195 63362 69557
3547 38178 41725
4378 46951 51329
6487 68884 75371
6271 66977 73248
12754 124821 137575
2917 33818 36735
2370 25950 28320
1195 12038 13233
2545 27048 29593
3921 42571 46492
4273 44969 49242
6965 75688 82653
4863 49246 54109
2449 25413 27862
8331 66571 74902
3927 43454 47381
1092 12504 13596
5312 58799 64111
13926 152468 166394
5473 56753 62226
2208 22679 24887
6302 60266 66568
5965 59104 65069
1638 18844 20482
6884 66739 73623
3551 36474 40025
4229 45653 49882
12639 127500 140139
2405 27276 29681
6400 77030 83430
2416 26025 28441
1472 13904 15376
6017 57911 63928
6111 67123 73234
6409 71785 78194
8530 93124 101654
5969 62415 68384
9900 94478 104378
4671 48980 53651
7414 96961 104375
3176 27974 31150
2360 24240 26600
5662 59875 65537
12530 124366 136896
12584 139771 152355
5637 50988 56625
4323 45426 49749
2932 28749 31681
3317 32079 35396
10879 105648 116527
7389 83331 90720
4365 42963 47328
5713 61088 66801
5860 62714 68574
4559 47620 52179
5415 57159 62574
4242 46027 50269
3067 26694 29761
7200 71130 78330
5211 51590 56801
7383 82088 89471
1900 15217 17117
5573 60840 66413
3711 39112 42823
4925 54353 59278
2257 21323 23580
6861 76996 83857
5146 51098 56244
1793 14792 16585
13541 145451 158992
12637 129214 141851
6683 67392 74075
5489 55496 60985
4366 37561 41927
4101 43227 47328
4435 44059 48494
6071 63764 69835
9107 97894 107001
7390 73581 80971
11775 114169 125944
4026 42417 46443
11990 114732 126722
2941 29741 32682
5298 51556 56854
1418 15744 17162
4379 44037 48416
10037 102746 112783
2942 33795 36737
1272 13613 14885
