9643 47221 56864
4984 26366 31350
10977 54810 65787
10594 56130 66724
10202 50532 60734
8972 47173 56145
5821 33737 39558
4563 22749 27312
7408 39327 46735
12568 73009 85577
4339 23157 27496
11433 58048 69481
13131 76894 90025
8896 46253 55149
4897 24851 29748
7334 39873 47207
13914 77787 91701
5593 28738 34331
9839 50601 60440
15937 82046 97983
17717 107418 125135
7896 42555 50451
5524 29011 34535
4435 24234 28669
7624 43503 51127
9500 57335 66835
3583 19317 22900
2591 13395 15986
2738 14415 17153
10300 54205 64505
12385 64495 76880
8674 40291 48965
12721 67154 79875
9890 52457 62347
8786 47770 56556
8693 46894 55587
12736 61433 74169
6158 30403 36561
11836 60487 72323
10641 57748 68389
2419 11405 13824
9614 52676 62290
7401 40287 47688
7648 39721 47369
9993 3468 13461
4849 24395 29244
12573 70537 83110
3943 20511 24454
9742 52474 62216
9238 50411 59649
4368 21798 26166
17388 94898 112286
4553 22755 27308
5719 26120 31839
6919 37607 44526
3352 18858 22210
22964 133710 156674
19676 101484 121160
16481 87941 104422
11663 57819 69482
3146 18804 21950
12930 59997 72927
3176 17312 20488
7296 36539 43835
5138 27495 32633
2176 10740 12916
3423 18901 22324
25362 124476 149838
4911 26301 31212
2474 13488 15962
2939 17310 20249
1893 10089 11982
12053 65791 77844
25613 130085 155698
7943 41669 49612
7540 36591 44131
9430 51874 61304
12188 66016 78204
11977 67061 79038
10925 57600 68525
3673 20264 23937
10611 57061 67672
20505 105802 126307
14949 77090 92039
19259 93649 112908
15487 80172 95659
7082 38190 45272
3712 19217 22929
10315 54855 65170
11525 59921 71446
17653 92524 110177
10656 44356 55012
7871 33035 40906
10401 56940 67341
2432 14392 16824
5186 25392 30578
6202 34958 41160
9674 50366 60040
5372 28814 34186
24381 115410 139791
8598 48940 57538
8048 41318 49366
12304 60917 73221
8476 44411 52887
2589 14118 16707
8245 45037 53282
7102 43904 51006
4244 21526 25770
8573 49132 57705
17119 94358 111477
5859 33353 39212
7796 48022 55818
14738 79722 94460
11384 66958 78342
2187 11430 13617
21610 104630 126240
9512 51109 60621
2734 11679 14413
1486 8016 9502
6830 35995 42825
2624 11685 14309
5075 26041 31116
5899 36218 42117
6375 33653 40028
12442 59732 72174
2049 11694 13743
4377 24476 28853
6226 32040 38266
23996 125600 149596
10484 53002 63486
10626 52970 63596
10825 57044 67869
14237 75264 89501
11753 62604 74357
8966 52243 61209
6099 35501 41600
12288 55000 67288
2858 18851 21709
8602 50277 58879
5143 26186 31329
2577 12786 15363
2381 11091 13472
3118 16754 19872
10162 55188 65350
11016 55324 66340
4028 21954 25982
8004 43038 51042
11165 56223 67388
6580 34929 41509
10412 54135 64547
15894 78542 94436
2670 13467 16137
7451 26971 34422
13242 71704 84946
5020 23760 28780
17221 104397 121618
15691 82526 98217
5282 28097 33379
7406 39030 46436
32565 138403 170968
10053 51774 61827
16457 87967 104424
7928 40444 48372
9635 68550 78185
9356 49281 58637
3947 23167 27114
6473 40637 47110
13033 79598 92631
11419 62534 73953
13632 69424 83056
5630 29221 34851
9911 68866 78777
3639 17880 21519
4875 28120 32995
5145 28276 33421
3680 28611 32291
6131 31561 37692
22034 111952 133986
13294 55014 68308
6259 37403 43662
3775 24185 27960
11838 70460 82298
3821 20724 24545
6665 42891 49556
9201 55602 64803
5742 32588 38330
4943 25942 30885
4895 27660 32555
4575 24849 29424
7001 37128 44129
5646 30588 36234
11624 58633 70257
4360 23806 28166
8240 46593 54833
10700 59795 70495
13162 64567 77729
7748 38873 46621
13655 80514 94169
6354 27791 34145
23276 114731 138007
14889 92650 107539
9012 47862 56874
5731 31332 37063
12845 57560 70405
5867 31215 37082
9139 46199 55338
3065 17046 20111
7200 37527 44727
11176 44512 55688
5307 31406 36713
14302 80995 95297
21412 114563 135975
6330 31955 38285
14245 71917 86162
6466 37631 44097
2598 13667 16265
6265 34825 41090
14894 79416 94310
15071 73892 88963
6521 33661 40182
6332 38232 44564
17742 95090 112832
12374 65736 78110
6031 32946 38977
11841 52158 63999
12735 93929 106664
11575 60129 71704
20860 114580 135440
6059 30741 36800
4298 23018 27316
2122 11870 13992
5428 26523 31951
6330 34377 40707
8077 41469 49546
12291 68592 80883
7632 43910 51542
3781 21738 25519
12589 66353 78942
6610 33169 39779
2521 10825 13346
10679 58860 69539
23765 122503 146268
10056 47306 57362
3480 19745 23225
10945 54704 65649
12313 60404 72717
3189 17923 21112
12146 70438 82584
6513 32443 38956
8615 48543 57158
25208 108719 133927
4214 24074 28288
13412 69148 82560
4703 24106 28809
2647 13414 16061
11070 50577 61647
11667 65940 77607
15179 84811 99990
14621 76646 91267
20794 59040 79834
16639 86730 103369
9049 47608 56657
14147 99766 113913
5191 26795 31986
3988 21309 25297
11900 54112 66012
26358 120261 146619
22763 124954 147717
10806 49410 60216
7067 40416 47483
5237 29220 34457
6203 32499 38702
26088 107754 133842
14358 85963 100321
10080 56636 66716
9854 58535 68389
12004 63501 75505
7187 44050 51237
9651 60632 70283
6636 36793 43429
5091 26787 31878
12988 65824 78812
11340 57672 69012
13461 79271 92732
2486 13247 15733
8644 49550 58194
5663 37683 43346
8140 46544 54684
3446 19700 23146
13380 75995 89375
8129 45934 54063
2567 12539 15106
24658 147363 172021
23002 133707 156709
11613 60551 72164
9914 55241 65155
7556 39842 47398
8090 41449 49539
8926 48769 57695
13428 64573 78001
16389 92152 108541
12989 65202 78191
22147 105214 127361
8390 39872 48262
22599 120270 142869
5440 28361 33801
8763 47228 55991
2751 13315 16066
9196 45750 54946
18909 125666 144575
6395 30675 37070
2484 12726 15210
