12032 35992 48024
7273 22810 30083
14551 42531 57082
15354 46930 62284
13693 41300 54993
13342 41693 55035
8289 25422 33711
6225 18012 24237
10683 30819 41502
20049 64987 85036
5702 17231 22933
18779 54512 73291
18251 58178 76429
12317 37797 50114
6338 21730 28068
9828 27647 37475
23018 65967 88985
6682 22778 29460
14482 45525 60007
23028 68938 91966
24310 83493 107803
11878 37999 49877
8443 26198 34641
6682 21546 28228
11364 34704 46068
14211 49131 63342
5193 14228 19421
4071 11973 16044
4318 12746 17064
14810 44594 59404
19076 59155 78231
10781 29990 40771
20364 60587 80951
13144 42805 55949
13218 43490 56708
12010 37793 49803
16925 53081 70006
7965 23041 31006
15529 52736 68265
14445 43436 57881
3270 9702 12972
13670 44177 57847
11852 34235 46087
12309 35312 47621
7944 1489 9433
6484 22848 29332
20032 64177 84209
5428 17552 22980
13735 44242 57977
12601 42027 54628
5658 16725 22383
25340 80834 106174
6419 18815 25234
9187 23709 32896
10036 33523 43559
6220 16658 22878
31225 97163 128388
26968 83782 110750
24904 75259 100163
16044 50872 66916
5040 15829 20869
16412 48806 65218
4589 13215 17804
10286 27533 37819
7663 24255 31918
2878 9490 12368
4791 14979 19770
37523 116304 153827
6163 18725 24888
3613 10736 14349
4322 14291 18613
2690 8378 11068
17495 53037 70532
37538 115869 153407
12397 31730 44127
10958 30634 41592
14235 43913 58148
21629 56924 78553
16488 53939 70427
15881 50984 66865
5648 16203 21851
15887 51728 67615
28915 89157 118072
20537 58627 79164
24969 79885 104854
22525 65978 88503
10116 28818 38934
5240 16442 21682
13307 41426 54733
16794 52470 69264
24859 76562 101421
12553 38794 51347
9503 26028 35531
13746 45167 58913
3639 11484 15123
8109 24291 32400
9041 31214 40255
14433 43134 57567
8606 25252 33858
36565 131773 168338
14804 42906 57710
10751 35002 45753
15754 47484 63238
10624 36592 47216
4144 11328 15472
12154 37381 49535
11187 37955 49142
6587 19256 25843
12535 44427 56962
25991 78113 104104
8431 26283 34714
9549 28019 37568
17236 59004 76240
16948 52915 69863
2512 8260 10772
23992 76278 100270
14551 47899 62450
3528 10235 13763
2307 7163 9470
9424 27381 36805
3237 8898 12135
6894 21863 28757
9304 32768 42072
8892 29151 38043
15798 48504 64302
3149 8983 12132
6804 21092 27896
8348 25242 33590
33344 110501 143845
16156 52500 68656
12420 41381 53801
15425 80950 96375
20875 65855 86730
15454 54745 70199
13403 43577 56980
8388 27029 35417
12603 46079 58682
4254 13743 17997
11274 33996 45270
7376 23134 30510
3340 11198 14538
3004 9653 12657
4598 14200 18798
13659 45390 59049
20330 51763 72093
6455 19596 26051
11590 33562 45152
14779 46307 61086
9489 28312 37801
14434 42634 57068
20605 59110 79715
4091 10253 14344
7197 22350 29547
20309 62560 82869
8561 17117 25678
24173 79594 103767
22208 65556 87764
6735 21344 28079
12132 36485 48617
30722 108339 139061
12824 40598 53422
23597 69369 92966
11215 30153 41368
11216 39561 50777
10936 32566 43502
4022 13218 17240
8718 29159 37877
17352 53359 70711
13530 40016 53546
16487 51101 67588
7143 23121 30264
12563 53234 65797
5424 14338 19762
5611 20323 25934
6688 19736 26424
3434 10496 13930
6867 21397 28264
19981 58030 78011
13626 41953 55579
9001 28296 37297
4334 13183 17517
14924 46646 61570
5534 14725 20259
8371 26211 34582
12552 38143 50695
6546 21185 27731
6670 19643 26313
4794 16300 21094
5826 20758 26584
9611 30347 39958
6814 25287 32101
14149 41860 56009
6048 18314 24362
10659 29928 40587
14752 48155 62907
16817 54097 70914
11545 31708 43253
19044 58317 77361
7320 21806 29126
26526 81802 108328
20596 62820 83416
11178 38968 50146
8419 22982 31401
16398 49458 65856
8515 26520 35035
12294 40444 52738
4304 13124 17428
10138 30828 40966
11276 35782 47058
8296 25353 33649
19680 73881 93561
30465 97415 127880
7027 23744 30771
19264 58591 77855
10899 30208 41107
3745 11777 15522
8137 27209 35346
20648 64293 84941
13598 42939 56537
9722 27077 36799
9789 28899 38688
26649 76404 103053
15377 50054 65431
8834 28017 36851
10984 33103 44087
17984 55006 72990
15949 49156 65105
29717 107516 137233
7104 23192 30296
6156 18968 25124
2703 8641 11344
6665 19250 25915
10163 30729 40892
10367 30642 41009
17184 57902 75086
11791 33014 44805
5810 18601 24411
16029 54468 70497
10568 29791 40359
3172 8401 11573
14665 48079 62744
34326 116338 150664
13212 40761 53973
5693 18078 23771
15197 46816 62013
15737 47885 63622
4696 14227 18923
17011 52749 69760
8241 24938 33179
12198 37228 49426
31644 92017 123661
6327 20498 26825
17071 54127 71198
6483 19578 26061
3923 10544 14467
14988 43279 58267
15894 51044 66938
16952 56325 73277
22534 67590 90124
15756 48963 64719
24821 71661 96482
12556 38279 50835
19651 74283 93934
7925 22189 30114
5263 17274 22537
13908 42416 56324
31646 97319 128965
30483 100515 130998
12731 39789 52520
9884 30802 40686
6737 22128 28865
8518 26114 34632
27267 86561 113828
17416 59194 76610
11404 34942 46346
13857 46277 60134
16893 48864 65757
12667 32586 45253
16569 47687 64256
11125 32051 43176
6818 23384 30202
18289 51951 70240
15505 46865 62370
22345 66702 89047
4170 11632 15802
14319 50844 65163
8968 27556 36524
13243 46100 59343
4997 14615 19612
17932 59962 77894
12012 36931 48943
3409 10483 13892
35613 115684 151297
31128 94021 125149
15943 51952 67895
12747 43518 56265
10106 28119 38225
11066 35782 46848
12432 35238 47670
15516 48997 64513
22749 72029 94778
17464 51091 68555
30567 95237 125804
9839 27937 37776
30719 96714 127433
6871 20744 27615
11073 33931 45004
3578 12078 15656
11153 32322 43475
23455 79325 102780
7751 25111 32862
3274 10040 13314
