23272 16143 39415
14121 10021 24142
29432 22834 52266
29433 23625 53058
25882 19665 45547
22891 18155 41046
16750 14245 30995
12197 8110 20307
18961 13147 32108
35401 29868 65269
12973 8863 21836
35087 26786 61873
41143 32818 73961
24873 20108 44981
12453 7822 20275
20308 15068 35376
40809 34058 74867
13824 10293 24117
27080 20013 47093
42832 35067 77899
47563 48634 96197
21687 16514 38201
17264 13566 30830
13513 10928 24441
18575 17177 35752
29320 27440 56760
9023 5840 14863
7285 4816 12101
8416 5790 14206
27604 23732 51336
38800 26856 65656
18964 14158 33122
37020 33098 70118
29392 19421 48813
24597 23238 47835
20995 16870 37865
33023 23409 56432
15125 11032 26157
29955 29842 59797
28927 24226 53153
6186 4182 10368
23334 20729 44063
19269 15166 34435
20562 16417 36979
9142 260 9402
11445 9607 21052
38842 33174 72016
9836 7173 17009
24790 22564 47354
22073 22008 44081
10951 8449 19400
47646 37890 85536
11674 8608 20282
13438 9876 23314
21713 16792 38505
10823 7158 17981
64992 50233 115225
54914 47701 102615
48039 42390 90429
43114 33835 76949
10929 9567 20496
35930 28513 64443
9206 7096 16302
20377 14245 34622
14963 12185 27148
5534 4511 10045
8499 6553 15052
70052 62552 132604
13759 9751 23510
7543 5330 12873
8124 6271 14395
4900 3984 8884
32728 26256 58984
85131 71517 156648
18358 15277 33635
22875 16395 39270
23719 19676 43395
37519 31187 68706
29930 24937 54867
30496 26735 57231
8805 7128 15933
28635 25065 53700
53693 45123 98816
37280 31202 68482
44262 39314 83576
43638 34640 78278
19713 15900 35613
10762 8340 19102
24972 20138 45110
30529 23629 54158
47653 41388 89041
21704 17293 38997
17664 11183 28847
23091 20868 43959
7823 5320 13143
14504 10506 25010
16345 14604 30949
27829 20857 48686
16485 11190 27675
64358 52570 116928
22888 19568 42456
20665 16406 37071
29883 23789 53672
21949 20706 42655
7450 4546 11996
22327 19393 41720
19892 17109 37001
11038 7859 18897
23082 20549 43631
44311 38851 83162
16379 14608 30987
19945 15154 35099
37246 35915 73161
34875 27560 62435
4638 3405 8043
43213 41370 84583
28103 21805 49908
6500 5777 12277
3683 3023 6706
19497 15238 34735
6100 3620 9720
13912 10468 24380
18904 14756 33660
18343 14668 33011
32645 27684 60329
4862 4081 8943
13674 11477 25151
17113 13396 30509
71703 61788 133491
31794 26877 58671
25279 23613 48892
28356 22727 51083
38235 33939 72174
32997 31664 64661
22619 19451 42070
17206 15843 33049
25242 21118 46360
8440 7096 15536
17420 15317 32737
15231 11410 26641
7208 5802 13010
4931 4193 9124
8917 10612 19529
26062 23101 49163
28177 21253 49430
11976 8520 20496
21005 16002 37007
33065 27275 60340
18061 13078 31139
24640 20804 45444
44960 32897 77857
7104 4121 11225
14631 11027 25658
37915 32693 70608
11121 7782 18903
44787 46464 91251
41302 31617 72919
15033 11451 26484
21045 17782 38827
62237 52043 114280
24314 19947 44261
42010 35884 77894
18520 14658 33178
18707 19502 38209
23434 16343 39777
7647 6972 14619
19928 16666 36594
35860 35258 71118
27088 21487 48575
37563 26360 63923
13172 10202 23374
22045 22580 44625
9160 5863 15023
11970 9418 21388
11614 8025 19639
7043 4711 11754
13294 10448 23742
37923 31373 69296
27985 28087 56072
17863 14480 32343
9064 6802 15866
29846 23236 53082
9808 6394 16202
15708 13011 28719
20058 16269 36327
13216 9936 23152
11690 7926 19616
9577 9101 18678
10646 9461 20107
21043 17486 38529
15150 12423 27573
26960 21351 48311
10462 7680 18142
18712 14780 33492
27508 21921 49429
33884 26952 60836
18787 14856 33643
38641 31312 69953
13226 8898 22124
52230 47156 99386
40186 29692 69878
22057 21562 43619
15851 10979 26830
31594 25110 56704
15948 12936 28884
23864 19344 43208
8417 5649 14066
18003 16439 34442
20621 18299 38920
15560 10964 26524
36032 31395 67427
62159 49118 111277
13959 11939 25898
37232 30056 67288
18333 14869 33202
7630 5711 13341
15834 13543 29377
40317 31225 71542
27489 21743 49232
18660 13195 31855
20526 15575 36101
43578 34344 77922
34513 24416 58929
16166 12329 28495
18496 16282 34778
35564 29287 64851
33085 26923 60008
56335 46297 102632
17318 12897 30215
12280 9254 21534
5359 3643 9002
14022 9684 23706
19515 15838 35353
19905 18002 37907
31421 32215 63636
20937 18208 39145
11256 8272 19528
35012 28915 63927
20067 15225 35292
7465 5471 12936
28998 24555 53553
71403 60514 131917
25451 19541 44992
10114 9376 19490
31678 25213 56891
29744 21796 51540
9337 5511 14848
34598 29363 63961
16587 11683 28270
21762 18311 40073
64992 49398 114390
11718 10073 21791
32706 27611 60317
11180 8496 19676
7494 4475 11969
31920 20727 52647
31533 24850 56383
35198 32904 68102
44336 33623 77959
35115 26364 61479
45115 35173 80288
23083 19474 42557
37508 39453 76961
15033 11153 26186
11003 9751 20754
26447 24167 50614
68971 58789 127760
56987 48496 105483
28115 17691 45806
19006 18356 37362
14466 13298 27764
18316 16879 35195
53070 43275 96345
36770 31998 68768
19970 17608 37578
29451 25059 54510
33521 26524 60045
21240 37478 58718
27609 22038 49647
19485 17490 36975
15155 10662 25817
42515 26859 69374
27820 22015 49835
40876 38488 79364
7812 5799 13611
26768 26370 53138
19148 14488 33636
24102 24487 48589
9847 7585 17432
40419 40117 80536
23878 19973 43851
7900 5884 13784
76170 58071 134241
59702 52452 112154
32275 27960 60235
27626 25327 52953
17410 13601 31011
20742 18560 39302
22677 17593 40270
31239 24494 55733
43877 33850 77727
34801 25302 60103
57713 45109 102822
18983 14581 33564
59549 60181 119730
13706 9893 23599
20713 17077 37790
7716 5835 13551
21120 17652 38772
45749 42839 88588
16756 14261 31017
6538 4454 10992
