28328 5851 34179
17104 3191 20295
33753 6911 40664
40075 9040 49115
35585 7485 43070
37130 6491 43621
20368 4471 24839
14645 4227 18872
26159 4999 31158
47518 10375 57893
14334 3141 17475
41343 9196 50539
51130 12388 63518
32673 6880 39553
15585 2775 18360
27843 5829 33672
59681 12461 72142
16773 3802 20575
33484 7366 40850
53254 11875 65129
66950 17678 84628
28161 5863 34024
19182 4173 23355
15771 3518 19289
24031 6979 31010
35671 8816 44487
11383 1960 13343
8864 1668 10532
9435 1790 11225
37603 7562 45165
46096 9030 55126
26152 5132 31284
45124 12219 57343
34103 7325 41428
32313 9582 41895
29956 6619 36575
41397 8463 49860
18875 4180 23055
40510 10724 51234
34365 8902 43267
7971 1674 9645
31615 7314 38929
23367 4753 28120
26951 5973 32924
8862 94 8956
15344 4166 19510
51955 12048 64003
13919 3116 17035
33967 9462 43429
32538 7747 40285
14612 3375 17987
66002 13559 79561
15586 3091 18677
17878 3706 21584
24876 5825 30701
12842 2801 15643
88945 17632 106577
67826 14350 82176
66008 24782 90790
36575 9983 46558
10952 2574 13526
38576 7531 46107
12346 1969 14315
25002 4628 29630
17407 3760 21167
7561 1679 9240
10740 2083 12823
93479 21973 115452
16061 4248 20309
8218 1656 9874
10935 2194 13129
6447 1608 8055
44305 9718 54023
91233 20807 112040
27307 6272 33579
23602 4661 28263
31914 7219 39133
47482 11044 58526
37432 8265 45697
40974 9159 50133
12664 2769 15433
37027 9078 46105
68724 15817 84541
51024 12007 63031
59264 14740 74004
50899 10576 61475
25913 5139 31052
14338 2864 17202
34798 7431 42229
40554 9392 49946
60617 14071 74688
32106 6765 38871
23009 4304 27313
32444 7852 40296
8796 1808 10604
19125 4047 23172
21070 4576 25646
34381 7167 41548
22358 4242 26600
90299 19715 110014
31059 6320 37379
29529 6486 36015
38278 8709 46987
35147 8272 43419
10361 1986 12347
37642 9963 47605
26801 6504 33305
15321 2831 18152
35575 7904 43479
86100 18490 104590
22225 5444 27669
24507 5340 29847
43336 12797 56133
44346 9751 54097
6557 1167 7724
67363 14649 82012
34316 7572 41888
8732 1754 10486
4674 1129 5803
22088 4949 27037
7489 1440 8929
15813 3538 19351
22085 5754 27839
23184 5357 28541
51982 10698 62680
7445 1405 8850
16075 3719 19794
21491 5072 26563
80392 21037 101429
42078 9841 51919
31564 8039 39603
37018 8320 45338
55876 15684 71560
41782 11823 53605
35210 8058 43268
20188 4617 24805
32219 7673 39892
11696 2703 14399
26304 6712 33016
18584 3779 22363
9244 3007 12251
7255 1766 9021
12050 2283 14333
36415 7885 44300
39124 8550 47674
18191 3309 21500
26680 5207 31887
39341 8294 47635
21561 3844 25405
32383 7588 39971
53073 10803 63876
8964 1548 10512
17902 3598 21500
47564 11151 58715
14522 3023 17545
62101 17967 80068
49643 9965 59608
18005 3613 21618
27003 7289 34292
79321 19388 98709
34007 7497 41504
53401 12361 65762
32273 10517 42790
28878 8230 37108
26351 5841 32192
9715 2716 12431
21762 5543 27305
49093 11122 60215
35317 8049 43366
43872 8963 52835
18850 4420 23270
34804 13034 47838
12197 2136 14333
15075 2720 17795
18419 3107 21526
8776 1739 10515
19589 3817 23406
47573 9568 57141
31663 7546 39209
25069 4900 29969
11451 2176 13627
38263 8080 46343
12468 2053 14521
21347 5041 26388
29969 6005 35974
18601 3848 22449
16098 4233 20331
13813 4372 18185
16095 3909 20004
26347 6070 32417
19968 5390 25358
42137 9498 51635
16630 2891 19521
23632 5142 28774
37101 8418 45519
45323 9291 54614
26951 5903 32854
43368 9761 53129
17419 3154 20573
78521 16756 95277
53092 11866 64958
29336 6744 36080
21861 3901 25762
40547 10161 50708
22213 4758 26971
34171 7591 41762
9908 1836 11744
24671 6647 31318
27923 8076 35999
19121 3878 22999
46295 13220 59515
94671 20655 115326
19844 5544 25388
49346 11425 60771
27144 6389 33533
10127 2074 12201
21970 5375 27345
51135 10752 61887
35761 8366 44127
24560 4734 29294
25570 4962 30532
56403 11282 67685
42017 8849 50866
19928 4081 24009
27175 6725 33900
49231 11529 60760
41392 9913 51305
84745 18882 103627
18623 3995 22618
17027 3164 20191
7715 1198 8913
17475 3175 20650
22379 4763 27142
25670 6232 31902
43798 10458 54256
26233 6482 32715
15346 3195 18541
41959 9473 51432
22943 4317 27260
6818 1131 7949
33655 7543 41198
80355 20144 100499
31400 5690 37090
12184 3243 15427
35428 7776 43204
38269 8968 47237
10047 1586 11633
43070 9774 52844
19964 3960 23924
27619 6387 34006
70231 19017 89248
16602 3884 20486
43121 10129 53250
14541 2929 17470
11241 1338 12579
38626 7664 46290
35320 7978 43298
44535 11413 55948
49867 10916 60783
40839 9132 49971
54346 12276 66622
29198 6251 35449
47511 11218 58729
15856 3125 18981
14408 3748 18156
34637 7850 42487
80240 22839 103079
72986 17405 90391
31389 6219 37608
22966 6253 29219
16731 4077 20808
20727 5006 25733
67073 14110 81183
42854 10485 53339
24090 5714 29804
34284 7705 41989
35644 8325 43969
25859 5699 31558
36055 8583 44638
22126 5605 27731
16453 2979 19432
40950 8836 49786
31159 7609 38768
48987 13483 62470
8981 1586 10567
34203 8673 42876
21007 4232 25239
31469 7608 39077
11466 2101 13567
50099 11731 61830
28128 5962 34090
9013 1706 10719
87835 19390 107225
73253 17177 90430
36813 8660 45473
33181 7147 40328
22540 4708 27248
23640 6938 30578
25700 5251 30951
39224 8683 47907
51392 12538 63930
41574 7961 49535
72242 15896 88138
23948 5342 29290
72239 16940 89179
17568 3770 21338
27134 6402 33536
8618 1727 10345
26444 6259 32703
79934 15532 95466
18066 3681 21747
8018 1681 9699
