26587 14857 41444
16805 8019 24824
34478 17571 52049
34735 18935 53670
34609 18647 53256
35110 15877 50987
21825 13078 34903
15633 8479 24112
22765 11342 34107
39511 22540 62051
12880 7171 20051
39184 17772 56956
43466 25951 69417
26859 14176 41035
13347 5984 19331
21854 11305 33159
45727 27641 73368
14905 7520 22425
32419 18176 50595
46370 26142 72512
54739 38142 92881
23177 12727 35904
17216 8758 25974
14795 8205 23000
20335 13419 33754
30128 17562 47690
10312 4798 15110
9182 3673 12855
8434 3787 12221
35395 21260 56655
41877 21409 63286
22862 12110 34972
37965 23681 61646
27662 14992 42654
28593 18880 47473
23464 14848 38312
38307 20383 58690
15730 7453 23183
35813 24839 60652
33286 18646 51932
7762 3494 11256
28149 15892 44041
20686 12199 32885
21612 12546 34158
9422 142 9564
14762 8020 22782
39848 22808 62656
11441 6422 17863
30221 17908 48129
25584 17318 42902
13227 7152 20379
48199 26182 74381
13648 6629 20277
14276 6683 20959
25801 13050 38851
11050 4714 15764
69177 41061 110238
67527 32364 99891
47736 31335 79071
33333 20500 53833
9767 6442 16209
34270 17435 51705
9464 3903 13367
22129 10841 32970
16120 9159 25279
6480 3371 9851
9711 5101 14812
84627 46290 130917
13126 6205 19331
7518 3836 11354
8862 4518 13380
5488 3135 8623
39584 22627 62211
78938 48670 127608
21164 12445 33609
22310 12866 35176
28949 15800 44749
39421 22486 61907
36002 22262 58264
32525 20639 53164
10006 5652 15658
32834 19286 52120
58192 32800 90992
45886 25939 71825
46047 28695 74742
44316 29726 74042
20243 14700 34943
11495 6370 17865
31742 18210 49952
33916 20240 54156
53278 30646 83924
29743 16972 46715
20438 9374 29812
29174 20057 49231
9595 4189 13784
17211 8730 25941
18433 10940 29373
33572 31492 65064
20401 11368 31769
77620 42678 120298
27296 15186 42482
23543 14162 37705
37442 19558 57000
25406 16079 41485
8678 4119 12797
26645 16803 43448
23252 14895 38147
14978 7379 22357
30206 17015 47221
52289 30755 83044
28626 14578 43204
21094 10183 31277
39429 28091 67520
35757 18753 54510
5586 2740 8326
50110 29780 79890
31462 17717 49179
7740 3724 11464
4582 2969 7551
19808 10824 30632
7212 3163 10375
14753 7763 22516
21117 13355 34472
19813 11349 31162
36491 21786 58277
5669 3420 9089
14377 8563 22940
18485 10690 29175
77557 43290 120847
35011 19979 54990
27418 19096 46514
30506 15861 46367
45529 29479 75008
35632 28111 63743
30446 17412 47858
18743 10724 29467
30913 17277 48190
9079 5662 14741
19379 11885 31264
16963 8340 25303
7891 4418 12309
6437 3782 10219
10491 5052 15543
30633 17364 47997
31463 15849 47312
13216 7046 20262
23109 12075 35184
30425 16961 47386
17773 8621 26394
31139 18063 49202
70641 26337 96978
7642 3291 10933
16131 8673 24804
41864 26177 68041
20858 10319 31177
45931 33998 79929
42651 26000 68651
14437 7382 21819
22443 13284 35727
70978 38807 109785
29947 19585 49532
67096 28482 95578
22977 12813 35790
25076 23611 48687
24929 13469 38398
8455 5196 13651
19966 11561 31527
39409 21419 60828
33339 16046 49385
36328 18079 54407
14821 7668 22489
27002 18889 45891
9317 3825 13142
12875 6652 19527
13621 6059 19680
8073 3625 11698
14078 8087 22165
44349 24850 69199
28399 16723 45122
21477 10807 32284
9157 4541 13698
36404 19320 55724
10054 4208 14262
19374 11007 30381
23020 12740 35760
15066 7499 22565
14826 7007 21833
9403 6734 16137
12661 7711 20372
23702 12737 36439
15047 10165 25212
32458 17700 50158
12019 6815 18834
19920 11623 31543
30481 18454 48935
37471 20702 58173
21084 11555 32639
42165 21303 63468
16023 7221 23244
59487 32463 91950
44285 22986 67271
24489 17448 41937
17651 8181 25832
34933 17161 52094
19610 11159 30769
31612 17535 49147
10043 4824 14867
19641 11361 31002
27195 17467 44662
18258 9182 27440
40690 24261 64951
81435 35389 116824
18039 10559 28598
40812 23751 64563
19921 11709 31630
10143 3987 14130
18766 11691 30457
43822 23827 67649
31926 17792 49718
22192 11020 33212
21565 11987 33552
50357 26704 77061
35901 19647 55548
17994 9346 27340
22300 14816 37116
39403 22943 62346
36026 21035 57061
69038 39203 108241
17512 9474 26986
14914 7483 22397
6600 3148 9748
15923 7576 23499
21504 13279 34783
22667 14666 37333
37706 24921 62627
24899 13745 38644
11475 6456 17931
39527 24644 64171
22533 11068 33601
5904 2736 8640
32585 18006 50591
70452 43394 113846
29629 14074 43703
9927 6485 16412
31280 18734 50014
34132 18719 52851
9689 4366 14055
40137 26020 66157
17276 8744 26020
21203 13421 34624
62375 36902 99277
13018 7314 20332
33618 20460 54078
12339 6506 18845
7042 3093 10135
30749 15273 46022
32441 17329 49770
36959 23034 59993
47352 25841 73193
36422 19763 56185
49304 29975 79279
23063 13125 36188
43565 29286 72851
15304 7953 23257
12008 8042 20050
29153 16165 45318
66834 41901 108735
61555 35522 97077
26583 15706 42289
21214 14274 35488
15209 9492 24701
18392 10334 28726
58628 31505 90133
40438 25505 65943
21296 12351 33647
30882 17461 48343
35444 17593 53037
22856 13165 36021
30264 17387 47651
20625 13242 33867
15699 7618 23317
36610 18010 54620
29425 16359 45784
40375 27333 67708
7674 3808 11482
30466 19484 49950
19109 9334 28443
25167 14713 39880
10013 4936 14949
41844 26102 67946
23234 13199 36433
8358 3679 12037
74985 41686 116671
63762 39530 103292
33031 18913 51944
28378 16538 44916
20533 10708 31241
21946 14149 36095
21978 11828 33806
35756 20392 56148
45034 29098 74132
38167 19553 57720
68145 37075 105220
20372 10734 31106
64540 37361 101901
16046 8246 24292
22841 14594 37435
7503 3778 11281
22946 13929 36875
48634 32779 81413
16315 8712 25027
7167 3717 10884
