30456 10150 40606
16339 5070 21409
34364 11903 46267
36943 14973 51916
33175 11823 44998
31967 10926 42893
19516 7462 26978
14274 4498 18772
22479 7403 29882
45385 17937 63322
14367 5030 19397
50568 15056 65624
45645 18095 63740
28564 9588 38152
14914 3948 18862
23962 7587 31549
49467 19131 68598
16976 6227 23203
35963 12872 48835
47291 18407 65698
61430 26916 88346
26394 8708 35102
19598 6889 26487
14800 5439 20239
22251 9465 31716
37372 17672 55044
11194 3277 14471
10481 2772 13253
9688 3112 12800
32825 11000 43825
47172 16518 63690
24801 8395 33196
44600 18936 63536
31696 11118 42814
30919 13266 44185
26825 9784 36609
36453 13000 49453
17439 6013 23452
36407 16424 52831
32148 12117 44265
7194 2162 9356
31803 12040 43843
23643 8697 32340
23751 9267 33018
9422 72 9494
14065 5246 19311
44951 18025 62976
10922 3927 14849
31177 12915 44092
29817 12195 42012
15784 4864 20648
54946 18347 73293
14096 4388 18484
16989 5317 22306
23198 8382 31580
11431 3610 15041
68483 28014 96497
68738 24399 93137
46969 19453 66422
38664 15931 54595
11224 4507 15731
37562 12307 49869
10745 3047 13792
22113 6737 28850
18279 6791 25070
6805 2393 9198
10863 4122 14985
80655 31333 111988
13770 4151 17921
8204 2507 10711
10169 3582 13751
6171 2183 8354
42292 15131 57423
89540 35824 125364
24774 9535 34309
25597 8383 33980
31979 13115 45094
44251 17001 61252
38055 14681 52736
36422 15284 51706
10568 3961 14529
35375 14004 49379
68500 27148 95648
48639 19098 67737
49521 21228 70749
49416 18257 67673
21549 7699 29248
12460 4359 16819
31123 11530 42653
37852 14406 52258
60808 20383 81191
28689 10482 39171
22314 7229 29543
33342 12236 45578
9042 2756 11798
17635 6199 23834
20816 8580 29396
31385 11365 42750
20614 6369 26983
81546 31401 112947
27822 9779 37601
26697 9499 36196
37168 14608 51776
27213 11356 38569
8400 2653 11053
36111 11533 47644
23942 10465 34407
14578 4907 19485
30013 11269 41282
54186 21454 75640
20106 8024 28130
22814 7999 30813
43774 20772 64546
40392 14473 54865
6361 1916 8277
58826 20635 79461
34784 13725 48509
7850 2658 10508
4490 1713 6203
22820 9482 32302
8274 1929 10203
15923 5847 21770
22736 9790 32526
20567 8795 29362
39780 16009 55789
6314 2112 8426
14664 5639 20303
20475 7852 28327
82241 33705 115946
37038 15553 52591
32410 13219 45629
32804 11502 44306
49704 20637 70341
37643 16686 54329
32472 11991 44463
19894 7767 27661
32276 11486 43762
9804 3850 13654
22543 9592 32135
17562 6115 23677
8413 3246 11659
6898 2623 9521
11258 3571 14829
31859 12344 44203
35587 12349 47936
13497 4688 18185
23786 8183 31969
40632 13338 53970
22852 6614 29466
32908 12858 45766
50244 16134 66378
7872 2120 9992
16276 5384 21660
44671 17502 62173
14337 4870 19207
54854 26257 81111
48021 17024 65045
16529 5046 21575
28293 9742 38035
69098 28296 97394
31976 12113 44089
50683 18152 68835
23239 8356 31595
25243 11780 37023
27959 11794 39753
8821 3444 12265
20536 8690 29226
40520 15093 55613
34093 10904 44997
41981 14278 56259
26101 7357 33458
32241 14537 46778
12643 3061 15704
13843 4398 18241
15136 4582 19718
7340 2265 9605
17180 6664 23844
45801 16626 62427
31760 11892 43652
20328 7811 28139
12923 4185 17108
37939 13688 51627
12442 3704 16146
18815 7462 26277
27518 10213 37731
16703 5876 22579
14872 4347 19219
11228 5150 16378
13284 4860 18144
22571 8288 30859
15264 6653 21917
32705 11418 44123
13917 4542 18459
21906 8109 30015
34333 11981 46314
41056 13776 54832
24833 8355 33188
43747 15625 59372
16758 4881 21639
64978 25429 90407
47170 15377 62547
27859 13519 41378
18068 5771 23839
34653 12111 46764
20187 7882 28069
29880 10335 40215
10364 3264 13628
21563 10517 32080
26237 9272 35509
18700 6427 25127
43192 16647 59839
72998 26668 99666
18315 6667 24982
44739 17085 61824
23724 8975 32699
9262 3167 12429
19466 7610 27076
47372 16424 63796
32871 11740 44611
21622 6888 28510
23953 7995 31948
51323 18482 69805
35081 14602 49683
18627 7158 25785
25161 9495 34656
40685 16520 57205
36068 14438 50506
70503 27894 98397
17769 6337 24106
15559 4794 20353
6410 1825 8235
16369 4780 21149
23372 8601 31973
21612 8526 30138
51232 18017 69249
26460 9934 36394
13294 4439 17733
42709 15915 58624
22290 7345 29635
6553 1845 8398
32725 12349 45074
95653 36801 132454
30507 9870 40377
11820 4838 16658
38103 14370 52473
34121 12673 46794
9997 2696 12693
44058 16558 60616
19566 8822 28388
25908 9973 35881
72698 35245 107943
15481 6233 21714
37693 14640 52333
13712 4625 18337
7646 1985 9631
36893 12329 49222
35009 13443 48452
41406 17327 58733
52892 18991 71883
36278 13354 49632
54578 20898 75476
29155 10590 39745
47268 20451 67719
15250 5069 20319
13446 5704 19150
35763 13730 49493
71800 31687 103487
75784 28849 104633
27742 9493 37235
23055 10799 33854
16273 6944 23217
19809 7698 27507
65318 21704 87022
43518 18230 61748
24221 11459 35680
33812 12181 45993
37260 14393 51653
24360 9019 33379
35391 13819 49210
24587 8904 33491
17740 6267 24007
44415 13598 58013
31779 12275 44054
45511 20067 65578
9280 3029 12309
30729 12660 43389
21935 7176 29111
34058 11957 46015
15080 4191 19271
46074 20024 66098
25669 9600 35269
8886 2937 11823
86475 32140 118615
74815 29190 104005
37486 14977 52463
33687 13332 47019
21592 7730 29322
25261 10663 35924
24808 8911 33719
40235 15361 55596
47913 18192 66105
40661 13072 53733
72148 27987 100135
22065 8446 30511
74494 28204 102698
15377 5614 20991
26747 11329 38076
9444 3172 12616
23561 8456 32017
61137 25955 87092
18692 6921 25613
7893 2578 10471
