13481 32156 45637
7832 19472 27304
16640 42255 58895
18286 45738 64024
16820 40705 57525
14489 35518 50007
9092 23514 32606
7001 16223 23224
11257 26535 37792
22390 61067 83457
6462 15805 22267
20032 46542 66574
22678 60780 83458
13925 34888 48813
7738 18387 26125
11204 28512 39716
24681 63237 87918
7738 19670 27408
16333 41854 58187
24960 60422 85382
26425 78230 104655
12639 32283 44922
9005 22822 31827
7414 18782 26196
11365 29730 41095
16749 46778 63527
5890 12173 18063
4508 10702 15210
4494 10856 15350
16389 43411 59800
21191 52350 73541
12418 29983 42401
21568 53423 74991
14094 36966 51060
14557 44317 58874
12793 32390 45183
19463 49505 68968
8436 19366 27802
16930 47993 64923
17071 43549 60620
3621 8521 12142
14492 39574 54066
11385 29118 40503
12078 30027 42105
9314 1120 10434
7391 19390 26781
22582 60577 83159
5639 14209 19848
14376 37228 51604
14521 38485 53006
6812 16435 23247
28475 70392 98867
7012 16412 23424
8408 19528 27936
11808 29281 41089
6167 13855 20022
35008 91939 126947
33043 83985 117028
24614 64242 88856
18865 50724 69589
6026 15427 21453
19626 48126 67752
5226 12851 18077
12440 27717 40157
9135 23860 32995
3295 8329 11624
5397 14216 19613
42188 108747 150935
7596 18018 25614
4288 10623 14911
5215 13165 18380
2914 7776 10690
19295 50267 69562
43812 116652 160464
11322 29722 41044
12460 30191 42651
14886 37798 52684
21939 56392 78331
18360 50922 69282
18829 51053 69882
5361 14016 19377
18726 50527 69253
32354 82673 115027
23061 57918 80979
27813 70577 98390
25772 63077 88849
11078 27384 38462
6315 16315 22630
14886 38107 52993
19000 48636 67636
28311 76603 104914
14077 35920 49997
10425 23794 34219
15469 41988 57457
4546 11323 15869
8928 22241 31169
10200 27652 37852
17225 43094 60319
10188 24851 35039
37841 96487 134328
13768 37152 50920
13321 34830 48151
18983 47699 66682
13402 37379 50781
4265 10069 14334
14460 38063 52523
11678 33507 45185
7464 17447 24911
15356 40971 56327
24831 67652 92483
10062 26589 36651
12073 30086 42159
20929 59843 80772
20217 52294 72511
3024 7601 10625
28314 76022 104336
17214 41590 58804
3967 9522 13489
2336 6445 8781
11098 27756 38854
3970 8670 12640
7298 18511 25809
11513 31160 42673
9601 31738 41339
18633 48055 66688
3087 8224 11311
7601 21154 28755
9937 24931 34868
39978 109400 149378
17477 47925 65402
14086 38460 52546
16889 43830 60719
23467 61566 85033
18372 54514 72886
14721 37294 52015
9570 25625 35195
15428 39212 54640
4462 11848 16310
12262 31032 43294
8399 21753 30152
3744 10076 13820
3029 8495 11524
5645 13435 19080
15269 41362 56631
20524 43039 63563
6798 17107 23905
11737 28852 40589
17364 45997 63361
10088 23658 33746
15883 41486 57369
24234 57977 82211
4377 9344 13721
7886 20258 28144
22162 56502 78664
6939 15371 22310
26429 80604 107033
25553 61540 87093
7994 21142 29136
12852 33112 45964
34265 100861 135126
14771 37638 52409
25740 64351 90091
12309 30430 42739
12208 36748 48956
11776 28532 40308
4492 12030 16522
9497 28817 38314
20679 53163 73842
15915 40199 56114
18711 49728 68439
7839 20879 28718
13276 38271 51547
5417 12491 17908
6876 18251 25127
7352 17228 24580
3791 9992 13783
8380 21049 29429
24407 57458 81865
14774 39411 54185
10497 28001 38498
5420 13516 18936
18596 47146 65742
6173 13794 19967
9747 26634 36381
12564 33158 45722
7922 21389 29311
7587 17611 25198
5630 16200 21830
6401 17718 24119
11919 30926 42845
7188 21359 28547
16611 42884 59495
6482 16385 22867
11168 29013 40181
16340 42703 59043
19049 46928 65977
12323 31224 43547
21377 57951 79328
8097 19395 27492
31141 80855 111996
23136 57852 80988
13026 36651 49677
8398 20515 28913
18015 45102 63117
9808 24629 34437
15053 40931 55984
4984 11576 16560
11457 30720 42177
12658 32654 45312
9077 23040 32117
22177 56067 78244
34495 89612 124107
8148 22222 30370
22043 54622 76665
12145 30216 42361
4413 10745 15158
9872 27086 36958
23090 55265 78355
15185 39527 54712
12881 25725 38606
11847 29996 41843
26520 66868 93388
17915 48682 66597
9370 24729 34099
12192 33031 45223
19081 47912 66993
18519 48532 67051
31937 82840 114777
8643 23139 31782
7361 18557 25918
3133 7942 11075
8162 18987 27149
11115 29600 40715
11778 30784 42562
19919 54454 74373
12306 31902 44208
6508 17559 24067
18919 49375 68294
12104 28035 40139
3247 7899 11146
16528 44582 61110
37353 103579 140932
15536 39786 55322
5956 16047 22003
17582 43387 60969
17906 44463 62369
4960 11905 16865
25044 51414 76458
9776 24824 34600
12559 33410 45969
34499 88410 122909
6603 18953 25556
19890 55535 75425
6955 17565 24520
4198 9768 13966
18603 43865 62468
17028 43282 60310
19614 56363 75977
24490 60152 84642
18485 48543 67028
27147 69837 96984
13898 35095 48993
22339 72604 94943
7171 19212 26383
6482 17210 23692
15732 42104 57836
37354 98524 135878
32811 85816 118627
13590 34314 47904
11835 29544 41379
7919 22174 30093
12104 31376 43480
33106 81901 115007
22869 54172 77041
12064 33057 45121
14768 40285 55053
17782 48654 66436
12165 30202 42367
15958 40991 56949
11539 28632 40171
8269 18647 26916
20039 51357 71396
14031 36047 50078
21823 57479 79302
4201 10890 15091
16179 53745 69924
11128 27698 38826
17017 42117 59134
5896 15446 21342
21882 61772 83654
14187 34010 48197
4096 9718 13814
51046 107944 158990
33361 85772 119133
17971 47957 65928
14254 40405 54659
13907 30182 44089
11345 30099 41444
12071 30089 42160
19589 52373 71962
25595 67803 93398
20361 48787 69148
32807 81403 114210
10756 26833 37589
35389 81644 117033
8341 20337 28678
13492 34232 47724
4094 10654 14748
11687 29401 41088
28537 78923 107460
8350 21732 30082
3829 9421 13250
