30871 2192 33063
17624 1088 18712
35550 2603 38153
42947 3425 46372
36264 2700 38964
34550 2525 37075
20927 1719 22646
15760 1112 16872
28172 1937 30109
49494 4529 54023
14192 1170 15362
45075 3041 48116
48171 3689 51860
34100 2498 36598
15870 880 16750
25706 1724 27430
52645 4820 57465
17443 1457 18900
37115 3081 40196
55784 4688 60472
72630 6534 79164
31285 2457 33742
20546 1581 22127
17365 1480 18845
26604 2240 28844
38271 3374 41645
11417 777 12194
10947 779 11726
10757 799 11556
38958 2729 41687
49786 3619 53405
26885 1849 28734
49291 5183 54474
34563 2481 37044
35063 3331 38394
31311 2097 33408
43380 3440 46820
18101 1373 19474
41382 3692 45074
41068 3173 44241
7808 668 8476
35487 2829 38316
26747 1780 28527
32216 2562 34778
8491 5 8496
16857 1856 18713
52941 4480 57421
13271 1165 14436
35174 3601 38775
31242 2724 33966
15322 1241 16563
65314 4853 70167
15630 1088 16718
20050 1196 21246
25439 2077 27516
12486 928 13414
78631 7301 85932
74838 5701 80539
57056 4774 61830
42496 4395 46891
12614 1166 13780
41216 2599 43815
11576 727 12303
25600 1792 27392
19964 1757 21721
7832 692 8524
12116 913 13029
96072 8488 104560
16770 1035 17805
9363 804 10167
11340 832 12172
7414 687 8101
43980 3764 47744
100717 8780 109497
28372 2099 30471
27422 1937 29359
33347 2897 36244
48606 4190 52796
42214 3384 45598
42114 3942 46056
12528 951 13479
41606 3918 45524
70039 5941 75980
53166 4603 57769
62179 4869 67048
54367 5031 59398
26085 2047 28132
14377 1048 15425
34653 2720 37373
41610 3526 45136
70293 5226 75519
31645 2331 33976
23733 1791 25524
33126 3107 36233
9732 592 10324
18240 1426 19666
23028 1817 24845
36397 2756 39153
22303 1701 24004
92998 7845 100843
30537 2443 32980
30421 2176 32597
41471 3540 45011
31564 2703 34267
9265 593 9858
33294 2718 36012
29924 3031 32955
15630 1166 16796
32494 2995 35489
63142 5120 68262
24896 2516 27412
26098 2074 28172
49948 5243 55191
43447 3081 46528
7312 403 7715
71140 4877 76017
35040 2939 37979
8389 626 9015
5373 465 5838
25386 1985 27371
7707 533 8240
16149 1398 17547
25061 2585 27646
21470 1863 23333
43386 3759 47145
6808 486 7294
17234 1618 18852
21199 1861 23060
92567 8565 101132
39008 3104 42112
34866 3312 38178
37303 2728 40031
55084 4967 60051
45520 4379 49899
35257 2848 38105
21324 1921 23245
33176 2616 35792
10591 971 11562
26794 2270 29064
18926 1420 20346
8463 817 9280
7360 725 8085
13256 796 14052
33054 2617 35671
39179 3042 42221
14849 1082 15931
27611 1829 29440
38006 2661 40667
21940 1697 23637
37772 3375 41147
55895 3906 59801
8968 506 9474
17172 1167 18339
49656 4572 54228
15055 1224 16279
65055 6360 71415
54485 4084 58569
17429 1174 18603
28354 2269 30623
85801 6752 92553
33703 2734 36437
59291 4409 63700
26696 2029 28725
29307 4296 33603
27351 1845 29196
9655 1182 10837
21351 1771 23122
46343 3540 49883
36021 2309 38330
41631 2668 44299
18641 1460 20101
31905 3302 35207
11113 720 11833
15194 903 16097
16355 1056 17411
8258 570 8828
18745 1615 20360
48217 3573 51790
33945 3113 37058
25873 1735 27608
11203 774 11977
38925 3179 42104
13153 749 13902
22121 1977 24098
29585 1903 31488
17463 1282 18745
16282 1198 17480
12570 1193 13763
15435 1146 16581
25173 1948 27121
18163 1736 19899
34636 2658 37294
14464 849 15313
24410 1949 26359
35449 2697 38146
44190 3143 47333
28263 1921 30184
47550 3900 51450
18098 1147 19245
69594 6681 76275
49769 3399 53168
30219 2685 32904
18162 1361 19523
39256 2997 42253
22613 2008 24621
32698 2461 35159
10782 843 11625
24582 1964 26546
30053 2264 32317
19210 1332 20542
50002 4227 54229
74578 5912 80490
20215 1854 22069
45165 4260 49425
26299 2157 28456
9322 755 10077
20921 1821 22742
48059 3556 51615
37125 3191 40316
23439 2214 25653
26127 1734 27861
66909 4660 71569
39701 2995 42696
22286 1719 24005
27413 2278 29691
47349 4084 51433
39619 3700 43319
76207 7216 83423
18678 1414 20092
17303 1196 18499
7090 502 7592
17511 1141 18652
23795 1851 25646
26588 2191 28779
42626 3741 46367
27078 2385 29463
15445 1134 16579
41143 3499 44642
25549 1858 27407
7091 510 7601
35490 2824 38314
91490 8810 100300
33620 2075 35695
14135 1475 15610
40265 3138 43403
37698 3341 41039
11206 594 11800
41782 3651 45433
21782 1638 23420
29987 2121 32108
82246 8679 90925
16176 1268 17444
43204 3737 46941
16631 1375 18006
8699 575 9274
38002 2428 40430
40464 3291 43755
43487 3952 47439
51570 3957 55527
42033 3041 45074
59104 4687 63791
31997 2538 34535
51881 4190 56071
17687 1036 18723
14358 1409 15767
37447 3198 40645
81115 9021 90136
80424 6652 87076
31181 2050 33231
25476 2663 28139
18592 1711 20303
20496 1719 22215
74390 6020 80410
47429 4010 51439
29071 2216 31287
33849 2533 36382
39693 3221 42914
27565 1963 29528
36072 2850 38922
25118 2432 27550
17204 1029 18233
45331 3147 48478
32955 2928 35883
51343 4980 56323
9552 584 10136
36012 3040 39052
22946 1599 24545
31437 2707 34144
13586 831 14417
47716 4340 52056
30984 2436 33420
8511 632 9143
89278 6681 95959
81354 6557 87911
40429 3244 43673
36241 2641 38882
22519 1481 24000
27807 2345 30152
30034 2064 32098
40190 3639 43829
55944 4723 60667
43126 3171 46297
79395 6656 86051
23972 1924 25896
82208 6946 89154
17614 1405 19019
34853 2821 37674
9579 611 10190
27203 2238 29441
63127 6033 69160
19584 1325 20909
8216 622 8838
