16354 31996 48350
8858 17501 26359
17821 35859 53680
19591 39951 59542
18672 36724 55396
15918 32129 48047
11144 23719 34863
8593 16322 24915
14605 26765 41370
24756 54900 79656
7583 15201 22784
21351 43143 64494
24740 56089 80829
15780 31065 46845
8676 16362 25038
13377 23913 37290
30013 58253 88266
8925 17992 26917
17370 36533 53903
30736 58996 89732
30223 71548 101771
15424 31418 46842
10221 22079 32300
8102 17016 25118
12750 28241 40991
18513 43502 62015
6405 10994 17399
5413 9029 14442
5590 10584 16174
19028 37882 56910
25404 50630 76034
14507 28216 42723
23598 48287 71885
18799 35906 54705
15640 36919 52559
14333 29460 43793
20470 41303 61773
10092 18773 28865
19029 42318 61347
18916 39854 58770
4454 8270 12724
16284 34867 51151
13958 29092 43050
13837 28331 42168
8374 797 9171
7769 16794 24563
26163 55689 81852
6804 13266 20070
16646 34820 51466
17633 32579 50212
7154 13636 20790
31751 66089 97840
7469 13776 21245
8936 16272 25208
13507 27276 40783
6478 11916 18394
38638 82977 121615
36834 76031 112865
28803 59731 88534
20399 43219 63618
6812 13772 20584
22020 43608 65628
6277 11114 17391
13953 25138 39091
9322 20145 29467
3741 7446 11187
6284 12948 19232
45033 92126 137159
8239 16473 24712
4649 8568 13217
5962 12099 18061
3844 6868 10712
22108 44184 66292
49277 104892 154169
14433 28068 42501
13096 26426 39522
18347 36738 55085
24822 48909 73731
21333 45616 66949
19951 44432 64383
6592 13115 19707
24375 46905 71280
34187 71161 105348
26780 51958 78738
29766 66914 96680
27876 53023 80899
13220 24695 37915
6595 13635 20230
16816 34606 51422
21117 43699 64816
30192 64267 94459
14584 31236 45820
12760 21446 34206
17170 37985 55155
4877 9206 14083
10037 19878 29915
10811 23795 34606
19265 38299 57564
11422 20891 32313
45776 93520 139296
14949 31590 46539
15190 30951 46141
20951 40104 61055
15124 34201 49325
5003 8677 13680
16049 34769 50818
13633 30536 44169
8130 14516 22646
17067 36823 53890
28956 60418 89374
11397 24375 35772
13054 24127 37181
23568 55009 78577
21765 45043 66808
3148 6725 9873
32444 64368 96812
18656 39355 58011
4197 8023 12220
2547 6080 8627
13876 25486 39362
4332 7567 11899
8281 16301 24582
12544 27051 39595
11514 24338 35852
21423 44331 65754
3350 6799 10149
8713 18915 27628
10958 22965 33923
44639 100263 144902
23252 48013 71265
16449 38110 54559
19436 39747 59183
27895 59524 87419
21499 50577 72076
17279 36431 53710
11340 23705 35045
16560 33356 49916
5419 11525 16944
13680 29151 42831
11968 17891 29859
4547 9757 14304
3395 7212 10607
6677 12154 18831
17341 37698 55039
20208 40577 60785
7235 14292 21527
14087 28550 42637
19972 41457 61429
11203 21503 32706
18347 39193 57540
27880 53930 81810
5075 8274 13349
8396 17131 25527
24763 52197 76960
8211 15369 23580
28335 68286 96621
29617 56856 86473
9352 18882 28234
14313 30547 44860
39824 85739 125563
17167 36541 53708
29132 60486 89618
13455 28701 42156
14036 33838 47874
14299 25873 40172
5102 11242 16344
10826 24875 35701
22801 49617 72418
20178 35526 55704
22226 45860 68086
8370 17729 26099
15752 37681 53433
6499 11300 17799
7192 15005 22197
8563 15644 24207
4449 8611 13060
9381 19082 28463
28535 52836 81371
17463 39064 56527
12598 25486 38084
5844 11591 17435
20702 42873 63575
7033 12245 19278
11300 24288 35588
15138 30927 46065
10841 18129 28970
8510 15872 24382
6322 15190 21512
7363 16373 23736
14263 28962 43225
8622 21220 29842
18031 39008 57039
7647 15151 22798
13111 28916 42027
18871 38273 57144
20338 43096 63434
14224 28978 43202
25514 55989 81503
9380 17378 26758
35955 74540 110495
27899 49093 76992
15865 35510 51375
9555 18185 27740
20424 41196 61620
11545 24236 35781
15872 33672 49544
6286 11406 17692
12349 26739 39088
14824 33276 48100
10458 21440 31898
27046 55738 82784
36564 75546 112110
9659 22024 31683
24244 51520 75764
14361 27553 41914
5510 10632 16142
11360 24762 36122
28014 50577 78591
18796 38777 57573
13486 23354 36840
14261 27249 41510
29207 60243 89450
20776 44433 65209
11640 23288 34928
12798 28385 41183
22548 47424 69972
19836 42041 61877
37618 81045 118663
9360 19310 28670
8242 16491 24733
3568 7644 11212
9281 17142 26423
12552 24530 37082
13412 28945 42357
21024 45678 66702
14560 30265 44825
7577 15355 22932
21637 47305 68942
13393 23774 37167
3780 7329 11109
19153 40258 59411
41549 94189 135738
17137 33590 50727
6808 14892 21700
20653 42253 62906
20424 40294 60718
5935 10864 16799
21622 46932 68554
11286 22371 33657
14278 32975 47253
39837 83869 123706
7661 17134 24795
22058 49487 71545
8289 17854 26143
5031 8291 13322
18770 37460 56230
20204 43341 63545
21089 48078 69167
31096 59985 91081
19567 41484 61051
39611 72199 111810
15821 32569 48390
26856 66313 93169
8523 17701 26224
8544 19785 28329
18282 38722 57004
41576 114201 155777
37539 79300 116839
16235 33247 49482
12949 28867 41816
8972 20148 29120
12337 31780 44117
39250 72863 112113
28874 59068 87942
13753 31999 45752
18371 36601 54972
22393 45543 67936
15753 41036 56789
19567 42720 62287
12984 32073 45057
11601 20167 31768
24538 46313 70851
15928 35730 51658
24783 58534 83317
4846 10115 14961
18097 43304 61401
11205 26267 37472
15560 33492 49052
6575 14216 20791
25652 58735 84387
14239 29006 43245
4749 9217 13966
47506 91061 138567
40553 85913 126466
21945 41239 63184
17490 41036 58526
12369 25619 37988
12797 29390 42187
14666 30790 45456
25606 45789 71395
30793 65115 95908
24477 47636 72113
39595 81037 120632
13372 24208 37580
37019 77052 114071
8897 17759 26656
14591 28672 43263
4504 9269 13773
12979 27646 40625
32548 74496 107044
10092 21500 31592
4043 7819 11862
