6862 43811 50673
4518 32769 37287
8038 50281 58319
9154 53609 62763
8101 49307 57408
7380 48799 56179
5303 34739 40042
3752 22776 26528
6326 39770 46096
11371 72336 83707
3302 21566 24868
9692 59997 69689
11925 80050 91975
8058 53068 61126
4198 27182 31380
6265 41243 47508
13394 89995 103389
4459 28872 33331
9256 53040 62296
15045 102421 117466
17372 132504 149876
7683 58030 65713
6752 34755 41507
3715 25491 29206
6622 45150 51772
8949 55987 64936
2715 17487 20202
2359 16734 19093
2572 15382 17954
8908 54190 63098
11340 66051 77391
6729 42558 49287
11137 69128 80265
9026 54860 63886
8215 53785 62000
7200 49079 56279
10402 64862 75264
4454 26188 30642
9931 62314 72245
8406 53428 61834
2134 12833 14967
8033 54066 62099
6839 45406 52245
7208 45606 52814
6904 3646 10550
3662 24365 28027
12142 81498 93640
3283 21934 25217
7809 49938 57747
9031 52950 61981
3275 21480 24755
15299 99556 114855
3667 22044 25711
4736 27854 32590
5750 36373 42123
2854 19846 22700
20751 123757 144508
17766 114822 132588
13812 91393 105205
11246 66252 77498
2949 21117 24066
10982 62552 73534
3185 18849 22034
6431 39970 46401
4589 29781 34370
1802 11918 13720
2839 19648 22487
22660 128938 151598
3848 25761 29609
2141 13687 15828
2300 16335 18635
1762 11024 12786
10279 65057 75336
23688 146782 170470
6191 45445 51636
5953 38306 44259
8621 55958 64579
10953 70878 81831
10058 66225 76283
9832 64727 74559
3209 21263 24472
9727 65238 74965
17968 110816 128784
12291 80441 92732
14120 91683 105803
13244 85497 98741
5915 40140 46055
3220 20434 23654
8168 50594 58762
10308 67955 78263
16020 103373 119393
7772 49548 57320
5769 36328 42097
8386 58199 66585
2296 15551 17847
4802 30274 35076
5367 31949 37316
9264 57415 66679
5116 34670 39786
22361 133212 155573
7554 50753 58307
7151 48075 55226
9237 55541 64778
7475 52117 59592
2510 15002 17512
7775 50786 58561
6386 44461 50847
4094 25293 29387
8231 54585 62816
15007 98429 113436
5633 34948 40581
5519 35341 40860
12093 76453 88546
10715 65491 76206
2042 9805 11847
14565 91527 106092
8001 51855 59856
2063 13046 15109
1265 9262 10527
5778 38083 43861
2123 12707 14830
4213 28487 32700
5373 37778 43151
5393 36054 41447
9436 58445 67881
1614 11411 13025
3879 29123 33002
5915 37433 43348
20230 125691 145921
9719 61290 71009
8505 55935 64440
8654 53711 62365
13012 86142 99154
9512 64391 73903
8183 54693 62876
5595 32047 37642
8428 53634 62062
2696 15490 18186
6256 43152 49408
4955 30709 35664
2185 14673 16858
1848 12429 14277
2793 19115 21908
7618 51318 58936
9287 59342 68629
3742 24781 28523
5947 40251 46198
9591 59922 69513
5128 32181 37309
8814 55943 64757
11969 73884 85853
2422 13849 16271
4491 28133 32624
11797 75455 87252
4177 25061 29238
14414 110449 124863
12940 83502 96442
4376 28388 32764
6579 45568 52147
18680 126870 145550
8482 51706 60188
14155 89352 103507
6722 41858 48580
6882 49357 56239
6004 37142 43146
2592 16516 19108
4852 31789 36641
10992 71818 82810
8048 51399 59447
10902 69152 80054
4159 25313 29472
6850 50200 57050
2376 18344 20720
3451 23003 26454
3576 22817 26393
2125 12917 15042
4158 25131 29289
10874 68497 79371
8882 58716 67598
5672 38266 43938
2468 17573 20041
9277 57605 66882
3388 21017 24405
4835 34853 39688
7237 48977 56214
4326 29378 33704
3752 23753 27505
3131 23173 26304
3239 22202 25441
5359 39159 44518
3939 27177 31116
9147 59558 68705
4141 23045 27186
5871 37406 43277
9159 58261 67420
9236 59219 68455
7805 39282 47087
11976 78645 90621
4334 28258 32592
16382 98848 115230
11021 70792 81813
7673 54562 62235
4187 27243 31430
9349 55157 64506
5751 36745 42496
7936 48956 56892
2522 17854 20376
6477 43775 50252
7060 47841 54901
4975 28409 33384
11840 79826 91666
18313 129423 147736
5502 32779 38281
11345 65733 77078
5355 39048 44403
2258 14689 16947
4892 31884 36776
12373 79109 91482
8133 52516 60649
6175 38995 45170
6074 41199 47273
13339 86107 99446
9911 65367 75278
4877 30892 35769
6687 46710 53397
9914 59378 69292
10473 64782 75255
18342 116742 135084
4760 32746 37506
3695 25298 28993
1976 11394 13370
4447 28283 32730
6023 39099 45122
6502 57030 63532
10843 74307 85150
7380 46906 54286
4420 29603 34023
10707 83335 94042
6426 40336 46762
1748 11705 13453
8220 53778 61998
21861 140761 162622
8514 48959 57473
2913 20571 23484
10074 60660 70734
8894 51904 60798
2500 18277 20777
10938 67349 78287
4856 30006 34862
6331 41864 48195
20711 110153 130864
4835 29556 34391
9941 63129 73070
3787 25607 29394
2130 11886 14016
9863 57596 67459
9689 64132 73821
9807 66427 76234
12166 85396 97562
8945 57432 66377
15256 95300 110556
6782 42959 49741
12221 98084 110305
4424 27900 32324
3524 24238 27762
8034 51620 59654
20522 126229 146751
17814 113700 131514
8250 51138 59388
5794 37967 43761
3994 26449 30443
4930 31236 36166
17455 111558 129013
11132 71580 82712
6630 43339 49969
8043 53734 61777
9760 62682 72442
6269 42667 48936
8303 56007 64310
6257 42361 48618
4144 25521 29665
10882 65166 76048
8192 54336 62528
12066 76535 88601
2550 14130 16680
8497 59052 67549
5517 32791 38308
7757 53244 61001
2845 19307 22152
11305 72836 84141
7197 47253 54450
2114 12993 15107
22391 142657 165048
19427 123613 143040
9775 61212 70987
7435 54873 62308
5558 37281 42839
6723 43672 50395
6300 41632 47932
10048 61103 71151
13169 92076 105245
15332 64390 79722
19281 120034 139315
5718 39013 44731
18856 111262 130118
4481 27776 32257
7809 47389 55198
2352 15478 17830
6306 41796 48102
15637 107197 122834
4449 29317 33766
1964 13355 15319
