3792 51618 55410
2214 31564 33778
4532 55827 60359
5296 67175 72471
4373 53945 58318
4012 51625 55637
2292 35331 37623
2162 27063 29225
3286 44644 47930
5511 82466 87977
2583 27186 29769
5867 76479 82346
5499 83040 88539
4336 58286 62622
2108 25694 27802
3344 40283 43627
6170 93519 99689
2185 29978 32163
4579 59589 64168
6678 94462 101140
8103 115778 123881
4376 53569 57945
3413 42231 45644
2216 31776 33992
3495 50341 53836
5540 68789 74329
1440 19823 21263
1260 16881 18141
1175 17211 18386
5955 73548 79503
6042 85134 91176
4000 48425 52425
6531 82597 89128
4486 64889 69375
4915 57285 62200
3676 51241 54917
5284 80317 85601
2352 28977 31329
4987 67690 72677
5029 66028 71057
1302 12839 14141
4312 53318 57630
3445 50193 53638
3311 44067 47378
4689 7085 11774
2184 30446 32630
5710 86407 92117
1681 22006 23687
3944 54392 58336
4330 57949 62279
1981 27367 29348
8190 110234 118424
2226 27176 29402
2478 32207 34685
2874 38806 41680
1558 19581 21139
10926 128683 139609
8871 112102 120973
6852 92174 99026
5147 67449 72596
1444 22994 24438
5369 64561 69930
1418 18784 20202
3157 40263 43420
2626 41846 44472
1581 12489 14070
1431 20886 22317
10862 140812 151674
2001 25109 27110
1062 15013 16075
1204 18368 19572
891 11383 12274
4891 71017 75908
12446 165497 177943
3360 43931 47291
3290 43135 46425
4978 54345 59323
5555 81483 87038
5750 72533 78283
5387 68269 73656
1602 21396 22998
4696 66825 71521
8652 108150 116802
6014 84782 90796
7825 105205 113030
6143 83879 90022
3157 44630 47787
1770 22860 24630
4700 56397 61097
5193 66010 71203
7779 101388 109167
4329 48458 52787
2562 37121 39683
4017 54249 58266
1112 15899 17011
2484 34441 36925
2704 36331 39035
4424 55968 60392
2438 34231 36669
11062 131342 142404
3530 49129 52659
3387 46454 49841
5296 69911 75207
3709 49202 52911
1753 16661 18414
4352 54452 58804
3128 52287 55415
2138 23716 25854
4168 60947 65115
7910 107039 114949
2829 35923 38752
2820 40588 43408
5425 76497 81922
5285 79204 84489
871 11985 12856
10507 111588 122095
4623 60096 64719
1214 14508 15722
612 10451 11063
3282 42276 45558
1053 13468 14521
2111 27495 29606
2764 47247 50011
2694 36289 38983
5191 69407 74598
864 12255 13119
2223 30871 33094
2585 51575 54160
10882 140747 151629
5678 69279 74957
4811 59241 64052
4641 61167 65808
6874 94433 101307
4665 68523 73188
4267 58027 62294
2765 37734 40499
4691 57924 62615
1255 19406 20661
3038 44918 47956
2189 29945 32134
1470 15036 16506
908 12679 13587
1311 19579 20890
4182 57066 61248
4582 68186 72768
2361 26453 28814
3568 50200 53768
4651 64677 69328
2709 39895 42604
4390 55952 60342
6773 101903 108676
1827 14595 16422
2163 28755 30918
6312 84332 90644
2026 25286 27312
8233 121499 129732
6811 91753 98564
2244 29679 31923
3398 49287 52685
9939 138956 148895
4600 60115 64715
6768 90040 96808
3493 46590 50083
3353 53532 56885
2978 41411 44389
1156 16378 17534
2611 38756 41367
5312 74370 79682
4116 52304 56420
5219 74159 79378
2148 27665 29813
3663 53620 57283
1222 18222 19444
1828 24523 26351
2079 26719 28798
1059 14240 15299
2186 28661 30847
6304 85210 91514
4841 63269 68110
2689 39733 42422
1217 21311 22528
5063 69659 74722
1752 22791 24543
2309 36123 38432
3853 51851 55704
2378 29014 31392
3085 26603 29688
1418 22099 23517
1875 26556 28431
2843 41610 44453
1935 29513 31448
4481 63239 67720
2003 25899 27902
3228 42044 45272
4963 63377 68340
5051 65443 70494
3282 44466 47748
6367 88569 94936
2010 28979 30989
8683 111865 120548
5942 86421 92363
3946 57165 61111
2468 34747 37215
5134 67605 72739
2941 41989 44930
3931 51988 55919
1286 19955 21241
2981 43170 46151
3250 52377 55627
2577 35395 37972
6444 89331 95775
9767 129378 139145
2179 31581 33760
5585 80171 85756
3146 45521 48667
1126 16383 17509
2839 40361 43200
7004 79278 86282
4556 61944 66500
3246 43309 46555
3149 46154 49303
7746 105117 112863
4839 65351 70190
2455 48240 50695
3355 50535 53890
5469 74735 80204
5537 76833 82370
9328 117016 126344
2411 34512 36923
2024 29086 31110
1534 12296 13830
2133 28409 30542
3185 45981 49166
3490 47372 50862
5504 71154 76658
3608 49931 53539
1813 25654 27467
5129 70446 75575
3215 47434 50649
909 12884 13793
4625 65081 69706
11969 155606 167575
4201 58225 62426
1750 26539 28289
5518 68194 73712
5115 64559 69674
1309 20570 21879
5328 68785 74113
2608 37356 39964
3152 46604 49756
10455 130114 140569
1985 31009 32994
5455 74375 79830
2771 25903 28674
1055 14325 15380
5278 63777 69055
5367 70294 75661
5830 79600 85430
6816 93595 100411
4767 69187 73954
7643 125271 132914
3989 52864 56853
5710 96218 101928
2252 29778 32030
1790 27281 29071
4230 55394 59624
10928 138030 148958
10447 149038 159485
3950 50564 54514
3548 45368 48916
3127 53969 57096
2703 32649 35352
9374 116701 126075
5401 76348 81749
3209 43155 46364
4747 63003 67750
4758 62755 67513
3431 48640 52071
4815 62901 67716
2951 42155 45106
2349 30338 32687
5111 66932 72043
4265 58264 62529
6691 92321 99012
1104 15925 17029
4143 57777 61920
2739 40759 43498
4251 57994 62245
1512 23200 24712
5336 81554 86890
3480 48397 51877
1355 15214 16569
11953 157249 169202
10771 136159 146930
5376 69952 75328
4006 54510 58516
2602 39642 42244
3557 48267 51824
3629 50174 53803
5221 63758 68979
7810 102688 110498
5415 71760 77175
11947 125474 137421
3135 43433 46568
10647 128348 138995
2119 27452 29571
4187 53038 57225
1161 16788 17949
3790 50586 54376
8820 116298 125118
2451 34816 37267
1041 14996 16037
