2718 48837 51555
1501 30370 31871
3143 57911 61054
3335 61828 65163
2892 63335 66227
2887 58184 61071
1695 36008 37703
1910 26845 28755
2463 46939 49402
4140 84540 88680
1240 26068 27308
4617 76573 81190
4045 88050 92095
2878 52182 55060
1374 29388 30762
2153 41383 43536
4471 88198 92669
1477 33635 35112
3439 62519 65958
5113 96785 101898
5230 111998 117228
2367 48299 50666
1830 36132 37962
1480 30575 32055
2477 46006 48483
3197 68271 71468
1559 22384 23943
881 17269 18150
908 17977 18885
3339 67108 70447
3944 81080 85024
3096 43264 46360
4197 76883 81080
2999 54437 57436
2727 52335 55062
2612 47491 50103
3504 70160 73664
2075 33241 35316
3650 65877 69527
3684 65346 69030
733 14224 14957
3587 55447 59034
2506 50988 53494
2193 45965 48158
4120 10260 14380
1398 26745 28143
3862 89773 93635
3022 22821 25843
2798 56438 59236
2657 52678 55335
1409 23134 24543
5451 109848 115299
1434 28044 29478
1703 31081 32784
2409 41236 43645
2315 20890 23205
6663 130469 137132
6359 124407 130766
5198 95306 100504
3392 69120 72512
1082 23488 24570
3774 72000 75774
932 20368 21300
2570 42589 45159
1742 33875 35617
1468 14176 15644
1188 22251 23439
7649 150732 158381
1304 28363 29667
794 17793 18587
972 19761 20733
596 12436 13032
3833 78509 82342
8965 168768 177733
2569 49886 52455
2508 44746 47254
2851 55445 58296
4445 85161 89606
3332 73820 77152
3834 75554 79388
1127 21869 22996
3229 67933 71162
6111 108452 114563
4402 86357 90759
5680 111036 116716
6006 103197 109203
2160 45574 47734
1666 27815 29481
2920 58032 60952
3941 68295 72236
6299 111482 117781
2612 49936 52548
2029 43008 45037
3969 55866 59835
795 16926 17721
1590 39043 40633
2249 44052 46301
3509 63816 67325
1971 40427 42398
9209 147164 156373
2590 55865 58455
2390 47531 49921
3235 65158 68393
2700 56331 59031
1043 19749 20792
2698 51154 53852
2761 52427 55188
1873 25259 27132
2697 54926 57623
4937 103692 108629
1825 38605 40430
2297 46464 48761
3892 77512 81404
3777 73286 77063
526 11560 12086
5604 110969 116573
2904 57866 60770
1176 14823 15999
485 10515 11000
2009 38561 40570
885 13877 14762
1436 27435 28871
1803 41939 43742
1607 36539 38146
3470 74135 77605
574 11428 12002
1332 28711 30043
2108 38920 41028
6956 146211 153167
4509 71490 75999
2949 62201 65150
3115 60610 63725
4800 87319 92119
3630 79028 82658
3576 54126 57702
2326 41080 43406
2784 52700 55484
966 19631 20597
2440 50246 52686
1482 34039 35521
881 17444 18325
1331 12822 14153
1037 22083 23120
2737 66973 69710
3039 86387 89426
1347 28770 30117
2646 51754 54400
3734 61567 65301
2067 44200 46267
3641 63967 67608
4675 93599 98274
851 15131 15982
1572 32220 33792
4243 87345 91588
1386 27881 29267
5065 101738 106803
4531 87379 91910
1544 33058 34602
2373 46792 49165
6086 136983 143069
3039 60917 63956
5294 95297 100591
2322 45558 47880
2433 49106 51539
2269 42941 45210
1031 19051 20082
1849 41097 42946
3869 73039 76908
2941 55021 57962
3927 77194 81121
1831 32254 34085
2430 55870 58300
1440 19603 21043
1351 26045 27396
1313 25782 27095
723 16148 16871
1497 30063 31560
4345 89126 93471
3224 65375 68599
2082 39719 41801
968 19826 20794
3386 67569 70955
1266 22771 24037
1829 38167 39996
2435 49073 51508
1833 29991 31824
1376 29734 31110
1062 23315 24377
1235 24666 25901
2124 43327 45451
1365 30747 32112
3232 64877 68109
1269 23724 24993
2355 44290 46645
3129 57941 61070
3779 76191 79970
2623 50478 53101
4520 88443 92963
1466 28927 30393
5995 111102 117097
4284 81807 86091
2537 57797 60334
1535 34438 35973
3387 70642 74029
2269 54234 56503
2923 55776 58699
878 18913 19791
2450 45361 47811
2584 54763 57347
1829 33201 35030
4254 88859 93113
6457 120508 126965
1631 35759 37390
3865 74924 78789
2186 46126 48312
843 17420 18263
1909 37703 39612
4327 80583 84910
3595 66445 70040
2146 40369 42515
2137 47105 49242
6010 114925 120935
4173 74872 79045
1817 35597 37414
2392 47930 50322
3693 67747 71440
3847 74196 78043
9239 132948 142187
1652 33935 35587
1276 30224 31500
673 12843 13516
1503 31449 32952
2240 42288 44528
2592 43962 46554
3491 71857 75348
2370 47382 49752
1143 25542 26685
3892 76228 80120
2208 40757 42965
657 12977 13634
3157 61630 64787
7330 152410 159740
2874 55121 57995
1096 23785 24881
3616 64780 68396
3318 61034 64352
1110 19724 20834
4106 79156 83262
2132 36428 38560
2457 49807 52264
6627 119804 126431
1311 30749 32060
3450 72637 76087
1332 28019 29351
768 14737 15505
3313 59549 62862
3443 70304 73747
3384 71328 74712
4677 87182 91859
3535 70546 74081
5547 105470 111017
2420 48332 50752
4031 99118 103149
1613 30742 32355
1638 23808 25446
2940 57725 60665
7612 139689 147301
6937 122367 129304
3009 62706 65715
2324 47173 49497
1482 30374 31856
1955 33761 35716
5899 109621 115520
3920 79552 83472
2521 44506 47027
3000 62759 65759
3369 67043 70412
2494 50306 52800
2931 57526 60457
2164 44214 46378
1502 28135 29637
3634 72529 76163
3004 64216 67220
6772 82661 89433
817 16514 17331
2763 57298 60061
1863 41139 43002
2332 52133 54465
1424 39519 40943
3708 81322 85030
2578 53548 56126
766 16354 17120
7593 145039 152632
7165 137440 144605
3750 71691 75441
2646 60888 63534
1896 39862 41758
2439 48670 51109
3136 49267 52403
3823 75304 79127
5416 103668 109084
3810 75223 79033
6828 118768 125596
2352 43340 45692
6771 117762 124533
1601 28031 29632
2835 54193 57028
861 16224 17085
2737 48973 51710
5539 111669 117208
1632 34964 36596
862 14487 15349
