12223 42071 54294
5888 22430 28318
13186 49165 62351
14275 49714 63989
12013 43484 55497
11974 42430 54404
7062 27697 34759
5298 19787 25085
9474 32219 41693
16984 64509 81493
4965 18256 23221
16604 57758 74362
16739 63841 80580
10968 40303 51271
6132 21855 27987
8492 30163 38655
18166 67828 85994
6472 25082 31554
13301 44732 58033
20554 73322 93876
21887 98855 120742
11154 40672 51826
6896 27645 34541
6116 23539 29655
9619 34007 43626
12309 48783 61092
4289 13609 17898
3478 11825 15303
3580 13242 16822
14585 51903 66488
17551 64235 81786
9889 32557 42446
16756 61904 78660
11955 47142 59097
13537 42674 56211
11201 40709 51910
14602 52183 66785
7379 24884 32263
13057 51322 64379
13209 50205 63414
2801 10837 13638
11433 44362 55795
10173 36774 46947
10244 35082 45326
8376 1921 10297
5478 20846 26324
16144 62405 78549
5168 17915 23083
11541 43057 54598
11584 40977 52561
5260 18067 23327
22641 76761 99402
5768 19586 25354
6144 20912 27056
9281 33328 42609
4221 14840 19061
29108 113076 142184
25519 90427 115946
22493 78693 101186
14058 55037 69095
4246 15829 20075
14766 51727 66493
4084 14622 18706
9078 29868 38946
6615 25778 32393
2584 9703 12287
5327 16887 22214
31293 119816 151109
6087 21619 27706
3209 11658 14867
3980 14776 18756
2346 9512 11858
15702 55965 71667
33077 119066 152143
10912 34504 45416
10371 35111 45482
12371 47148 59519
15803 57234 73037
14607 58066 72673
14189 54264 68453
4867 17851 22718
13764 60636 74400
25340 94970 120310
18544 70633 89177
22475 82571 105046
19819 75388 95207
9563 35573 45136
5035 17535 22570
12054 44591 56645
14912 56924 71836
22396 83158 105554
11127 42583 53710
8366 29267 37633
11938 47800 59738
3267 12486 15753
6803 26291 33094
7680 28700 36380
12438 46024 58462
8567 27131 35698
32206 120023 152229
11003 40673 51676
10441 41503 51944
14732 55464 70196
10425 40104 50529
3606 12344 15950
11869 40670 52539
12665 41648 54313
5833 24345 30178
11813 47438 59251
21191 80151 101342
7940 29686 37626
8672 30544 39216
16090 64273 80363
15706 60535 76241
2424 8785 11209
22680 81556 104236
12209 46706 58915
3041 10692 13733
2100 7790 9890
9027 32111 41138
3518 10715 14233
6267 23234 29501
8096 33253 41349
7317 27732 35049
14361 52474 66835
2631 9200 11831
6041 24409 30450
7949 28981 36930
32247 125790 158037
13702 50429 64131
11249 50949 62198
12281 49676 61957
20738 72233 92971
13954 57129 71083
11973 47487 59460
7401 26595 33996
11175 44214 55389
3552 13148 16700
9673 36227 45900
9467 34396 43863
3046 11458 14504
2456 9977 12433
3911 13988 17899
12195 48604 60799
12574 51042 63616
5148 18958 24106
9406 39556 48962
13776 53732 67508
8698 29397 38095
12847 48200 61047
19891 67869 87760
3535 11612 15147
6434 23848 30282
16788 63332 80120
5902 20077 25979
24711 85280 109991
19173 64612 83785
6668 24933 31601
9926 37558 47484
26035 109445 135480
12419 48174 60593
20986 76856 97842
9506 32002 41508
10137 42911 53048
9958 36316 46274
3648 14057 17705
7273 26839 34112
18784 58969 77753
11482 43105 54587
15580 59352 74932
5929 22069 27998
12080 49203 61283
4251 14652 18903
5600 21993 27593
6003 20850 26853
3043 11874 14917
6509 25152 31661
19164 64733 83897
12845 49889 62734
8475 31774 40249
4158 15472 19630
15203 55184 70387
4855 14638 19493
7722 30433 38155
11050 39928 50978
5872 23938 29810
6021 21643 27664
4748 19174 23922
5127 19391 24518
9019 33232 42251
6105 26964 33069
11826 46321 58147
5703 21074 26777
9142 32548 41690
13175 49655 62830
14219 56002 70221
10675 36573 47248
17744 72993 90737
6251 22007 28258
25819 93725 119544
17951 60664 78615
11475 45022 56497
7036 30084 37120
14380 54646 69026
11661 38324 49985
11927 42783 54710
4162 15054 19216
9329 33770 43099
10711 41755 52466
6525 24781 31306
17998 86553 104551
28379 104666 133045
6588 27316 33904
17316 61205 78521
9326 34683 44009
6175 18293 24468
7897 42389 50286
19932 70423 90355
14643 59090 73733
9626 37013 46639
9552 38849 48401
22414 85367 107781
14577 57127 71704
7838 29049 36887
10195 36263 46458
16079 57506 73585
14168 51823 65991
27006 102094 129100
7038 27866 34904
6020 22581 28601
2615 9448 12063
6587 22844 29431
9367 33423 42790
9390 33689 43079
15435 60653 76088
9722 34307 44029
5603 19930 25533
14666 53711 68377
8881 29035 37916
2529 9996 12525
13377 51188 64565
30204 114747 144951
12331 46463 58794
4717 17908 22625
14321 53179 67500
15128 48884 64012
4103 14618 18721
15743 56901 72644
7899 28775 36674
11257 39399 50656
29312 105032 134344
5471 24090 29561
16316 61814 78130
5858 22042 27900
3465 10520 13985
13498 46288 59786
13322 50930 64252
16013 61283 77296
19918 71427 91345
13945 52970 66915
22504 79797 102301
12128 40508 52636
18752 75423 94175
6273 23377 29650
5515 20061 25576
12381 45584 57965
27836 102066 129902
25399 97806 123205
11849 45034 56883
9346 34799 44145
6061 24078 30139
7835 27488 35323
25670 94305 119975
17106 65099 82205
10084 36856 46940
12014 48823 60837
13964 54697 68661
10440 36974 47414
12236 47794 60030
9511 35364 44875
5899 21562 27461
15931 60230 76161
11362 48405 59767
18021 67040 85061
3309 12726 16035
12005 49977 61982
8133 29367 37500
11575 44568 56143
4783 17097 21880
17174 65598 82772
11337 39701 51038
3235 11917 15152
35002 122029 157031
26407 98029 124436
14289 54415 68704
11272 45973 57245
8444 31217 39661
10221 36929 47150
10649 37276 47925
15468 56388 71856
20502 76732 97234
17049 58904 75953
27662 101228 128890
8517 29479 37996
27640 101037 128677
7346 24951 32297
13806 36516 50322
3312 13026 16338
10315 37291 47606
24240 90278 114518
6934 26719 33653
3027 11003 14030
