6053 47141 53194
3500 29484 32984
7164 54104 61268
7274 57629 64903
6863 55591 62454
6227 62789 69016
4020 35815 39835
3064 24859 27923
5167 42741 47908
9019 81417 90436
2736 22888 25624
8684 72190 80874
9417 74764 84181
6657 54279 60936
2957 25282 28239
5285 41778 47063
10119 80158 90277
3215 27082 30297
17021 56648 73669
10592 82383 92975
11845 113418 125263
5939 51117 57056
4090 31302 35392
3401 27980 31381
5895 42398 48293
7337 62637 69974
2374 18151 20525
1865 14613 16478
1900 16041 17941
7694 62151 69845
9163 70074 79237
5725 43722 49447
9894 75890 85784
6555 51515 58070
6152 51414 57566
5319 47077 52396
8003 66501 74504
3774 27266 31040
7532 59003 66535
7464 58743 66207
1607 12243 13850
6855 58197 65052
4905 43942 48847
5255 47295 52550
6817 4917 11734
3287 27906 31193
9239 78889 88128
3002 21762 24764
6379 52174 58553
6496 54908 61404
2904 24279 27183
11565 99671 111236
3079 24525 27604
3492 25612 29104
5091 40561 45652
2363 18994 21357
16062 128509 144571
13784 109903 123687
12038 93511 105549
7847 63029 70876
2440 21228 23668
8403 64587 72990
2076 17955 20031
5001 36214 41215
3946 34112 38058
1954 14453 16407
2591 19017 21608
17396 136821 154217
2918 24353 27271
2183 14062 16245
2047 17170 19217
1400 11686 13086
8252 66721 74973
18233 139299 157532
5328 41052 46380
5423 39755 45178
7201 57970 65171
9574 76165 85739
7420 62500 69920
7871 62976 70847
2545 21841 24386
7673 62680 70353
13229 110424 123653
10160 76310 86470
12094 99285 111379
12763 81303 94066
4892 39173 44065
2597 21876 24473
7058 55319 62377
7716 61613 69329
13258 106379 119637
5700 47368 53068
4501 36008 40509
6143 53499 59642
1714 15064 16778
3664 28886 32550
5140 34637 39777
6989 52651 59640
4649 35678 40327
17665 125715 143380
5488 48422 53910
5234 45025 50259
8352 60042 68394
5421 47189 52610
2360 14528 16888
5826 48011 53837
5096 46243 51339
3226 25599 28825
6234 51867 58101
10740 91555 102295
4046 32833 36879
5315 41160 46475
9037 70381 79418
7984 65458 73442
1225 10388 11613
13009 104783 117792
7151 61190 68341
1679 13001 14680
1065 9256 10321
5164 39352 44516
1698 13294 14992
3112 24966 28078
4292 39986 44278
3844 33661 37505
8035 58971 67006
1964 11099 13063
3380 28610 31990
4137 31879 36016
16308 134715 151023
8026 64722 72748
6665 54033 60698
7746 60265 68011
10915 88003 98918
7847 69653 77500
6688 55822 62510
4065 33886 37951
6353 51196 57549
1971 16452 18423
5123 41583 46706
3709 30621 34330
1619 13924 15543
1428 11740 13168
2383 19217 21600
6536 56132 62668
7809 62516 70325
2868 23611 26479
4924 42628 47552
7341 58657 65998
4794 34344 39138
6698 51880 58578
11342 83522 94864
1868 13191 15059
3427 26355 29782
9342 72264 81606
3222 25682 28904
11440 102741 114181
11459 85911 97370
3642 29583 33225
5723 47553 53276
14295 123340 137635
6836 56258 63094
11828 85709 97537
5236 41994 47230
5597 51000 56597
5685 43444 49129
1938 15573 17511
4351 36184 40535
8731 70819 79550
6556 55145 61701
9065 69767 78832
3395 26732 30127
5744 52534 58278
2550 19150 21700
3909 24820 28729
3185 26054 29239
1857 14662 16519
3540 29136 32676
9435 73687 83122
7062 57808 64870
4354 37665 42019
2162 18326 20488
8159 65655 73814
2432 19244 21676
4359 37456 41815
5302 47720 53022
3739 27587 31326
3265 27486 30751
2413 21376 23789
2701 25064 27765
4996 43669 48665
3560 28536 32096
7823 60771 68594
3026 22107 25133
5732 44275 50007
6857 56147 63004
8857 66606 75463
6065 51419 57484
9878 81748 91626
3587 28567 32154
13388 102365 115753
10196 82118 92314
5693 50088 55781
3442 29504 32946
7750 56794 64544
5065 36197 41262
6823 56861 63684
2293 17139 19432
5389 44763 50152
5110 45380 50490
4079 33112 37191
10216 83646 93862
14026 111027 125053
3741 33001 36742
9429 68342 77771
4747 40158 44905
1715 15338 17053
4072 33620 37692
10508 81662 92170
7395 58613 66008
4810 36524 41334
5035 38740 43775
12182 100386 112568
7226 60424 67650
3910 32126 36036
4903 42233 47136
8107 65334 73441
8562 68617 77179
14168 108223 122391
3907 32802 36709
3425 24549 27974
1279 11612 12891
3695 27870 31565
4634 35970 40604
5940 45363 51303
8128 66539 74667
5696 47053 52749
2706 22406 25112
8266 62765 71031
4992 37187 42179
2158 11567 13725
7021 54998 62019
17760 146973 164733
6872 56984 63856
2348 21611 23959
7579 58410 65989
7288 55417 62705
2161 19226 21387
9492 62584 72076
4074 32624 36698
5063 43323 48386
15800 123856 139656
2901 25624 28525
7733 66746 74479
3235 27490 30725
1775 12933 14708
7365 54155 61520
7832 65047 72879
8368 74665 83033
10151 81599 91750
8321 66617 74938
11142 88939 100081
6565 50984 57549
10021 100190 110211
3213 25094 28307
2802 25247 28049
6785 52712 59497
16946 129360 146306
15880 190917 206797
5990 49458 55448
5561 45356 50917
3209 26889 30098
4624 34190 38814
14195 124961 139156
8542 71412 79954
5529 45045 50574
6537 52500 59037
8082 65649 73731
5905 46046 51951
6512 53432 59944
5486 44415 49901
3192 25210 28402
8841 69231 78072
6872 58720 65592
10446 82986 93432
1834 15861 17695
6195 51826 58021
4368 37032 41400
5729 48879 54608
2558 20529 23087
9763 82238 92001
5298 43693 48991
1702 16587 18289
18066 147737 165803
22436 116277 138713
9079 73228 82307
6993 60027 67020
4900 41779 46679
5773 45220 50993
5505 43976 49481
8115 61211 69326
10445 103502 113947
8952 64408 73360
14293 120147 134440
4601 36205 40806
14353 105385 119738
3376 28586 31962
5393 43379 48772
2005 15358 17363
5350 42056 47406
12297 97208 109505
3929 32800 36729
1600 12334 13934
