10588 43405 53993
5570 23817 29387
11039 47391 58430
12596 56558 69154
12315 49725 62040
10352 42915 53267
6800 30542 37342
5910 20431 26341
9833 34200 44033
16063 81867 97930
5500 25422 30922
14321 56749 71070
14997 64716 79713
10078 42447 52525
6137 23836 29973
8390 34874 43264
16596 71109 87705
6021 26388 32409
11129 53929 65058
16484 70099 86583
21117 105902 127019
10475 44453 54928
6487 27688 34175
5405 24471 29876
10635 67572 78207
11715 56378 68093
4073 21714 25787
3776 13429 17205
3288 13871 17159
11587 52544 64131
16542 64959 81501
9060 36796 45856
14921 61513 76434
10235 45074 55309
10954 51285 62239
10011 40197 50208
15769 62769 78538
7302 25367 32669
11698 54055 65753
12046 53024 65070
2685 11608 14293
10637 45319 55956
9192 39185 48377
9737 40224 49961
7386 2211 9597
5679 23518 29197
14755 66959 81714
4636 19743 24379
11621 47680 59301
10764 48050 58814
6492 18983 25475
22830 86829 109659
5232 19080 24312
5850 24351 30201
8601 35511 44112
3631 15347 18978
23960 108408 132368
23298 97482 120780
21991 86131 108122
13087 56032 69119
3798 16930 20728
12313 54547 66860
3454 14371 17825
7954 33543 41497
5889 27675 33564
2808 10231 13039
3740 15673 19413
27508 114220 141728
5852 23509 29361
2759 12004 14763
3223 14144 17367
2342 10324 12666
13194 54699 67893
31768 135109 166877
9135 38501 47636
8254 33498 41752
11583 50549 62132
15613 66449 82062
14870 63875 78745
12156 59970 72126
4623 19267 23890
13434 61722 75156
24125 102576 126701
17630 73400 91030
20395 88237 108632
18326 75855 94181
7456 32220 39676
4897 20307 25204
11231 48914 60145
12399 54299 66698
21208 94479 115687
9641 42212 51853
8367 32248 40615
12158 50199 62357
3080 15385 18465
6318 27893 34211
9556 33951 43507
11196 52352 63548
7770 31913 39683
30157 125674 155831
10606 46551 57157
10487 42987 53474
13150 58555 71705
10490 47273 57763
3315 13917 17232
10170 41662 51832
8616 39718 48334
5684 22409 28093
11226 45351 56577
20581 89197 109778
7053 31994 39047
14224 37643 51867
14745 67667 82412
14217 66777 80994
2157 9619 11776
21786 85632 107418
12950 56409 69359
3231 12463 15694
1783 7918 9701
8344 34042 42386
2681 11152 13833
5772 24873 30645
8169 37717 45886
6579 30329 36908
16235 60286 76521
2928 10674 13602
5568 25900 31468
7370 27419 34789
28477 128946 157423
11910 53536 65446
11112 50012 61124
11527 49401 60928
16182 70033 86215
12790 63223 76013
10452 45296 55748
7300 31289 38589
11849 48950 60799
3368 14768 18136
8863 36288 45151
6275 28111 34386
2663 12821 15484
2313 9999 12312
3905 16695 20600
11522 50856 62378
11668 52265 63933
4873 20430 25303
8490 36920 45410
11674 52479 64153
7119 28688 35807
12871 49400 62271
18398 73336 91734
3005 11483 14488
5827 26837 32664
16694 61697 78391
5477 21502 26979
20293 98587 118880
17355 69458 86813
5314 24212 29526
9649 40945 50594
27158 119606 146764
11823 49186 61009
18359 73093 91452
9084 37636 46720
8926 43963 52889
9065 34147 43212
3207 14023 17230
6337 28993 35330
14709 61947 76656
11521 49275 60796
13783 61309 75092
5273 24098 29371
10648 50935 61583
3580 14764 18344
5204 22758 27962
5728 20659 26387
2723 12522 15245
5934 26151 32085
15477 62595 78072
12217 53339 65556
7727 33378 41105
3574 15199 18773
12283 59490 71773
4949 17172 22121
7103 30496 37599
9419 40738 50157
5682 26500 32182
5258 20650 25908
3866 18098 21964
4860 21782 26642
7932 39148 47080
5991 27389 33380
11012 62246 73258
4930 19760 24690
8924 37769 46693
11746 47873 59619
12668 57855 70523
9158 36599 45757
14679 62683 77362
5696 27512 33208
23077 91305 114382
16393 69348 85741
9446 44637 54083
5998 25754 31752
12095 50550 62645
7461 32660 40121
11528 48867 60395
3222 14173 17395
8114 35905 44019
16584 44578 61162
5972 25471 31443
16487 72609 89096
24920 116559 141479
5474 26443 31917
16505 64319 80824
8202 33802 42004
3110 12936 16046
7784 32754 40538
16686 75223 91909
10970 50972 61942
7955 31855 39810
8390 39963 48353
20391 87588 107979
13421 60353 73774
7068 31223 38291
8331 36729 45060
14521 60939 75460
12841 54764 67605
25489 109473 134962
5494 28363 33857
5273 21001 26274
2688 11159 13847
6160 22519 28679
8280 35233 43513
8968 37937 46905
12964 58759 71723
9432 40035 49467
5226 21970 27196
14246 61863 76109
8602 34351 42953
2390 10729 13119
12407 55211 67618
28019 131348 159367
12671 49862 62533
4530 20545 25075
12014 51151 63165
12999 54672 67671
3919 14527 18446
14053 63832 77885
7048 29364 36412
8740 37184 45924
25485 111342 136827
5317 22708 28025
14137 64415 78552
5677 22575 28252
3114 12845 15959
13217 53746 66963
12674 57732 70406
14345 64653 78998
18311 77462 95773
13298 54035 67333
20589 85308 105897
9952 39481 49433
16055 83531 99586
5874 25948 31822
5222 22583 27805
12325 52713 65038
27458 117381 144839
24946 114062 139008
11869 51168 63037
10608 41807 52415
6754 30802 37556
6840 34979 41819
27050 105376 132426
14328 63118 77446
10748 41752 52500
12512 53076 65588
12863 59611 72474
9275 36461 45736
12830 57236 70066
8661 38299 46960
5470 23127 28597
13609 60834 74443
11506 49061 60567
16243 72603 88846
3006 13814 16820
11459 55175 66634
7519 32056 39575
11404 54471 65875
4068 17511 21579
16648 70979 87627
9872 41950 51822
2790 12287 15077
28868 132118 160986
27281 112981 140262
12962 58262 71224
10297 48252 58549
7549 33437 40986
9436 37214 46650
10575 41357 51932
14293 62528 76821
17855 76826 94681
14867 60179 75046
25151 138827 163978
8168 34091 42259
26305 110408 136713
5368 23064 28432
10204 42717 52921
3072 14235 17307
9730 40174 49904
21431 97406 118837
6220 28089 34309
2708 12220 14928
