10225 75236 85461
5628 44177 49805
11445 83219 94664
12219 87165 99384
11618 85604 97222
10285 79965 90250
6189 53159 59348
4901 40165 45066
7540 61421 68961
14800 122829 137629
4478 36070 40548
12953 101005 113958
14717 115954 130671
10500 78179 88679
4878 41945 46823
7394 62697 70091
16607 126581 143188
5148 45996 51144
11646 88861 100507
17303 127190 144493
21559 161945 183504
8855 78373 87228
6127 50225 56352
5201 41430 46631
8205 65475 73680
11995 92341 104336
3113 31550 34663
2618 22683 25301
2717 26362 29079
11466 89754 101220
14415 104592 119007
9820 61114 70934
14982 109633 124615
10050 82142 92192
11191 81919 93110
8794 74905 83699
13204 97075 110279
5485 42576 48061
12258 93796 106054
12539 91395 103934
2435 21904 24339
10888 84178 95066
8047 68592 76639
9112 68291 77403
2666 23839 26505
5631 39685 45316
14676 118705 133381
3898 32542 36440
10816 83003 93819
10261 79392 89653
4585 34981 39566
19116 147568 166684
4740 37256 41996
6966 42529 49495
9033 63993 73026
3511 31101 34612
26165 192993 219158
22616 179329 201945
17998 133447 151445
13227 102560 115787
3466 31427 34893
13564 91952 105516
3004 27371 30375
7697 59321 67018
6312 48485 54797
2237 18132 20369
3464 30382 33846
36243 208927 245170
4860 37822 42682
3001 21821 24822
3093 27301 30394
2107 17424 19531
13894 102806 116700
28990 224256 253246
8535 65476 74011
8508 64231 72739
11289 81706 92995
13912 106726 120638
14129 97393 111522
13131 96671 109802
3783 32284 36067
13493 96034 109527
23179 158322 181501
15832 117072 132904
20653 143690 164343
16529 130045 146574
7744 57485 65229
3956 35245 39201
12037 87986 100023
13008 96648 109656
20679 154213 174892
10078 74101 84179
6510 55228 61738
10774 86343 97117
2499 23823 26322
6792 44174 50966
6517 56096 62613
11587 85045 96632
6503 51718 58221
28127 199985 228112
9456 75536 84992
9173 71152 80325
12740 92051 104791
9138 75361 84499
2574 25662 28236
10557 77344 87901
8671 74177 82848
4887 38918 43805
10320 81899 92219
19117 148018 167135
6302 51110 57412
7359 58066 65425
14590 114976 129566
14868 106858 121726
2034 17349 19383
20522 153038 173560
11159 89049 100208
2468 21110 23578
1920 15171 17091
7539 56386 63925
2461 19651 22112
5151 40309 45460
7320 64347 71667
7673 55885 63558
14194 93316 107510
2183 17847 20030
5812 41820 47632
6213 48569 54782
27613 215239 242852
12684 91393 104077
11209 83308 94517
11322 86367 97689
17311 131456 148767
12491 105763 118254
10901 79208 90109
6291 54049 60340
10959 77325 88284
2939 27414 30353
8248 65599 73847
8748 43929 52677
2934 24028 26962
1964 20036 22000
3165 28556 31721
10610 84027 94637
11529 90596 102125
4727 35625 40352
9344 68306 77650
12092 91404 103496
6674 55513 62187
11498 84208 95706
16501 121744 138245
2539 22206 24745
5578 44433 50011
14957 107437 122394
5750 37362 43112
20384 153994 174378
16189 125513 141702
5206 43530 48736
9791 71726 81517
27438 195706 223144
10108 84671 94779
18184 131763 149947
8060 62097 70157
8963 72711 81674
8500 94422 102922
2673 26345 29018
6413 53490 59903
13784 100832 114616
10608 82770 93378
14047 100587 114634
5646 44210 49856
10192 84268 94460
3730 27128 30858
5052 39665 44717
5232 36447 41679
3036 21224 24260
5797 43458 49255
15269 114426 129695
12253 85586 97839
7257 58551 65808
3720 27143 30863
12913 93186 106099
3651 30320 33971
6402 54520 60922
8799 67625 76424
5426 47322 52748
4726 37475 42201
3830 34713 38543
4617 36414 41031
7828 64688 72516
5629 45016 50645
10858 87007 97865
4178 34270 38448
8062 62956 71018
11712 81695 93407
13467 97517 110984
8488 63530 72018
14559 113872 128431
6019 42080 48099
22891 162726 185617
15759 116102 131861
10264 77547 87811
5735 49018 54753
12810 87778 100588
6244 55056 61300
10784 80686 91470
2845 25725 28570
8225 65815 74040
8707 71007 79714
5989 45340 51329
15217 114972 130189
23507 174018 197525
6247 46798 53045
13645 101724 115369
7610 61048 68658
2915 23569 26484
6132 53413 59545
15053 155535 170588
11436 89588 101024
6873 54961 61834
7557 60573 68130
18749 134037 152786
12788 91103 103891
6716 52149 58865
8296 68905 77201
14252 101741 115993
13060 96105 109165
23004 169605 192609
5640 46443 52083
4668 37080 41748
2445 19010 21455
5066 41670 46736
6738 55017 61755
8358 64875 73233
13320 105428 118748
8180 65028 73208
4275 34657 38932
13105 100345 113450
7551 60038 67589
2016 17712 19728
12137 85686 97823
28345 208918 237263
10458 82590 93048
4112 35288 39400
12553 94193 106746
11898 92081 103979
3219 26348 29567
13675 105732 119407
5975 47622 53597
8841 66577 75418
26905 178346 205251
5140 40276 45416
13577 112840 126417
4691 37680 42371
2424 20567 22991
12436 85876 98312
12141 92250 104391
13343 104716 118059
16225 122777 139002
13146 94543 107689
20517 139704 160221
9099 69602 78701
15176 142989 158165
5267 41323 46590
4639 35924 40563
11226 84697 95923
26380 186807 213187
24956 175894 200850
10064 76898 86962
7874 61981 69855
5828 45503 51331
6520 48751 55271
21997 164460 186457
14262 110822 125084
10365 65255 75620
11490 90096 101586
13007 97225 110232
9905 66441 76346
11812 89436 101248
7696 63368 71064
5587 42075 47662
13209 98911 112120
10917 85185 96102
15472 118636 134108
3197 22475 25672
10536 85908 96444
7028 54216 61244
10605 82599 93204
3463 31591 35054
14586 118130 132716
9431 71260 80691
2600 21583 24183
28947 216625 245572
25912 188541 214453
12811 93101 105912
10628 81953 92581
7251 59241 66492
8469 63659 72128
8536 64477 73013
14221 95327 109548
17374 138277 155651
13601 103652 117253
23975 177458 201433
8705 58304 67009
25103 174112 199215
5548 44679 50227
9063 72050 81113
4261 27333 31594
8071 65240 73311
20560 160868 181428
6672 46384 53056
2530 21365 23895
