17474 48504 65978
9675 30128 39803
21051 60091 81142
23558 63729 87287
20907 60219 81126
18597 53933 72530
11958 36889 48847
9098 30098 39196
15259 41726 56985
29890 84047 113937
8215 23849 32064
25638 70548 96186
30046 84443 114489
18417 53968 72385
9266 26558 35824
14582 41982 56564
32486 88972 121458
10453 30913 41366
20134 56504 76638
33393 89256 122649
37198 108874 146072
16833 50847 67680
11829 33964 45793
9504 28649 38153
15099 47966 63065
21514 61697 83211
6964 19941 26905
5409 16380 21789
5931 17396 23327
22854 60456 83310
28534 75913 104447
14859 42898 57757
29234 77831 107065
21389 52868 74257
20649 55244 75893
17059 49818 66877
24453 68620 93073
10776 30939 41715
23985 65075 89060
22861 62918 85779
4286 13810 18096
19889 57464 77353
15316 45888 61204
17176 45369 62545
4778 14968 19746
9321 28070 37391
29946 85829 115775
7719 22041 29760
19973 56367 76340
18944 53867 72811
9022 25279 34301
34673 101574 136247
9076 25228 34304
10895 29006 39901
15545 42503 58048
7542 20349 27891
61473 137244 198717
43058 114153 157211
33143 93945 127088
25538 71256 96794
7109 21389 28498
24001 64808 88809
6554 19370 25924
15237 40439 55676
11264 35141 46405
4221 13288 17509
6610 21184 27794
54690 154528 209218
8651 27273 35924
5684 15729 21413
6346 19171 25517
9171 11697 20868
28072 73533 101605
58677 158417 217094
16241 45232 61473
14394 42344 56738
20042 57349 77391
28009 78754 106763
24264 69102 93366
27410 70652 98062
7593 22001 29594
24646 68520 93166
40512 112772 153284
32738 86971 119709
38710 100297 139007
35159 91045 126204
15553 41586 57139
7488 24042 31530
20491 60253 80744
23236 71300 94536
36398 104553 140951
17582 51498 69080
12989 38047 51036
18549 55780 74329
5667 16398 22065
10372 31075 41447
13563 38111 51674
20663 57021 77684
12801 36426 49227
51740 138651 190391
17901 51302 69203
16534 49559 66093
22853 63196 86049
17712 51738 69450
5232 15320 20552
18282 50386 68668
15901 51471 67372
9116 25860 34976
19419 54526 73945
33018 99761 132779
12520 35385 47905
14936 39816 54752
27370 77629 104999
24880 74212 99092
3485 10576 14061
36900 106771 143671
21421 60242 81663
4755 14531 19286
2836 10237 13073
15111 39921 55032
4241 13851 18092
9947 28083 38030
17284 43514 60798
14438 38696 53134
24951 68032 92983
3714 11818 15532
9930 29443 39373
12778 34410 47188
50974 151165 202139
23988 67271 91259
19158 55887 75045
22665 67201 89866
34384 91655 126039
25885 73779 99664
19514 54540 74054
11890 39625 51515
21409 53806 75215
5738 17904 23642
14409 48272 62681
10215 33920 44135
4629 15355 19984
3856 12923 16779
7085 20785 27870
19806 58707 78513
23238 63535 86773
8141 24897 33038
15061 44545 59606
22163 61736 83899
12563 38529 51092
20880 56099 76979
35205 84648 119853
4909 15133 20042
9863 28257 38120
28447 79440 107887
9891 26019 35910
36290 114296 150586
33173 85588 118761
10160 30839 40999
15807 50178 65985
47616 135831 183447
19405 54973 74378
31899 91876 123775
14909 41708 56617
16375 53071 69446
16745 43736 60481
5656 17050 22706
12620 37486 50106
27536 75354 102890
21018 55442 76460
24734 68379 93113
10067 30168 40235
20444 55215 75659
6588 18481 25069
8567 25194 33761
9383 24560 33943
4539 14485 19024
10115 29959 40074
29783 80874 110657
19996 58160 78156
14251 38847 53098
6563 19683 26246
24678 70191 94869
6608 21328 27936
13261 37844 51105
17115 46689 63804
10518 30884 41402
8576 25187 33763
7285 23170 30455
8008 25061 33069
15638 44790 60428
10393 31454 41847
20565 60526 81091
8443 23812 32255
14718 44451 59169
20713 59259 79972
26509 72286 98795
16036 49116 65152
28952 80587 109539
11946 27395 39341
41982 114337 156319
29755 80172 109927
19539 57508 77047
10552 30777 41329
23844 62986 86830
12952 37079 50031
20646 55404 76050
6586 18777 25363
14340 43691 58031
19082 50684 69766
10940 32155 43095
31923 88368 120291
46616 125249 171865
10916 33916 44832
31473 78123 109596
16704 43683 60387
5382 18120 23502
13006 38489 51495
31787 86497 118284
21176 60539 81715
15003 41741 56744
15252 42356 57608
34924 106429 141353
23190 69036 92226
12945 36502 49447
15736 47781 63517
26038 70865 96903
23804 68297 92101
43998 145669 189667
11088 32490 43578
9192 26242 35434
3871 12311 16182
9554 28388 37942
15229 42146 57375
14853 45044 59897
26268 74247 100515
15956 46422 62378
8507 24241 32748
24816 72007 96823
15802 40981 56783
3990 13674 17664
21015 65315 86330
55879 158176 214055
21730 57229 78959
7782 23658 31440
22296 62457 84753
21978 63209 85187
6159 18588 24747
26463 71418 97881
12698 35194 47892
16176 47397 63573
45864 126840 172704
10090 31643 41733
25228 79109 104337
8595 25401 33996
4527 15226 19753
23169 63394 86563
24097 65622 89719
27533 76282 103815
33070 89252 122322
25259 66531 91790
35478 101030 136508
17916 51610 69526
30250 102530 132780
10742 28005 38747
8454 23975 32429
21467 59169 80636
49640 133794 183434
46475 130801 177276
17207 55724 72931
14673 44331 59004
10571 31332 41903
12811 33641 46452
43693 113422 157115
27285 80489 107774
16126 53917 70043
19736 61443 81179
21752 64904 86656
15708 45283 60991
21841 61131 82972
16886 45007 61893
10373 28675 39048
25959 73785 99744
19650 55941 75591
32117 84141 116258
5260 17042 22302
20549 59813 80362
13197 37247 50444
18164 53606 71770
7253 21713 28966
29182 83823 113005
16633 48213 64846
5413 16627 22040
52917 152015 204932
45314 136729 182043
23617 67472 91089
20610 57739 78349
12811 40775 53586
15301 45667 60968
15928 47042 62970
24033 66896 90929
31908 100699 132607
25435 70846 96281
45071 124661 169732
14770 40810 55580
47196 123133 170329
10588 29168 39756
16539 50287 66826
5132 17907 23039
16375 46192 62567
37816 108156 145972
11033 32435 43468
4410 13383 17793
