17371 56455 73826
9524 31824 41348
19477 63999 83476
22274 68603 90877
18650 62449 81099
17256 59647 76903
11442 39255 50697
8201 26952 35153
15707 44625 60332
26335 91458 117793
7900 26771 34671
23621 77927 101548
26804 95571 122375
17755 58093 75848
8641 28832 37473
13569 45454 59023
33012 93001 126013
9718 33081 42799
20926 61821 82747
33242 100859 134101
35641 122753 158394
15654 53363 69017
10779 41769 52548
9028 32588 41616
13367 49434 62801
19412 70567 89979
6180 21688 27868
5072 17286 22358
5608 19400 25008
21827 66950 88777
26966 82374 109340
13731 47479 61210
27153 86392 113545
18525 59375 77900
17798 60067 77865
15140 53388 68528
24755 74657 99412
9991 33988 43979
22267 72651 94918
19710 65020 84730
5098 15271 20369
18732 63177 81909
13900 47151 61051
15190 50633 65823
4350 16634 20984
8783 29621 38404
27469 94574 122043
7286 23914 31200
17675 61029 78704
18256 58741 76997
7743 25464 33207
31379 108664 140043
7458 26451 33909
9208 30982 40190
13102 44614 57716
6580 22116 28696
42754 144959 187713
41681 128066 169747
29927 103469 133396
23602 80821 104423
6622 22631 29253
23810 72844 96654
5799 20579 26378
13094 43159 56253
10607 39706 50313
3683 14874 18557
6131 22693 28824
49803 163284 213087
8192 31005 39197
5934 18226 24160
6379 20576 26955
3443 13479 16922
24994 80481 105475
53322 176125 229447
14024 48927 62951
14672 48564 63236
18275 61161 79436
26522 87484 114006
23161 74148 97309
22703 76647 99350
6721 24059 30780
21587 76157 97744
40290 125627 165917
28713 90474 119187
31421 111561 142982
30505 96881 127386
14406 45473 59879
6646 27184 33830
18350 59835 78185
21724 76835 98559
34508 115216 149724
15817 55976 71793
12765 42980 55745
19847 69630 89477
4887 18001 22888
9853 35127 44980
12633 41114 53747
21314 64039 85353
11562 41289 52851
49373 153516 202889
15924 59142 75066
16024 55256 71280
21639 69222 90861
15366 57406 72772
4684 18541 23225
16903 61256 78159
14436 52922 67358
7942 27250 35192
18938 61589 80527
32629 106884 139513
11581 40924 52505
14030 44331 58361
25932 83963 109895
25050 81313 106363
3366 11571 14937
34510 114891 149401
19151 69007 88158
4414 15223 19637
2507 10075 12582
12874 41194 54068
4301 15009 19310
9061 32693 41754
14798 49280 64078
13321 39763 53084
22794 69115 91909
3594 13161 16755
9117 30981 40098
11628 38322 49950
48828 170132 218960
21528 69925 91453
19217 62458 81675
21269 68833 90102
30612 98783 129395
22937 83368 106305
17873 59545 77418
11366 38992 50358
18308 60996 79304
5528 19416 24944
14257 68998 83255
10341 37156 47497
4748 17051 21799
3530 13548 17078
6169 21688 27857
18628 63813 82441
21525 68581 90106
9245 27366 36611
13446 50319 63765
21153 70455 91608
16039 39541 55580
18418 67866 86284
29924 89473 119397
4661 15562 20223
9166 31930 41096
26464 84220 110684
8221 27236 35457
32636 118087 150723
31023 94584 125607
9998 33571 43569
14659 51001 65660
45015 157570 202585
18974 61142 80116
28647 99589 128236
13531 46017 59548
14796 57090 71886
14724 50705 65429
4985 18547 23532
12897 39636 52533
24486 78222 102708
18594 60262 78856
23182 74240 97422
9791 31251 41042
17227 62513 79740
5620 20378 25998
7822 28132 35954
8530 27471 36001
4387 16152 20539
9643 34059 43702
27328 86779 114107
18966 62783 81749
14786 42821 57607
6184 23059 29243
21802 72361 94163
7906 22941 30847
11524 41963 53487
17210 54321 71531
9520 32491 42011
8257 29510 37767
6304 24949 31253
7682 27538 35220
15966 48259 64225
9099 36308 45407
20086 65078 85164
7378 25425 32803
13826 48585 62411
19705 64646 84351
23919 79470 103389
14101 47681 61782
26735 89681 116416
9011 32767 41778
36975 121148 158123
28477 90240 118717
16828 57430 74258
9999 35973 45972
22961 69069 92030
11725 41236 52961
17327 58867 76194
5731 21264 26995
12604 47785 60389
15347 52905 68252
10265 35629 45894
26574 90513 117087
41619 134217 175836
10382 34849 45231
25437 83302 108739
14328 45334 59662
4981 20260 25241
12428 40798 53226
28729 92305 121034
19325 64792 84117
13990 45519 59509
14388 46062 60450
33550 111754 145304
22581 75436 98017
11453 39125 50578
14387 50104 64491
26554 75552 102106
21834 75233 97067
39877 141156 181033
10368 33991 44359
9113 29650 38763
3628 13995 17623
9465 30259 39724
13750 44396 58146
13667 48318 61985
23770 77318 101088
14563 49929 64492
7799 30618 38417
24389 79466 103855
13769 44330 58099
3863 14057 17920
19624 67457 87081
47387 163636 211023
18057 62488 80545
6488 26712 33200
20699 70452 91151
20273 67197 87470
7022 21084 28106
22589 77993 100582
11673 38105 49778
17055 51528 68583
41547 136386 177933
9064 35898 44962
24995 82691 107686
9929 28135 38064
4169 16106 20275
20819 65082 85901
20140 69435 89575
24416 82010 106426
30680 95453 126133
22172 73463 95635
31045 104775 135820
15958 52886 68844
27276 113119 140395
9351 30820 40171
7313 27214 34527
19082 64551 83633
49080 147357 196437
42350 140971 183321
17762 56990 74752
15005 47426 62431
9277 35762 45039
11031 35025 46056
37303 119897 157200
26550 87824 114374
16720 45316 62036
18654 65809 84463
19660 72443 92103
14543 50103 64646
19462 64598 84060
14068 50850 64918
9307 30803 40110
22704 77913 100617
17488 59523 77011
29442 89886 119328
5057 16421 21478
18926 64384 83310
11809 39221 51030
17190 59411 76601
6070 24138 30208
25863 88301 114164
15008 51759 66767
4720 17016 21736
49061 166040 215101
42371 140910 183281
23063 70219 93282
19057 63007 82064
12027 43504 55531
15062 51513 66575
14277 47340 61617
23014 75288 98302
29465 101977 131442
26330 78924 105254
40760 135458 176218
13008 43403 56411
45434 130273 175707
9116 31055 40171
16008 56312 72320
5026 17305 22331
16043 51139 67182
34135 118413 152548
10349 34404 44753
4612 15366 19978
