29514 20860 50374
20114 13179 33293
37831 25571 63402
40920 28534 69454
36974 24153 61127
33787 22907 56694
22786 19364 42150
16612 11138 27750
25334 17094 42428
60045 34449 94494
14458 10374 24832
47043 28684 75727
49746 34666 84412
36538 22338 58876
15995 10940 26935
24583 17639 42222
69081 37910 106991
19575 12182 31757
40331 26217 66548
61640 38335 99975
66769 48529 115298
27850 20672 48522
20821 13834 34655
16225 12691 28916
25992 19484 45476
35397 27083 62480
11589 8209 19798
9689 6562 16251
9522 7809 17331
39009 27908 66917
47548 32506 80054
24815 17143 41958
48256 32126 80382
34153 23389 57542
33255 23234 56489
29361 21032 50393
49205 29776 78981
18960 12122 31082
39702 27372 67074
39769 29827 69596
7720 5631 13351
33836 23702 57538
23867 20682 44549
27275 19711 46986
8773 6272 15045
16201 11112 27313
51603 37169 88772
14190 10335 24525
35347 24133 59480
32519 22838 55357
16089 10030 26119
60493 44521 105014
15214 9622 24836
16740 12286 29026
32169 17185 49354
12141 8619 20760
82426 58573 140999
75226 57746 132972
57667 40590 98257
41213 29541 70754
12313 8904 21217
43828 28142 71970
12424 8277 20701
25340 16760 42100
18227 13389 31616
7374 5206 12580
11319 8672 19991
95122 65451 160573
15567 10470 26037
8794 6003 14797
10974 7680 18654
6579 4874 11453
45933 29370 75303
99430 74680 174110
25952 17724 43676
25434 18188 43622
35298 22887 58185
46349 34670 81019
41070 30064 71134
40774 30408 71182
13034 10215 23249
40252 29600 69852
72109 49464 121573
54368 35846 90214
55551 45010 100561
56528 37467 93995
26826 21831 48657
14646 9503 24149
36491 26083 62574
46473 31794 78267
63423 47024 110447
28096 21967 50063
22807 15862 38669
33277 27538 60815
9122 6180 15302
18326 13810 32136
27163 16942 44105
36941 24776 61717
21016 13995 35011
97920 62568 160488
30703 22231 52934
27073 19628 46701
40107 28310 68417
27871 21435 49306
9660 6485 16145
32071 22619 54690
27107 20968 48075
15995 11370 27365
32607 23814 56421
56758 50883 107641
23376 14345 37721
27279 17698 44977
46491 34478 80969
41318 30723 72041
5702 4479 10181
61858 45942 107800
36590 25616 62206
7820 5709 13529
4609 3425 8034
23657 17071 40728
7811 6311 14122
16014 12183 28197
25002 18092 43094
21256 14871 36127
39490 26205 65695
6314 4578 10892
15910 11099 27009
20539 14390 34929
92121 61451 153572
39018 28273 67291
31954 23243 55197
36036 24795 60831
54097 35851 89948
46705 30336 77041
32534 22011 54545
20076 14976 35052
34574 23944 58518
10800 6790 17590
23194 18781 41975
18792 13549 32341
8713 6682 15395
8007 5394 13401
11177 8558 19735
38261 24576 62837
37814 36403 74217
15270 12034 27304
25814 17908 43722
37604 27549 65153
21477 16964 38441
43554 24453 68007
53500 36966 90466
8579 5883 14462
17378 11818 29196
53772 34435 88207
15122 10572 25694
63188 46606 109794
56378 42825 99203
19730 13655 33385
28587 22193 50780
82476 58261 140737
38732 26186 64918
61672 39320 100992
27881 20794 48675
40253 23210 63463
29871 21234 51105
11433 7698 19131
27038 17057 44095
53906 35622 89528
38580 25112 63692
49215 42120 91335
19102 13975 33077
39995 27618 67613
12587 10278 22865
19217 11515 30732
18008 11442 29450
8645 6286 14931
16766 11928 28694
47405 31333 78738
33298 24539 57837
21231 14857 36088
10276 6974 17250
39074 28637 67711
11152 8354 19506
21255 14329 35584
28079 20340 48419
17072 11738 28810
16736 11831 28567
11743 10495 22238
15276 10777 26053
25675 18763 44438
20265 14623 34888
36401 25262 61663
13547 9002 22549
24148 16895 41043
35575 24965 60540
40149 29901 70050
25238 17325 42563
46772 33108 79880
17079 11784 28863
69834 48447 118281
49355 34633 83988
30281 22810 53091
17257 12232 29489
37636 25895 63531
20748 14818 35566
31184 22909 54093
10061 6627 16688
26843 18852 45695
27292 20949 48241
19565 13293 32858
49328 34881 84209
76420 54060 130480
20735 13011 33746
45050 33379 78429
25921 16260 42181
9925 7409 17334
23130 15751 38881
49225 34790 84015
34505 23863 58368
24346 16278 40624
24335 16639 40974
63168 44183 107351
42796 27087 69883
22165 14891 37056
24938 17935 42873
44818 29748 74566
38541 28524 67065
69977 51630 121607
18314 12952 31266
15854 11111 26965
7152 4597 11749
18214 11538 29752
22871 15481 38352
23522 17166 40688
42910 30813 73723
28331 20155 48486
13319 9949 23268
41123 30343 71466
25297 17039 42336
6552 5281 11833
36716 25890 62606
86807 67677 154484
31414 22547 53961
12791 9848 22639
36091 27711 63802
36560 25612 62172
9867 7307 17174
40702 28007 68709
21755 14211 35966
25164 18498 43662
79246 55230 134476
15930 10931 26861
43214 32416 75630
15524 9783 25307
8313 6094 14407
37946 25586 63532
38248 27876 66124
48629 31312 79941
50681 37077 87758
41400 28534 69934
56318 41293 97611
29948 19681 49629
48921 41373 90294
16796 10915 27711
14961 11570 26531
37364 26438 63802
85052 61705 146757
79527 54895 134422
30404 23812 54216
25451 18228 43679
17007 12107 29114
20946 12558 33504
69441 48900 118341
44358 32086 76444
24866 17715 42581
34212 25275 59487
39023 28398 67421
25471 18912 44383
40150 25767 65917
24678 18162 42840
18036 12192 30228
49331 29152 78483
32071 21778 53849
49605 35062 84667
9341 5884 15225
34285 25694 59979
21736 15048 36784
29113 21559 50672
12599 8637 21236
50011 34805 84816
26872 20097 46969
8660 6221 14881
91807 61089 152896
79882 56805 136687
40515 38951 79466
41588 27401 68989
21732 14426 36158
25641 18970 44611
25858 18056 43914
39744 27027 66771
53475 39419 92894
42473 28531 71004
71629 56230 127859
28400 16171 44571
76369 53245 129614
17426 12113 29539
27515 19538 47053
10310 6081 16391
29445 21118 50563
71122 45631 116753
19572 13248 32820
7387 5742 13129
