20781 43250 64031
12080 24847 36927
24036 49234 73270
28020 52568 80588
24903 48756 73659
22257 45866 68123
14961 29926 44887
10844 21951 32795
17957 34676 52633
36471 71613 108084
9736 20821 30557
31470 58927 90397
34632 69258 103890
24997 45379 70376
10690 22757 33447
17901 34893 52794
38058 75188 113246
13474 25894 39368
24113 54339 78452
39950 77245 117195
46260 98059 144319
19059 43407 62466
15277 29262 44539
11729 25301 37030
18689 38995 57684
27236 54704 81940
8119 16797 24916
8178 13068 21246
6583 13974 20557
25042 51326 76368
37076 63269 100345
17333 35164 52497
34578 64551 99129
22572 47297 69869
24548 47525 72073
19765 41054 60819
29591 59856 89447
12223 25027 37250
26761 55778 82539
25435 50165 75600
5234 11262 16496
23744 48472 72216
17227 38579 55806
19052 39361 58413
5411 12077 17488
11486 22884 34370
37076 73979 111055
9419 18543 27962
22102 47759 69861
21871 46101 67972
9953 20310 30263
44698 89827 134525
9966 21565 31531
12381 25540 37921
18544 35144 53688
8382 17104 25486
55056 114732 169788
49684 97997 147681
38490 84316 122806
28081 58678 86759
8021 20106 28127
31683 58555 90238
9017 16495 25512
17323 32515 49838
13275 27951 41226
5046 10677 15723
8099 17549 25648
67203 127118 194321
10093 23532 33625
6609 13076 19685
7646 16428 24074
4323 10401 14724
35291 60863 96154
70931 132696 203627
17741 37729 55470
17851 39143 56994
23478 53582 77060
33515 69468 102983
28510 58433 86943
29650 58283 87933
10750 20776 31526
29260 61895 91155
47235 95083 142318
41569 71654 113223
40668 84518 125186
41487 74230 115717
18172 33550 51722
9056 20286 29342
25232 49449 74681
27970 59161 87131
43530 89602 133132
20493 42861 63354
15835 32522 48357
22685 48360 71045
6383 13432 19815
12313 26793 39106
16171 31672 47843
24818 51789 76607
16239 29262 45501
62049 117535 179584
21951 44799 66750
20287 42530 62817
28253 54998 83251
23087 45300 68387
6220 14264 20484
23094 43684 66778
18580 41042 59622
10385 24272 34657
22141 48573 70714
42851 88494 131345
15682 29595 45277
17846 36153 53999
34231 67572 101803
30722 61080 91802
4013 8814 12827
43377 89287 132664
26915 50985 77900
5772 11710 17482
3495 8337 11832
17279 32983 50262
5475 11895 17370
11375 23476 34851
17834 38019 55853
15549 31548 47097
28184 53652 81836
5045 9880 14925
10976 24769 35745
15364 28552 43916
65580 127001 192581
28392 54553 82945
23636 49143 72779
25445 52458 77903
41339 78422 119761
30610 68674 99284
23044 46372 69416
15354 32583 47937
23139 45586 68725
8251 17172 25423
17347 37460 54807
12443 25708 38151
6261 12634 18895
5015 9746 14761
8071 16505 24576
21770 48009 69779
25977 53987 79964
9624 20810 30434
17087 37910 54997
26029 54450 80479
15347 30428 45775
23877 47682 71559
37395 77217 114612
5930 11605 17535
11838 23990 35828
34902 66408 101310
10256 21040 31296
41644 93536 135180
37719 71819 109538
12154 25185 37339
19021 40940 59961
57803 112369 170172
22404 48168 70572
38089 78641 116730
17960 36572 54532
19013 41404 60417
18381 38433 56814
6725 14070 20795
16970 29099 46069
35619 60574 96193
23004 47211 70215
30393 57795 88188
12333 24728 37061
22194 48300 70494
7835 15825 23660
10486 21982 32468
10336 21509 31845
5762 11284 17046
12399 23794 36193
37305 66946 104251
24404 50428 74832
16902 32824 49726
8147 16317 24464
28322 53143 81465
8081 17798 25879
17789 31596 49385
19717 40070 59787
11764 25442 37206
10850 22874 33724
9705 19935 29640
9920 21546 31466
19518 37080 56598
11394 26141 37535
23650 51143 74793
9820 20258 30078
18959 37433 56392
24621 51046 75667
30298 58317 88615
20325 38173 58498
37520 68687 106207
11900 23111 35011
51384 99054 150438
36273 72608 108881
20568 44686 65254
14896 26974 41870
28294 53886 82180
16270 32815 49085
22894 47302 70196
7805 16663 24468
17284 40393 57677
19339 42384 61723
13976 27063 41039
35580 68571 104151
53088 108863 161951
12789 29682 42471
35718 64326 100044
18671 35709 54380
6973 13502 20475
16394 31819 48213
38158 67285 105443
27480 52372 79852
17395 34197 51592
17737 35824 53561
40942 91572 132514
33886 59023 92909
14963 29264 44227
17929 40413 58342
32249 58001 90250
26995 58828 85823
51128 108272 159400
12748 28871 41619
10733 22959 33692
4617 10708 15325
11354 23974 35328
17027 33484 50511
17914 36109 54023
33792 62887 96679
19075 40649 59724
10021 20019 30040
27978 57624 85602
17471 34614 52085
4499 12137 16636
24748 54734 79482
60883 129565 190448
22842 48128 70970
9219 19674 28893
26703 53624 80327
28373 57098 85471
7890 16127 24017
32165 59756 91921
15627 29146 44773
19677 42705 62382
54998 104930 159928
10588 23507 34095
32591 66270 98861
12189 22977 35166
5813 11540 17353
26227 52457 78684
25870 53738 79608
32798 61584 94382
39784 75458 115242
28415 56374 84789
41046 83702 124748
22241 40425 62666
35134 88860 123994
12110 24528 36638
10230 19760 29990
25293 53071 78364
59026 113846 172872
58931 110193 169124
23535 47124 70659
17816 36492 54308
12037 24831 36868
15465 28644 44109
51900 98780 150680
34004 69051 103055
19015 39289 58304
22571 51949 74520
27168 55791 82959
17488 37803 55291
24894 51300 76194
19213 37227 56440
11735 25546 37281
30683 60286 90969
22540 45992 68532
35976 68939 104915
6623 12496 19119
22770 49696 72466
15997 30208 46205
20928 48259 69187
8922 19021 27943
34363 67609 101972
19922 41220 61142
5560 12523 18083
61462 125743 187205
54521 109813 164334
28340 55262 83602
23575 48751 72326
16674 33526 50200
20748 37201 57949
18794 41448 60242
29209 56491 85700
37683 83358 121041
33270 60597 93867
51306 111152 162458
17903 35902 53805
52341 103984 156325
13052 26138 39190
21806 44148 65954
6592 13217 19809
18973 38827 57800
44105 95955 140060
13314 26848 40162
5789 11370 17159
