22553 38355 60908
12733 22521 35254
26973 44818 71791
32109 51529 83638
27503 44166 71669
23880 41906 65786
15659 29228 44887
11897 20551 32448
18324 30265 48589
36794 63701 100495
10861 18754 29615
33450 52331 85781
41056 65827 106883
25266 40649 65915
12697 21823 34520
20986 30184 51170
41089 69612 110701
12889 23585 36474
25369 48043 73412
41574 68508 110082
50014 88718 138732
21081 37990 59071
15469 26008 41477
12372 22095 34467
18478 33844 52322
27716 47472 75188
8852 14743 23595
7285 12604 19889
7702 13438 21140
28181 47749 75930
39313 58252 97565
18715 32779 51494
36747 59583 96330
24090 42923 67013
26141 44534 70675
21722 38372 60094
32263 52941 85204
13986 23380 37366
30102 49825 79927
26819 46649 73468
5716 10997 16713
25560 42962 68522
18363 36371 54734
21185 35282 56467
6138 11653 17791
12278 20698 32976
37791 79520 117311
9759 16841 26600
25873 43016 68889
23264 40845 64109
10969 18859 29828
45535 77942 123477
10985 19004 29989
13426 21898 35324
18959 30848 49807
8926 15276 24202
60996 105708 166704
53558 91633 145191
41653 74003 115656
31540 55922 87462
8936 16423 25359
33942 52278 86220
8534 16930 25464
18890 29896 48786
14638 25755 40393
5009 9742 14751
8230 16028 24258
73186 110675 183861
11266 20294 31560
6432 11362 17794
8115 16533 24648
4807 9237 14044
37041 53749 90790
74513 120428 194941
19572 34403 53975
20561 32286 52847
24703 43462 68165
36335 59556 95891
31480 52445 83925
31632 54348 85980
9231 16795 26026
31842 55188 87030
50501 86395 136896
39483 67268 106751
43463 76712 120175
42211 67480 109691
20942 33345 54287
9224 17275 26499
25857 45659 71516
30595 55468 86063
47959 83783 131742
23197 39259 62456
17423 29094 46517
24580 44601 69181
8049 12053 20102
13542 24173 37715
18056 29305 47361
29136 45066 74202
17235 25912 43147
70298 109927 180225
23033 40275 63308
23124 38496 61620
30646 53277 83923
22269 41079 63348
6659 11760 18419
25053 40617 65670
21379 40151 61530
11022 19607 30629
23740 42919 66659
43065 80524 123589
16409 29606 46015
18775 32531 51306
36690 60833 97523
32602 53861 86463
4713 8336 13049
46141 83293 129434
26204 46833 73037
6556 11212 17768
3504 7306 10810
18648 29138 47786
5819 9927 15746
12225 20777 33002
18732 32818 51550
18431 27833 46264
34123 53273 87396
4667 9021 13688
14631 22080 36711
16623 25422 42045
69488 121638 191126
30473 49109 79582
24748 44406 69154
26568 45651 72219
41969 67501 109470
33811 57269 91080
25257 42578 67835
16751 27382 44133
24182 42589 66771
7673 12718 20391
19470 34325 53795
13661 23228 36889
6348 10901 17249
5147 8987 14134
8943 15216 24159
23898 46546 70444
28998 49572 78570
11936 18978 30914
19139 34015 53154
27670 48210 75880
16770 29715 46485
26114 45324 71438
42377 63641 106018
6490 10946 17436
12380 21716 34096
39492 59885 99377
11206 18931 30137
46207 86645 132852
39580 66560 106140
12879 23100 35979
19994 34359 54353
59610 103839 163449
27107 41780 68887
43617 71035 114652
18664 31290 49954
21506 37960 59466
19467 31927 51394
7016 12649 19665
15791 28557 44348
35855 59576 95431
24334 42862 67196
32918 52662 85580
12798 21737 34535
23156 45223 68379
9839 15752 25591
11627 19132 30759
11620 18451 30071
6056 11018 17074
13128 24302 37430
38641 59536 98177
25586 44442 70028
17604 28112 45716
8676 14350 23026
31944 50979 82923
9136 16112 25248
16073 26962 43035
22005 36593 58598
12810 23701 36511
11315 19299 30614
8990 17359 26349
10467 19739 30206
20060 33021 53081
12882 24561 37443
25517 44390 69907
10545 17786 28331
17947 31670 49617
27363 46903 74266
33019 52793 85812
19930 39918 59848
36778 61133 97911
11830 21989 33819
50951 89437 140388
41178 61938 103116
22409 44658 67067
14541 24565 39106
30595 50096 80691
16731 28658 45389
24630 42116 66746
9474 13408 22882
18443 33458 51901
21291 38011 59302
15405 25061 40466
39655 63852 103507
58212 96167 154379
14383 25669 40052
38277 57517 95794
21267 31446 52713
6714 12394 19108
17304 28260 45564
37259 63571 100830
26277 45246 71523
19036 30469 49505
18382 32293 50675
44300 74063 118363
31538 53241 84779
16653 25771 42424
20273 35526 55799
33026 50918 83944
34040 55665 89705
53706 93196 146902
14388 24734 39122
11677 20196 31873
5460 8848 14308
12067 21601 33668
18505 30801 49306
19294 33414 52708
33761 59026 92787
19464 35713 55177
11251 18369 29620
33201 54033 87234
18721 31891 50612
5001 9968 14969
29348 47220 76568
74670 116923 191593
24148 41680 65828
11432 16970 28402
28652 52627 81279
29763 47871 77634
8477 15964 24441
32965 55676 88641
16252 25506 41758
21002 36246 57248
58950 94993 153943
11383 20860 32243
33413 57700 91113
11294 19609 30903
6759 11071 17830
30518 47245 77763
29119 49107 78226
39275 55749 95024
41489 70044 111533
32704 54329 87033
43034 78322 121356
21790 37904 59694
39895 77155 117050
13539 21429 34968
10072 19054 29126
26879 46219 73098
64448 106879 171327
57077 99849 156926
23430 41415 64845
18739 32282 51021
13297 23632 36929
15491 24305 39796
51016 89607 140623
38168 64080 102248
19810 36359 56169
26078 46683 72761
28594 51072 79666
19505 34838 54343
26386 45499 71885
18503 33546 52049
12608 21419 34027
33714 53296 87010
25596 42883 68479
41243 65472 106715
6600 11642 18242
26688 47333 74021
18135 28167 46302
25373 45391 70764
8832 15691 24523
37488 62928 100416
20565 36164 56729
6674 11827 18501
68044 114440 182484
56898 99203 156101
31544 49280 80824
25384 45346 70730
17817 29209 47026
22596 34517 57113
20163 34819 54982
31206 51453 82659
40277 72917 113194
35745 55310 91055
62137 99159 161296
18961 30015 48976
56068 96595 152663
13081 21200 34281
21619 37786 59405
7460 11885 19345
20715 34679 55394
48651 85095 133746
14081 23923 38004
5524 10570 16094
