19870 46783 66653
10876 26856 37732
26588 54376 80964
25474 59439 84913
23070 52770 75840
20884 48801 69685
13228 34039 47267
9322 23018 32340
16620 38086 54706
31751 75012 106763
8674 22054 30728
27388 64967 92355
32811 77026 109837
19760 50293 70053
10094 25872 35966
16169 39829 55998
36886 80894 117780
11839 28505 40344
22490 53839 76329
36244 87501 123745
41713 106325 148038
18494 46784 65278
14591 34333 48924
10689 26436 37125
17063 43104 60167
23001 56646 79647
9598 19955 29553
6607 16685 23292
7166 17079 24245
23203 56228 79431
34171 74185 108356
17353 40864 58217
32376 72847 105223
20862 49477 70339
21547 51016 72563
19155 50088 69243
27053 63380 90433
11242 27862 39104
29428 62054 91482
23685 53476 77161
5315 13173 18488
22340 53093 75433
16494 42642 59136
17653 43452 61105
5930 13903 19833
10586 25516 36102
33186 80565 113751
8349 20674 29023
21184 54557 75741
20313 50819 71132
9025 22930 31955
39337 93788 133125
11376 23561 34937
11336 26949 38285
17027 38842 55869
7751 19828 27579
53200 129854 183054
47756 110805 158561
38273 90153 128426
26336 63069 89405
7656 20205 27861
26681 58525 85206
6824 19104 25928
16525 37479 54004
12111 30830 42941
4750 11821 16571
7403 19571 26974
63726 143819 207545
9808 23574 33382
5643 14302 19945
7387 17003 24390
4050 10619 14669
29425 66371 95796
64447 152356 216803
16500 40555 57055
17380 42636 60016
21624 51648 73272
32325 73388 105713
25824 63394 89218
27659 63851 91510
7413 20025 27438
25160 66573 91733
44450 106138 150588
35162 80485 115647
38167 94491 132658
36476 82416 118892
19029 37207 56236
9397 21795 31192
22690 52466 75156
25129 61593 86722
39963 99226 139189
19460 47255 66715
15001 36278 51279
21435 52862 74297
7189 17156 24345
11581 28652 40233
17358 36448 53806
23153 53034 76187
14688 31835 46523
58663 131351 190014
19785 48932 68717
17547 44497 62044
30461 60448 90909
18669 48142 66811
5656 14727 20383
20742 47872 68614
17310 49691 67001
9948 23245 33193
25294 52909 78203
39843 95648 135491
14441 34451 48892
17326 39214 56540
31062 72465 103527
27425 67730 95155
4206 12345 16551
42698 99453 142151
22861 54455 77316
4956 13020 17976
3180 8698 11878
16462 34384 50846
4879 12963 17842
10629 26108 36737
15650 41749 57399
14313 34146 48459
27199 61708 88907
4196 12658 16854
12142 27051 39193
15393 32331 47724
56482 145788 202270
30603 60633 91236
21505 52433 73938
24607 55938 80545
36085 81601 117686
26753 70353 97106
21104 50694 71798
14298 36091 50389
21071 48925 69996
7110 16384 23494
15780 40797 56577
12072 28274 40346
5383 13947 19330
4715 11176 15891
8269 19882 28151
21381 51149 72530
23538 58870 82408
9354 23356 32710
16795 41960 58755
24551 59120 83671
13649 33827 47476
22948 52593 75541
38980 78415 117395
5109 14788 19897
11088 25572 36660
32067 72830 104897
9587 23355 32942
39795 104790 144585
35702 79759 115461
10994 27976 38970
17783 43590 61373
51043 128139 179182
21136 52916 74052
36391 91198 127589
16163 40479 56642
17862 46072 63934
18188 40147 58335
6735 15555 22290
14205 34433 48638
29297 67796 97093
22748 50656 73404
28015 65639 93654
14060 26331 40391
19672 53277 72949
7459 17383 24842
9448 23800 33248
9865 22633 32498
4877 13221 18098
11364 28344 39708
32660 77373 110033
22720 54745 77465
17943 36611 54554
7143 18275 25418
24707 61186 85893
7630 18824 26454
14063 34852 48915
20810 48041 68851
11523 28498 40021
9842 23134 32976
7961 23263 31224
8858 23315 32173
17122 41389 58511
11291 31007 42298
23695 54880 78575
9662 22118 31780
15916 41049 56965
22758 54236 76994
27327 63271 90598
17157 42319 59476
33652 72654 106306
10784 27869 38653
45419 107180 152599
33158 75691 108849
19159 50182 69341
11881 29299 41180
26789 57055 83844
13715 33564 47279
21127 50869 71996
7272 17588 24860
15336 40168 55504
20950 46409 67359
12314 29787 42101
37427 81333 118760
49625 118780 168405
11758 32394 44152
31714 71205 102919
17207 39675 56882
5853 15234 21087
14211 35804 50015
33867 76497 110364
23879 55249 79128
16919 36573 53492
16559 40930 57489
39007 92743 131750
27863 62083 89946
14061 33347 47408
17622 42561 60183
28276 63310 91586
25682 66826 92508
46591 115716 162307
12156 29417 41573
9715 25199 34914
4397 11685 16082
11804 25090 36894
16727 37167 53894
16785 40701 57486
28218 68911 97129
16812 42726 59538
9455 22299 31754
28570 68178 96748
17068 40856 57924
4477 11898 16375
25013 57915 82928
57314 139478 196792
21587 52024 73611
8282 22425 30707
29658 60719 90377
24526 56469 80995
7205 18146 25351
29089 65074 94163
13699 31832 45531
18173 43582 61755
52897 116471 169368
10236 26727 36963
27750 69075 96825
9583 22760 32343
5133 13269 18402
24461 54301 78762
26593 61303 87896
28967 69198 98165
38517 82491 121008
27630 60044 87674
38903 94925 133828
18927 44378 63305
34161 95914 130075
11554 26688 38242
8878 25276 34154
24074 55147 79221
55486 120776 176262
50436 124137 174573
19867 48173 68040
15729 40033 55762
13137 28351 41488
13172 31878 45050
45624 106250 151874
33716 74836 108552
19453 39863 59316
21537 55701 77238
24925 59556 84481
17198 44299 61497
24556 55212 79768
18426 40681 59107
10666 25290 35956
26557 65329 91886
23459 49546 73005
33592 77139 110731
6862 16153 23015
22646 55477 78123
14382 34209 48591
19538 51257 70795
8754 19725 28479
34518 75690 110208
17987 43997 61984
6502 15730 22232
58627 142718 201345
50717 122123 172840
25361 60279 85640
23166 57138 80304
16023 35411 51434
16977 41518 58495
19037 43787 62824
26413 63779 90192
35903 88087 123990
28280 66467 94747
48569 116088 164657
17162 36972 54134
50436 114002 164438
12510 27216 39726
17999 45653 63652
10279 15083 25362
17358 42947 60305
44471 103162 147633
12338 30117 42455
4981 14267 19248
