24361 33819 58180
15071 20275 35346
28551 42688 71239
33006 42956 75962
27538 38769 66307
25590 38113 63703
17540 25691 43231
12391 17170 29561
19589 26839 46428
39630 54604 94234
12341 16763 29104
35431 46395 81826
40275 55867 96142
25132 34343 59475
14681 19120 33801
19867 29657 49524
43972 58938 102910
14395 20809 35204
27334 39932 67266
44846 64367 109213
51325 80557 131882
23058 33821 56879
16551 23392 39943
13232 18746 31978
20556 30327 50883
29672 42231 71903
9274 13142 22416
7723 10225 17948
8080 12080 20160
29926 44452 74378
42401 52112 94513
20259 28305 48564
40537 52971 93508
27690 38384 66074
26476 38745 65221
22022 32885 54907
34193 47848 82041
17461 20440 37901
35885 48269 84154
29918 40618 70536
6541 9275 15816
27325 38842 66167
20086 30323 50409
22025 31512 53537
6754 10821 17575
12698 18336 31034
40270 57933 98203
9978 15697 25675
26084 37819 63903
25367 36485 61852
11075 16812 27887
50990 66443 117433
11473 16857 28330
13346 18585 31931
20435 26320 46755
9270 12660 21930
64616 90946 155562
54477 77651 132128
44434 65832 110266
33244 46651 79895
9884 14404 24288
38293 44301 82594
9289 13315 22604
19727 25621 45348
15731 22878 38609
5815 8333 14148
9039 13278 22317
79590 102824 182414
12187 16993 29180
7229 10925 18154
9124 11844 20968
5694 7564 13258
38055 50264 88319
81071 111705 192776
21131 30010 51141
20108 28960 49068
26134 37271 63405
39364 52838 92202
34463 45396 79859
33783 48255 82038
9721 15982 25703
34198 47287 81485
57869 77762 135631
45408 60085 105493
47946 68364 116310
46350 64097 110447
20377 26122 46499
10522 16446 26968
28132 39063 67195
34525 48236 82761
51047 73640 124687
24637 34469 59106
17774 25394 43168
25627 38641 64268
7992 10440 18432
14821 20699 35520
18704 24551 43255
27652 42649 70301
17586 23084 40670
74304 95523 169827
25405 35093 60498
22216 31017 53233
32013 46183 78196
23770 36841 60611
7518 10185 17703
24753 36585 61338
22123 32405 54528
11788 16236 28024
25736 37840 63576
47594 69694 117288
17787 23784 41571
19939 26748 46687
39102 54700 93802
35880 50479 86359
4815 7020 11835
49449 72502 121951
28046 41437 69483
6835 9576 16411
3983 5995 9978
19693 26118 45811
5810 8785 14595
13170 18935 32105
20204 28241 48445
18680 25471 44151
35389 44934 80323
5516 7800 13316
13763 19571 33334
18140 22936 41076
73664 101860 175524
32794 46270 79064
25074 37580 62654
30827 41830 72657
45807 62722 108529
33907 53399 87306
26065 37597 63662
17103 24550 41653
26186 38374 64560
8331 11927 20258
21761 28762 50523
15230 21085 36315
7035 9520 16555
5638 7978 13616
9262 12750 22012
26379 39288 65667
30473 42956 73429
11778 16891 28669
20856 29232 50088
32091 42585 74676
18004 24584 42588
27520 39282 66802
44148 56820 100968
6574 9727 16301
13793 19471 33264
40328 52580 92908
11852 16993 28845
49559 74458 124017
42474 58598 101072
14188 19707 33895
22222 31660 53882
65470 98103 163573
26956 39312 66268
43505 61870 105375
20328 29034 49362
22763 34500 57263
22182 27608 49790
8210 12504 20714
18162 25985 44147
37511 51181 88692
26694 36371 63065
35501 50299 85800
14617 19393 34010
24878 37534 62412
8903 13122 22025
11558 18129 29687
12300 16897 29197
7688 9308 16996
14304 21088 35392
44267 62122 106389
26997 39493 66490
18791 25546 44337
8854 13505 22359
40025 57483 97508
10580 16025 26605
17207 27992 45199
25612 34410 60022
14279 22566 36845
12689 17462 30151
9825 15880 25705
11201 16699 27900
20696 29188 49884
13883 22993 36876
27153 39223 66376
11561 16224 27785
19411 28675 48086
28094 39445 67539
35858 51843 87701
21170 30245 51415
39534 55882 95416
14307 19543 33850
55999 82271 138270
40589 52871 93460
24971 38756 63727
15292 21034 36326
33304 43800 77104
17931 24750 42681
26251 38135 64386
8791 12238 21029
20074 32905 52979
22983 33335 56318
16207 23123 39330
41149 56690 97839
58916 85529 144445
16117 23383 39500
38626 55860 94486
22586 28860 51446
7495 11068 18563
17852 25217 43069
45102 55448 100550
27617 39317 66934
19873 27092 46965
21582 27229 48811
46615 68286 114901
32946 46527 79473
19348 24186 43534
22580 31443 54023
37768 49495 87263
32446 45626 78072
57966 86938 144904
15345 22187 37532
12196 18056 30252
5467 8161 13628
13574 20713 34287
20588 26955 47543
22910 29757 52667
36890 50806 87696
21576 31811 53387
11247 16332 27579
33876 48599 82475
20734 26979 47713
5965 8495 14460
28248 44177 72425
70814 103066 173880
26198 38450 64648
9734 16248 25982
33193 44453 77646
31485 43268 74753
8503 12236 20739
35754 50772 86526
17883 22643 40526
21452 30793 52245
65997 91376 157373
13121 18637 31758
36487 49652 86139
13243 19396 32639
7077 9805 16882
32700 41998 74698
31670 44496 76166
36603 53138 89741
47603 59385 106988
33395 46066 79461
46489 69465 115954
23573 33541 57114
40930 69018 109948
12993 18194 31187
12367 16963 29330
31484 40050 71534
69409 93440 162849
59630 87222 146852
31190 35280 66470
21201 29411 50612
14546 19922 34468
16772 23075 39847
55102 81013 136115
41184 58727 99911
20367 29418 49785
26722 40904 67626
32528 46046 78574
21011 30109 51120
28808 40917 69725
19272 31278 50550
14946 19543 34489
34952 50283 85235
25846 37927 63773
42785 58024 100809
7559 11994 19553
27379 41228 68607
18280 24489 42769
24347 36915 61262
10783 13836 24619
40630 56287 96917
22314 32836 55150
7576 11260 18836
77235 103585 180820
65144 93350 158494
34610 45361 79971
28054 39667 67721
18740 26276 45016
21450 30371 51821
21825 30450 52275
34817 46561 81378
43743 66894 110637
37779 49885 87664
60439 85296 145735
20117 28068 48185
63463 85053 148516
13787 19077 32864
26034 36272 62306
7439 10347 17786
21610 30967 52577
50916 76402 127318
16211 22613 38824
7260 9190 16450
