13351 60703 74054
7351 37197 44548
15670 73317 88987
17327 79809 97136
15273 72285 87558
14572 68519 83091
9420 46126 55546
6333 31898 38231
11284 50626 61910
21959 101714 123673
6528 30581 37109
21849 88171 110020
22011 101098 123109
13873 65227 79100
6693 34179 40872
11213 49805 61018
24544 105410 129954
7810 38670 46480
15985 74421 90406
24319 111135 135454
29486 139219 168705
13485 64248 77733
9459 43114 52573
7210 35652 42862
11695 55961 67656
18448 82945 101393
5121 26613 31734
3844 19210 23054
4331 21230 25561
17844 76076 93920
21584 94937 116521
12877 52616 65493
21684 92346 114030
14314 69058 83372
14479 72971 87450
13526 61378 74904
18518 86290 104808
7968 38035 46003
17750 89605 107355
16056 75110 91166
4056 17207 21263
14887 71458 86345
12125 54924 67049
13783 60802 74585
3386 18910 22296
7219 34221 41440
22738 101956 124694
6116 27869 33985
14287 70284 84571
17453 67327 84780
6350 31385 37735
27831 120873 148704
6283 31877 38160
7867 38449 46316
11018 50606 61624
4992 25364 30356
36070 164136 200206
32132 143901 176033
26739 119965 146704
19147 87568 106715
5259 26212 31471
19033 80019 99052
5591 23582 29173
11355 52819 64174
7984 42239 50223
3041 15657 18698
5980 26682 32662
41553 180242 221795
6830 33509 40339
3867 21205 25072
4354 23863 28217
2826 14500 17326
20244 85845 106089
44251 192238 236489
12586 52561 65147
12121 52387 64508
14791 71240 86031
20597 94837 115434
17824 85456 103280
19399 84934 104333
5677 27553 33230
18176 84863 103039
30692 141985 172677
24858 99918 124776
27475 121379 148854
23495 105280 128775
11630 50250 61880
6127 29366 35493
15204 71587 86791
17814 83536 101350
27514 130856 158370
13358 62953 76311
9733 50191 59924
14197 73402 87599
3861 22056 25917
8237 40140 48377
9794 46119 55913
16286 76894 93180
12250 44664 56914
41508 171932 213440
14360 65775 80135
13832 59666 73498
17370 83132 100502
13139 65380 78519
4553 18890 23443
13805 66353 80158
13297 62421 75718
6679 31543 38222
15560 68623 84183
26776 130011 156787
9845 46466 56311
11276 49814 61090
22107 97457 119564
19702 91678 111380
2550 13484 16034
28334 129690 158024
16852 76195 93047
3481 18288 21769
2276 11975 14251
10649 52985 63634
3419 16910 20329
7533 34372 41905
10886 56495 67381
11337 45907 57244
18630 90054 108684
2693 13986 16679
7853 36813 44666
10145 43477 53622
41042 184792 225834
17301 80969 98270
14123 70120 84243
17492 76913 94405
24901 108937 133838
18922 95286 114208
15451 72679 88130
8877 45208 54085
14314 70526 84840
4343 22938 27281
12305 54244 66549
8164 41524 49688
4507 19419 23926
2838 15149 17987
5341 25264 30605
14154 71580 85734
16742 82176 98918
6434 31263 37697
11686 54783 66469
15774 76079 91853
9762 45854 55616
17630 72874 90504
23464 100657 124121
4277 19338 23615
7920 35234 43154
28205 100923 129128
6312 33371 39683
28809 135979 164788
22788 102254 125042
7444 37142 44586
13081 58184 71265
34777 167206 201983
14540 69857 84397
24855 110320 135175
14594 53953 68547
13301 65387 78688
11985 51927 63912
4402 21662 26064
10388 44165 54553
20514 94160 114674
14709 90484 105193
19260 86681 105941
9084 35804 44888
14248 71344 85592
4871 22537 27408
6072 31997 38069
6690 30823 37513
3512 18240 21752
7780 37768 45548
22043 101063 123106
15613 71708 87321
10996 47484 58480
5189 23891 29080
17916 82209 100125
5256 24651 29907
9557 48025 57582
12972 57305 70277
7893 38279 46172
6933 32298 39231
5528 29627 35155
6034 30098 36132
11571 53729 65300
7664 40248 47912
15341 71566 86907
6224 28239 34463
11751 54259 66010
16379 72908 89287
18437 86078 104515
12691 55337 68028
20917 96636 117553
7166 35356 42522
31075 140062 171137
22403 106828 129231
13202 67043 80245
7954 39124 47078
17672 77775 95447
9025 45346 54371
14161 69303 83464
5331 23889 29220
17393 55295 72688
13006 59199 72205
8947 41915 50862
26030 106787 132817
33205 156726 189931
8746 42436 51182
20919 100817 121736
10909 50344 61253
4057 20542 24599
9963 47921 57884
22592 100516 123108
16270 75067 91337
10358 48200 58558
12564 51265 63829
28845 122114 150959
17902 86224 104126
9473 46545 56018
14872 60020 74892
21490 92060 113550
17981 86493 104474
32164 159893 192057
8020 40303 48323
6966 32607 39573
3683 15757 19440
7719 35393 43112
10805 50272 61077
11815 55230 67045
20666 90993 111659
12922 57583 70505
5915 30227 36142
18574 88591 107165
11796 50109 61905
2787 15478 18265
16103 78759 94862
40811 177420 218231
14905 69362 84267
6140 29299 35439
16999 81635 98634
17895 85357 103252
4409 26246 30655
19181 88355 107536
9425 42967 52392
15186 57281 72467
35343 157229 192572
8303 36622 44925
19387 90864 110251
6385 31099 37484
3746 17886 21632
17029 76882 93911
16912 82280 99192
22730 91652 114382
24311 110215 134526
18673 82388 101061
28091 123516 151607
13118 59413 72531
22524 128298 150822
7581 35687 43268
6213 31999 38212
15366 74009 89375
37638 166129 203767
36310 159478 195788
13741 65692 79433
13552 56439 69991
7405 37106 44511
9253 42518 51771
32357 142301 174658
21134 104555 125689
12088 54009 66097
14563 76211 90774
17731 86141 103872
12434 55657 68091
16692 74052 90744
12015 53723 65738
7458 35049 42507
18571 89398 107969
14493 66043 80536
23292 97718 121010
4059 19257 23316
15365 76582 91947
9821 46983 56804
14438 69304 83742
5751 26688 32439
21146 99052 120198
13420 60041 73461
3464 19659 23123
39981 184703 224684
35533 160735 196268
18978 82687 101665
15455 74036 89491
10048 47130 57178
11986 53387 65373
12943 57297 70240
18313 86422 104735
27757 115406 143163
19843 90059 109902
38520 152852 191372
10934 49150 60084
33977 157146 191123
7521 37091 44612
13613 60821 74434
4238 20343 24581
12708 59310 72018
27502 135017 162519
8597 40650 49247
3391 17152 20543
