4616 91170 95786
2335 46070 48405
5621 114182 119803
5698 107477 113175
4881 88382 93263
5918 100098 106016
2846 61105 63951
2101 43895 45996
3594 66189 69783
7175 147757 154932
2095 44516 46611
6326 119991 126317
6828 147369 154197
4757 134856 139613
2296 49330 51626
3425 86467 89892
7902 132388 140290
2549 52879 55428
5169 98463 103632
9263 156036 165299
9582 188940 198522
5219 81072 86291
2748 61089 63837
2675 45501 48176
4058 78995 83053
7853 118103 125956
2741 40273 43014
1195 24696 25891
1326 30362 31688
6467 93624 100091
6783 127764 134547
3705 72124 75829
6209 116309 122518
4854 92045 96899
4359 83782 88141
4295 84846 89141
5637 102582 108219
2630 50918 53548
5997 116601 122598
4858 89169 94027
1545 23115 24660
4983 94939 99922
3294 69284 72578
4179 78256 82435
1072 25488 26560
2275 45846 48121
6613 140823 147436
1805 37837 39642
4946 94343 99289
4691 90439 95130
2017 40741 42758
8591 152459 161050
2040 41981 44021
2287 46048 48335
3597 72539 76136
1528 36471 37999
12657 226362 239019
9819 194823 204642
7370 144294 151664
6186 118941 125127
1385 33315 34700
6236 111040 117276
1875 31489 33364
2932 60335 63267
2668 58203 60871
967 22230 23197
1636 35876 37512
12811 246920 259731
1940 39506 41446
1169 24522 25691
1383 32580 33963
902 20302 21204
5629 107542 113171
13854 264542 278396
3917 75834 79751
3722 65120 68842
5172 95060 100232
6095 115897 121992
6092 116732 122824
6382 117740 124122
1611 35126 36737
5602 120798 126400
10611 189963 200574
7260 142914 150174
7774 154111 161885
6721 134751 141472
3462 68687 72149
1696 39878 41574
5487 90192 95679
5955 114926 120881
9188 181199 190387
3961 77880 81841
2971 66112 69083
5052 101546 106598
1049 26255 27304
2765 55857 58622
2903 63239 66142
5168 97686 102854
2967 60228 63195
13260 233710 246970
4274 88365 92639
4537 84016 88553
5688 109334 115022
4167 88453 92620
1056 27672 28728
4647 86595 91242
3886 87033 90919
2195 42061 44256
5092 97653 102745
9301 190937 200238
2811 57030 59841
3675 70288 73963
6999 132635 139634
6880 134820 141700
1550 17534 19084
9356 175296 184652
4787 98772 103559
1072 27045 28117
652 16350 17002
4511 64791 69302
1622 22112 23734
2218 47236 49454
3497 67880 71377
2967 62589 65556
6089 110855 116944
1052 23027 24079
2319 49477 51796
2674 53463 56137
12226 244809 257035
5596 106449 112045
4505 94785 99290
6717 105372 112089
7298 148007 155305
5344 111713 117057
4951 90183 95134
3236 57824 61060
4409 83800 88209
1310 30959 32269
3722 69227 72949
2568 52446 55014
1132 23647 24779
995 20958 21953
1440 33896 35336
4184 87430 91614
5329 94730 100059
2336 37318 39654
3942 76777 80719
5686 107079 112765
2840 63858 66698
6703 95154 101857
8244 133049 141293
1158 23843 25001
2363 47560 49923
10167 141289 151456
2507 42741 45248
9117 181479 190596
7248 170633 177881
2633 59670 62303
5078 84267 89345
12837 236498 249335
5013 99886 104899
8624 159698 168322
4597 78214 82811
4735 90811 95546
3389 98973 102362
1444 32610 34054
3144 64406 67550
6790 129745 136535
4839 89245 94084
5559 118497 124056
2633 49286 51919
4768 89820 94588
1394 33903 35297
2387 44076 46463
2401 39741 42142
1133 26992 28125
2582 52273 54855
9321 139275 148596
5377 114601 119978
4241 68547 72788
1703 34223 35926
5445 105083 110528
1829 36869 38698
2648 61103 63751
4461 83906 88367
2379 48837 51216
2315 45836 48151
1678 38566 40244
2208 41893 44101
3317 69348 72665
2675 55508 58183
5481 110039 115520
2524 44082 46606
3678 82333 86011
5649 102068 107717
5885 110257 116142
3793 74004 77797
6812 142391 149203
2326 48781 51107
10745 187213 197958
6865 129309 136174
4987 94585 99572
2604 59262 61866
5763 100279 106042
2687 59866 62553
5797 92013 97810
1461 30065 31526
3753 78235 81988
4228 79047 83275
3739 67362 71101
6661 134500 141161
11029 205861 216890
2780 51926 54706
6717 126224 132941
3363 73467 76830
1203 27710 28913
3139 66423 69562
7275 143057 150332
5643 93460 99103
3347 78999 82346
3894 76020 79914
8664 171429 180093
5732 112563 118295
2758 61360 64118
3751 74970 78721
6431 144238 150669
7881 128687 136568
11367 212460 223827
2783 58159 60942
2787 47884 50671
1454 21624 23078
2487 47276 49763
3494 67120 70614
3619 84651 88270
6720 130010 136730
5049 95115 100164
2135 42959 45094
6176 122186 128362
4249 74904 79153
1161 22142 23303
5125 100586 105711
19341 277406 296747
5664 96223 101887
2181 42409 44590
5937 119613 125550
5956 98552 104508
1807 32917 34724
5965 115374 121339
2991 60635 63626
3770 74360 78130
12030 208620 220650
2238 48800 51038
6030 134106 140136
2327 41682 44009
1111 24307 25418
6089 103869 109958
6004 113659 119663
5877 117091 122968
7608 142150 149758
5665 114855 120520
8313 153019 161332
4323 93347 97670
6795 164429 171224
2488 45341 47829
3223 47341 50564
5307 97110 102417
13855 229765 243620
11936 204273 216209
5191 95478 100669
3684 69233 72917
2435 54374 56809
2740 56759 59499
11075 192553 203628
6662 140128 146790
4141 78364 82505
4721 95504 100225
5880 116577 122457
4130 73013 77143
5254 94368 99622
3965 74231 78196
2749 49156 51905
6663 123377 130040
5175 97848 103023
7514 130537 138051
1559 26346 27905
5069 94512 99581
3083 64699 67782
4850 94077 98927
1939 35439 37378
6729 140758 147487
6023 92171 98194
1517 29559 31076
14155 258008 272163
14523 201142 215665
6318 115471 121789
5336 92631 97967
3115 67849 70964
3717 71675 75392
3957 79631 83588
7235 115066 122301
7883 150354 158237
5729 114324 120053
11640 210471 222111
3173 69492 72665
11784 204827 216611
2596 48864 51460
4404 88269 92673
1888 30595 32483
4473 84910 89383
10475 194362 204837
3525 56438 59963
1593 25785 27378
