40230 0 40230
21721 0 21721
48385 0 48385
52341 0 52341
45844 0 45844
38942 0 38942
26954 0 26954
18524 0 18524
31880 0 31880
59003 0 59003
20219 0 20219
53641 1 53642
58528 1 58529
42529 0 42529
19154 0 19154
34106 1 34107
61233 0 61233
23015 0 23015
44602 1 44603
66315 0 66315
84739 1 84740
40840 0 40840
27843 0 27843
20873 0 20873
33936 0 33936
48379 0 48379
13913 0 13913
11680 0 11680
13160 0 13160
46631 1 46632
63080 0 63080
33567 0 33567
59829 0 59829
41664 0 41664
39834 0 39834
36451 0 36451
52358 0 52358
22636 1 22637
50107 0 50107
51792 0 51792
10164 0 10164
46502 0 46502
32167 0 32167
34188 1 34189
10571 0 10571
19750 0 19750
61845 0 61845
15728 1 15729
41179 0 41179
37917 1 37918
17389 0 17389
80011 0 80011
18112 0 18112
23087 1 23088
29991 0 29991
14177 0 14177
100305 0 100305
91341 1 91342
72568 0 72568
51211 0 51211
13458 0 13458
49480 0 49480
13100 0 13100
31020 0 31020
23050 0 23050
8898 0 8898
14228 0 14228
122913 0 122913
19687 0 19687
11951 0 11951
14316 0 14316
10111 0 10111
59396 1 59397
131793 0 131793
34852 0 34852
35509 0 35509
43836 0 43836
59922 0 59922
50488 0 50488
50293 0 50293
18244 0 18244
52075 0 52075
98752 1 98753
67422 0 67422
74567 0 74567
73428 0 73428
32859 0 32859
18272 0 18272
48015 0 48015
51217 0 51217
83025 0 83025
37611 0 37611
26809 0 26809
45711 1 45712
12107 0 12107
22604 0 22604
28615 0 28615
46531 1 46532
27896 1 27897
121529 0 121529
37343 0 37343
35483 0 35483
49723 0 49723
37372 1 37373
11135 0 11135
39612 0 39612
35618 0 35618
18600 0 18600
40787 0 40787
76360 0 76360
32659 0 32659
30810 0 30810
59885 0 59885
54098 0 54098
8135 1 8136
83942 0 83942
45790 0 45790
10473 0 10473
7699 0 7699
29088 0 29088
10702 0 10702
19545 0 19545
32427 0 32427
26969 0 26969
51284 0 51284
8029 0 8029
20322 0 20322
28937 0 28937
124550 0 124550
47761 1 47762
42390 0 42390
47601 1 47602
71281 0 71281
53807 0 53807
41394 0 41394
26442 0 26442
41594 0 41594
13161 0 13161
31381 0 31381
24139 0 24139
12088 1 12089
9196 0 9196
14034 0 14034
41926 0 41926
50211 0 50211
20065 0 20065
31370 0 31370
47607 0 47607
26755 0 26755
43879 0 43879
68540 0 68540
11249 0 11249
20644 0 20644
59419 0 59419
19034 0 19034
83450 0 83450
66906 1 66907
21710 0 21710
35602 0 35602
108751 0 108751
41690 0 41690
74360 0 74360
32241 0 32241
36341 0 36341
35447 0 35447
11248 0 11248
27585 0 27585
57660 0 57660
42456 0 42456
52786 0 52786
22151 0 22151
39895 0 39895
13738 0 13738
19342 0 19342
19481 0 19481
10150 0 10150
22447 0 22447
58588 0 58588
43652 0 43652
28291 0 28291
15465 0 15465
47851 0 47851
15365 1 15366
26037 1 26038
37058 0 37058
22469 1 22470
19220 0 19220
17812 1 17813
17630 1 17631
31715 0 31715
20955 0 20955
44023 1 44024
18343 0 18343
35128 0 35128
46451 0 46451
55424 0 55424
33154 0 33154
63198 0 63198
21675 0 21675
92189 1 92190
61869 0 61869
39613 0 39613
24868 1 24869
51049 0 51049
25326 0 25326
42121 0 42121
14812 0 14812
31587 0 31587
36679 0 36679
24595 0 24595
63289 0 63289
103317 1 103318
23681 0 23681
61206 0 61206
31976 1 31977
12057 0 12057
28312 0 28312
63313 1 63314
45899 0 45899
31228 1 31229
30978 0 30978
80252 0 80252
50624 0 50624
26451 0 26451
35677 1 35678
57073 0 57073
52173 1 52174
100766 1 100767
24062 0 24062
19292 0 19292
8520 0 8520
22564 0 22564
29435 1 29436
31909 1 31910
54638 0 54638
34013 0 34013
17586 1 17587
50836 0 50836
31307 1 31308
9056 0 9056
47628 0 47628
120963 0 120963
41676 0 41676
17443 0 17443
50545 0 50545
48775 0 48775
13034 0 13034
52807 0 52807
27561 0 27561
35624 0 35624
110898 0 110898
21068 0 21068
53933 0 53933
19308 0 19308
10364 0 10364
52167 1 52168
49013 0 49013
56617 0 56617
69286 0 69286
53389 0 53389
76902 0 76902
37189 0 37189
62216 0 62216
22231 1 22232
18353 0 18353
46778 0 46778
112592 1 112593
107578 0 107578
38228 0 38228
31884 0 31884
21200 0 21200
27092 0 27092
93991 0 93991
60679 0 60679
35104 1 35105
44133 0 44133
50084 1 50085
34817 1 34818
50688 0 50688
30271 0 30271
20304 0 20304
50056 0 50056
40376 0 40376
64798 0 64798
10828 0 10828
41458 0 41458
26497 0 26497
37975 1 37976
14943 0 14943
61877 0 61877
37320 0 37320
10705 0 10705
117371 0 117371
101759 0 101759
49598 0 49598
41150 0 41150
28900 0 28900
32979 0 32979
33387 0 33387
54607 1 54608
70864 0 70864
55810 0 55810
104109 0 104109
34635 0 34635
112287 0 112287
24039 0 24039
39291 0 39291
10951 0 10951
34229 1 34230
85769 0 85769
23764 0 23764
10585 1 10586
