7933 72444 80377
4635 46974 51609
10154 97031 107185
11731 106001 117732
9333 88387 97720
9644 85479 95123
6218 60885 67103
4923 41469 46392
6758 68230 74988
15660 130009 145669
4162 41950 46112
12712 112717 125429
13173 121487 134660
9118 88327 97445
4077 38945 43022
6623 66361 72984
14804 140205 155009
4492 47839 52331
10274 93517 103791
16671 145419 162090
18979 181337 200316
9005 85258 94263
5383 55177 60560
5031 46402 51433
7460 75670 83130
9887 96578 106465
3468 34639 38107
3341 27423 30764
2774 27296 30070
11811 100837 112648
14024 113631 127655
7512 71287 78799
13132 113766 126898
9359 88056 97415
9188 89283 98471
7992 78588 86580
11793 106941 118734
5536 47479 53015
12382 111393 123775
11139 96225 107364
2374 20444 22818
10806 97733 108539
7293 68511 75804
7666 77906 85572
2324 25257 27581
5796 44340 50136
13203 133529 146732
3480 35809 39289
9792 93247 103039
10731 92065 102796
3606 35387 38993
18076 170105 188181
3942 39376 43318
4505 42454 46959
6398 60362 66760
2778 29210 31988
21500 187848 209348
19705 167660 187365
15743 137106 152849
11642 109254 120896
2957 34510 37467
11474 91137 102611
2694 29734 32428
6519 65408 71927
5369 53964 59333
1783 19120 20903
3122 33353 36475
24846 228008 252854
3792 40974 44766
2273 24425 26698
3277 28093 31370
1713 17594 19307
12740 111841 124581
28174 240325 268499
7282 63535 70817
6790 70365 77155
9077 83608 92685
13749 119658 133407
11278 104757 116035
11476 102589 114065
3661 34792 38453
10788 109941 120729
19622 179382 199004
14750 140627 155377
15239 156165 171404
14699 139265 153964
6610 61457 68067
3917 36280 40197
9560 89673 99233
11345 105703 117048
17638 164235 181873
8279 80959 89238
6038 60162 66200
9298 92482 101780
2572 25978 28550
5258 50928 56186
5747 55914 61661
9970 90102 100072
6159 56699 62858
23870 200890 224760
10251 77892 88143
8053 77674 85727
11497 96836 108333
8087 76443 84530
2332 22446 24778
10895 82348 93243
7952 80148 88100
4116 40701 44817
9697 90405 100102
16073 159372 175445
5644 56487 62131
6645 66062 72707
14082 127520 141602
11658 110768 122426
1944 19779 21723
17766 163809 181575
10142 90409 100551
2106 20729 22835
1249 14538 15787
6413 60322 66735
2283 21216 23499
4147 42498 46645
6268 70320 76588
6274 58308 64582
11613 95586 107199
1663 18079 19742
4348 43658 48006
6237 53843 60080
25375 226990 252365
11350 93640 104990
9499 91632 101131
10366 94297 104663
13710 130266 143976
12132 114330 126462
9499 83959 93458
5917 57186 63103
9964 83187 93151
2712 27433 30145
7074 69799 76873
4840 47180 52020
2354 22555 24909
1746 19251 20997
2862 31818 34680
8611 89758 98369
10469 94796 105265
3604 37438 41042
6836 70690 77526
10008 92367 102375
5707 55176 60883
10348 84316 94664
15680 124210 139890
2348 23039 25387
4732 45849 50581
14086 118165 132251
3981 42351 46332
19312 170210 189522
14661 127142 141803
5445 46436 51881
7244 72824 80068
21381 192230 213611
9202 88246 97448
14848 133535 148383
6869 63569 70438
7699 75209 82908
7355 68322 75677
2748 26286 29034
6113 57141 63254
12893 104915 117808
9164 86218 95382
11942 105044 116986
4423 45249 49672
8971 92901 101872
2594 28441 31035
4029 41145 45174
4119 40157 44276
2304 22164 24468
5245 47016 52261
14859 121753 136612
9965 90303 100268
5925 60259 66184
2597 31276 33873
11436 99240 110676
2969 31594 34563
5816 54538 60354
7531 70245 77776
4863 44148 49011
4338 39118 43456
3013 35941 38954
3644 39354 42998
6153 65154 71307
4961 48556 53517
9209 90647 99856
3932 36305 40237
6715 66534 73249
10152 90951 101103
11293 103317 114610
7052 68809 75861
13246 120407 133653
4316 42711 47027
20467 167594 188061
13086 117583 130669
8171 83545 91716
4897 47229 52126
12680 93736 106416
5849 61293 67142
9924 84632 94556
2670 29463 32133
6629 69332 75961
7550 74238 81788
6087 50799 56886
13032 122375 135407
21571 178957 200528
5603 47740 53343
13048 115704 128752
6309 60773 67082
2431 27486 29917
5707 56376 62083
12320 121617 133937
9943 91559 101502
5919 60732 66651
6670 65976 72646
17941 152727 170668
11148 97961 109109
5591 52339 57930
7236 71537 78773
12597 105313 117910
10955 100258 111213
20157 189624 209781
4756 48299 53055
4958 40236 45194
1918 19834 21752
4558 41488 46046
5832 59519 65351
7255 67983 75238
12733 114947 127680
7449 71456 78905
3548 36987 40535
13943 107066 121009
6105 62060 68165
1787 21414 23201
10016 95574 105590
24511 213953 238464
10810 87025 97835
3277 35662 38939
10429 93724 104153
10315 93318 103633
2479 28707 31186
11945 107255 119200
5421 51837 57258
7289 77100 84389
21509 181462 202971
4350 45208 49558
12500 114047 126547
4361 39826 44187
2111 23981 26092
10339 98712 109051
10657 99399 110056
12416 113866 126282
16661 137743 154404
10984 102160 113144
15836 144446 160282
7877 72027 79904
12885 144717 157602
4560 42094 46654
3664 36994 40658
9870 88967 98837
22946 198887 221833
22596 192585 215181
8170 82012 90182
6591 61807 68398
4677 46428 51105
5866 52357 58223
19102 167029 186131
13465 122573 136038
7942 66873 74815
10791 90504 101295
10022 98883 108905
6934 68953 75887
10202 91182 101384
6624 64037 70661
4930 45946 50876
13479 103759 117238
9365 86533 95898
13122 126285 139407
2617 23510 26127
10747 90471 101218
5738 54030 59768
8720 83627 92347
3670 32058 35728
13205 120230 133435
7487 70727 78214
2404 24364 26768
24172 224144 248316
21037 193315 214352
12254 99362 111616
9798 86642 96440
6415 59976 66391
7103 65529 72632
7741 71468 79209
11370 101726 113096
14891 138172 153063
12197 110439 122636
20574 188398 208972
6394 59245 65639
21295 188345 209640
4614 42741 47355
8629 74656 83285
2253 25030 27283
7104 70219 77323
17150 161343 178493
6115 47878 53993
2059 20799 22858
