3114 85689 88803
1657 47190 48847
6587 103654 110241
4306 110663 114969
3276 89159 92435
3304 93615 96919
2124 63175 65299
1543 40740 42283
2491 73269 75760
5306 147036 152342
1290 42350 43640
4225 108027 112252
4842 127887 132729
3373 104149 107522
1428 60411 61839
2558 66785 69343
8957 167059 176016
1917 57248 59165
3707 102585 106292
5754 142147 147901
7194 194181 201375
2961 88223 91184
3165 57841 61006
1558 45636 47194
2457 72177 74634
6762 139850 146612
1066 35874 36940
1414 27467 28881
1076 31901 32977
3963 107547 111510
5298 131858 137156
2495 74559 77054
5196 135705 140901
3380 99267 102647
3413 94430 97843
2911 84724 87635
4179 107871 112050
1689 51272 52961
4432 101761 106193
3429 92611 96040
694 21498 22192
3097 90142 93239
2426 70989 73415
2593 72355 74948
795 26968 27763
1511 42938 44449
5265 155308 160573
1204 34977 36181
3499 98103 101602
2929 84596 87525
1907 36785 38692
5826 161151 166977
1404 43883 45287
1572 47224 48796
2618 71758 74376
1193 31854 33047
7831 209029 216860
7744 200997 208741
6061 162986 169047
5118 119169 124287
1159 38236 39395
5154 115902 121056
1055 30975 32030
3166 78969 82135
1877 62258 64135
712 20197 20909
1174 35785 36959
9860 248904 258764
1343 42553 43896
826 24941 25767
1044 32679 33723
620 20196 20816
4621 121330 125951
10306 264401 274707
2498 69112 71610
2803 73993 76796
3222 86609 89831
4550 126377 130927
4329 116821 121150
5895 111815 117710
1120 39733 40853
4231 132365 136596
6812 174375 181187
6231 164975 171206
5866 158993 164859
5968 170743 176711
4320 89068 93388
1274 40049 41323
4745 119813 124558
5397 116640 122037
7186 179007 186193
2826 116802 119628
2413 69378 71791
3657 97255 100912
1342 30226 31568
1735 54871 56606
2639 62709 65348
3929 99220 103149
1989 56746 58735
9595 243622 253217
3491 86218 89709
2646 83127 85773
4344 115269 119613
2815 89157 91972
951 25417 26368
2995 90467 93462
2781 89845 92626
1493 46288 47781
3221 109736 112957
6311 181366 187677
2213 64433 66646
2339 66063 68402
4893 139146 144039
4606 136397 141003
570 20629 21199
6398 180102 186500
3763 104593 108356
786 25839 26625
1144 16309 17453
2635 68583 71218
794 24865 25659
1605 47329 48934
2343 75373 77716
2597 65829 68426
4043 115563 119606
901 18538 19439
1543 47547 49090
2076 61506 63582
10052 257182 267234
4278 114723 119001
3589 98734 102323
3565 97403 100968
5615 148712 154327
4320 118888 123208
3591 96314 99905
1959 60948 62907
3142 87418 90560
1004 34803 35807
2807 72913 75720
1917 55578 57495
831 29953 30784
1046 23672 24718
1368 33917 35285
4039 104802 108841
3668 119969 123637
1352 46504 47856
2637 80241 82878
4515 112505 117020
2307 69600 71907
3424 91767 95191
5999 146889 152888
1490 25394 26884
1594 46930 48524
4717 126665 131382
1688 40669 42357
6599 188279 194878
5255 138683 143938
1704 49509 51213
2520 76710 79230
7912 212321 220233
3419 96620 100039
5926 145375 151301
2921 80334 83255
2930 87748 90678
2902 72038 74940
948 31518 32466
2004 57411 59415
4922 149888 154810
3507 94199 97706
4508 123360 127868
1793 51461 53254
3362 100969 104331
1253 36438 37691
1818 46723 48541
1975 42674 44649
750 23078 23828
1693 54587 56280
4709 135881 140590
3686 104372 108058
2438 68877 71315
1127 35478 36605
3843 100714 104557
1362 38028 39390
2141 65990 68131
2525 73227 75752
1744 53617 55361
1567 45361 46928
1097 36979 38076
1347 42780 44127
2465 75767 78232
1813 56236 58049
3718 107450 111168
1377 41865 43242
2763 76843 79606
3606 105041 108647
5520 128278 133798
3139 76820 79959
5118 145864 150982
1692 51243 52935
7720 196988 204708
5020 123901 128921
5142 98253 103395
1802 58634 60436
4179 108544 112723
2121 65423 67544
3256 95086 98342
1021 29630 30651
2790 69797 72587
2631 78982 81613
2029 51991 54020
4938 128944 133882
8014 206674 214688
1866 57760 59626
4554 125396 129950
2664 74478 77142
949 27353 28302
2488 59450 61938
5541 144439 149980
3317 104767 108084
2265 62110 64375
2217 68932 71149
5705 152069 157774
4217 117599 121816
2056 56847 58903
2416 76727 79143
4867 124497 129364
3945 109583 113528
8015 221643 229658
1742 50257 51999
1813 43691 45504
721 22514 23235
1600 43447 45047
2295 62700 64995
2569 72371 74940
4278 122709 126987
2498 80857 83355
1809 40535 42344
4073 124083 128156
2626 72519 75145
637 22601 23238
3527 115328 118855
10138 258908 269046
3378 104553 107931
1209 42423 43632
3908 100105 104013
4032 108785 112817
1023 29851 30874
4224 125806 130030
2823 61608 64431
2599 81890 84489
10227 215965 226192
1542 50324 51866
4309 124784 129093
1884 42197 44081
803 24461 25264
4366 110577 114943
4975 143163 148138
4615 132053 136668
6060 153350 159410
4326 115690 120016
5847 152364 158211
3089 81759 84848
5347 170618 175965
1982 49115 51097
1256 37702 38958
3708 106082 109790
9139 221883 231022
8302 217084 225386
2770 84824 87594
2757 75426 78183
1558 50930 52488
2154 60114 62268
7492 183151 190643
5275 138800 144075
2489 68201 70690
3632 106260 109892
4265 118298 122563
2739 76175 78914
3746 101511 105257
3601 79796 83397
1614 47439 49053
4973 117524 122497
3052 135528 138580
5094 145958 151052
869 27756 28625
3637 103497 107134
2275 65118 67393
3104 93399 96503
1175 40009 41184
5300 140819 146119
2960 85491 88451
881 24483 25364
9679 261291 270970
7931 209409 217340
3916 105401 109317
3576 102394 105970
2184 61640 63824
2736 78418 81154
2548 71802 74350
4447 117077 121524
6459 160728 167187
4775 127269 132044
7934 210171 218105
2413 69553 71966
7461 197809 205270
1642 49855 51497
2989 87909 90898
839 25735 26574
2846 80633 83479
5995 169602 175597
1898 55711 57609
727 27451 28178
