6623 80016 86639
3643 48946 52589
9304 96065 105369
9047 96497 105544
8125 96748 104873
7470 85662 93132
4743 60581 65324
3079 39999 43078
5594 64117 69711
13236 138632 151868
3198 44649 47847
12219 110310 122529
12690 140816 153506
7569 103234 110803
3320 42898 46218
6036 66193 72229
12937 142015 154952
4595 54275 58870
8994 102657 111651
16873 131375 148248
15042 181547 196589
6065 76051 82116
4365 53210 57575
3541 46657 50198
6720 79961 86681
9032 94404 103436
2494 32782 35276
1943 24489 26432
2145 28098 30243
8649 103510 112159
11553 112381 123934
6032 66120 72152
11269 124579 135848
7706 90845 98551
7027 87661 94688
6140 89776 95916
11830 124808 136638
4078 49766 53844
9092 99397 108489
8874 95621 104495
2130 22403 24533
7218 87935 95153
5991 79353 85344
6978 75905 82883
2113 23944 26057
3723 45690 49413
12526 146851 159377
2967 37037 40004
7960 94049 102009
7170 88611 95781
3109 39858 42967
14231 162375 176606
3089 41109 44198
3906 46529 50435
6061 68999 75060
2642 31961 34603
19570 218157 237727
18884 191323 210207
13405 156043 169448
9847 115568 125415
2442 33497 35939
8896 99018 107914
2996 31404 34400
5998 65788 71786
4759 58061 62820
1726 20241 21967
2875 34098 36973
21645 236974 258619
3150 40788 43938
2386 25840 28226
2256 30841 33097
1879 20884 22763
10207 109836 120043
23026 227560 250586
6744 74225 80969
6034 68590 74624
9081 89903 98984
11630 126151 137781
9076 102729 111805
10049 112383 122432
2466 33554 36020
9123 113870 122993
15554 168480 184034
12963 137612 150575
12648 159006 171654
12684 142327 155011
5729 61528 67257
2772 38352 41124
8421 95061 103482
8980 101971 110951
13655 163693 177348
6394 76989 83383
4953 59474 64427
7374 90024 97398
1846 26803 28649
3940 49354 53294
5121 55386 60507
7856 87307 95163
5079 59744 64823
20556 208018 228574
7051 86087 93138
6303 78267 84570
9753 110795 120548
7399 98446 105845
2412 26099 28511
7185 81321 88506
5976 79135 85111
3215 42737 45952
7309 89417 96726
13317 164227 177544
4878 60961 65839
5946 65897 71843
12230 130260 142490
10964 121190 132154
1485 17652 19137
14387 158936 173323
7954 90504 98458
1722 21987 23709
1425 15745 17170
5248 63053 68301
2096 22973 25069
4184 43261 47445
5925 81607 87532
5263 61001 66264
9908 109502 119410
1440 18999 20439
3347 46885 50232
4813 52045 56858
20367 236191 256558
9328 103441 112769
7797 96570 104367
8686 99502 108188
15386 140828 156214
9800 118753 128553
7997 92763 100760
5238 61434 66672
8269 91195 99464
2464 29382 31846
5828 71165 76993
3889 51728 55617
1762 23384 25146
2360 19318 21678
2537 33475 36012
7317 95866 103183
9808 109568 119376
3687 42527 46214
6578 73392 79970
9189 101628 110817
4649 62124 66773
8797 93568 102365
12792 140723 153515
1837 35748 37585
4602 57268 61870
11862 124716 136578
3419 43008 46427
14093 178038 192131
12198 133336 145534
3682 45446 49128
5724 73040 78764
18362 210175 228537
7688 87832 95520
14726 156362 171088
7229 77197 84426
7790 93377 101167
6636 74622 81258
2597 30250 32847
4789 60590 65379
10337 115581 125918
7327 106701 114028
10098 114638 124736
3852 48485 52337
7084 89359 96443
2306 33766 36072
3341 46635 49976
3177 41381 44558
1718 22444 24162
4050 46244 50294
10980 118580 129560
7335 89084 96419
5377 59223 64600
2470 28929 31399
8941 96830 105771
2600 32350 34950
5628 61524 67152
6615 78515 85130
3758 49891 53649
3300 41114 44414
2494 38579 41073
3170 41945 45115
5694 66392 72086
3986 51370 55356
13715 95559 109274
3155 37572 40727
6302 94650 100952
9095 92035 101130
9721 107386 117107
5856 74782 80638
11713 134850 146563
4215 49066 53281
16456 190670 207126
11417 126828 138245
6464 104045 110509
4061 53602 57663
9341 101467 110808
4629 60995 65624
7168 83821 90989
2423 31051 33474
5615 69394 75009
6107 76257 82364
4712 55215 59927
11307 131826 143133
17868 200208 218076
4321 55719 60040
11425 125553 136978
6892 68063 74955
2443 26447 28890
5084 62193 67277
12473 135678 148151
8027 93191 101218
6126 67245 73371
6091 70052 76143
15320 163781 179101
9226 106603 115829
4750 55679 60429
6204 79454 85658
11610 114349 125959
10539 110121 120660
17860 198253 216113
5166 62498 67664
3585 62475 66060
1763 19164 20927
3591 41648 45239
5200 60863 66063
5910 65286 71196
10359 122310 132669
5648 69674 75322
3134 37227 40361
10524 113725 124249
6111 65394 71505
1692 20565 22257
7902 94542 102444
21169 236015 257184
7844 93068 100912
2809 39272 42081
10231 106460 116691
10595 94193 104788
3080 37122 40202
10140 109328 119468
4522 51910 56432
6494 77682 84176
18411 196706 215117
3453 44584 48037
9757 115580 125337
3312 39276 42588
1693 25187 26880
8677 99927 108604
9104 110112 119216
10931 123274 134205
14507 141214 155721
9352 107586 116938
13678 161506 175184
6571 76954 83525
11531 150910 162441
4231 47314 51545
3314 43336 46650
8332 94134 102466
20190 211920 232110
21562 212612 234174
7667 90723 98390
6685 74810 81495
3723 52931 56654
5344 56662 62006
16678 194407 211085
10467 166485 176952
6278 72829 79107
7717 96773 104490
9773 99492 109265
6652 75285 81937
8840 100197 109037
5725 69900 75625
3992 57214 61206
12053 113623 125676
8248 95214 103462
11837 124618 136455
2115 29166 31281
8367 97686 106053
5037 66489 71526
6775 91188 97963
2657 35269 37926
13833 163172 177005
6615 78739 85354
1881 27962 29843
21621 238344 259965
20271 194687 214958
9679 109086 118765
7336 119046 126382
5003 58458 63461
5681 73260 78941
6447 81017 87464
9931 110601 120532
14226 144365 158591
10294 120530 130824
20352 230351 250703
6442 61292 67734
19223 193926 213149
4179 46030 50209
7001 81795 88796
1939 26784 28723
6624 83156 89780
14862 181349 196211
5040 53458 58498
1585 21782 23367
