12805 65863 78668
7450 42165 49615
14142 79663 93805
15672 85456 101128
13009 73307 86316
15643 71493 87136
8450 47317 55767
5688 35416 41104
9907 52367 62274
21464 103177 124641
6516 32007 38523
17063 90640 107703
19324 104227 123551
12496 67814 80310
6860 35603 42463
9667 51088 60755
21459 112661 134120
7486 41178 48664
13766 78314 92080
23374 113383 136757
27439 145948 173387
13174 66985 80159
8023 47834 55857
6918 39890 46808
11273 59754 71027
14826 83464 98290
4617 27788 32405
3757 20964 24721
3620 22025 25645
14030 82831 96861
20948 95685 116633
11800 56117 67917
18706 100679 119385
12890 70360 83250
12773 75311 88084
12578 70354 82932
16339 91003 107342
7276 40228 47504
16125 89228 105353
14242 77840 92082
2788 18253 21041
13166 72947 86113
10610 61287 71897
11517 60808 72325
3266 20176 23442
6004 39058 45062
19479 110915 130394
5599 28775 34374
15366 75453 90819
12869 69189 82058
5627 31053 36680
24568 130878 155446
5858 32404 38262
7145 38149 45294
10958 54986 65944
4423 26279 30702
32322 169927 202249
27542 155610 183152
24332 118946 143278
16282 95367 111649
4835 28651 33486
17684 85947 103631
4096 25471 29567
9947 52107 62054
6898 44204 51102
2580 18881 21461
4654 25799 30453
37850 191746 229596
6005 34395 40400
3251 20214 23465
4067 23397 27464
3464 15760 19224
18551 96347 114898
39876 202048 241924
12885 59088 71973
11200 56524 67724
14459 72500 86959
18458 98577 117035
16231 87677 103908
17346 89276 106622
5268 29907 35175
16328 96883 113211
28005 149068 177073
20635 107717 128352
24914 137963 162877
21429 114157 135586
10210 52536 62746
5151 31208 36359
13899 76491 90390
16651 91223 107874
27025 139825 166850
12759 68064 80823
8881 49611 58492
12855 80048 92903
3361 21855 25216
7715 41443 49158
9325 49517 58842
14575 73584 88159
8803 48998 57801
34654 181602 216256
13235 67907 81142
12002 63147 75149
16575 84097 100672
11894 65301 77195
4445 20421 24866
13433 71321 84754
11563 63695 75258
5772 34156 39928
12767 75125 87892
24131 133083 157214
8278 47770 56048
9922 51471 61393
19659 98121 117780
17179 96830 114009
2676 14781 17457
26120 136309 162429
13668 79500 93168
3146 19458 22604
2372 14849 17221
9282 50530 59812
3061 18116 21177
6517 37416 43933
9998 57067 67065
8812 48212 57024
15919 87007 102926
3557 16335 19892
8118 39460 47578
8832 44875 53707
34570 198084 232654
15782 86765 102547
13866 77533 91399
14025 81429 95454
21679 118596 140275
16825 96612 113437
13367 69543 82910
8176 48638 56814
12892 72025 84917
4773 21801 26574
10176 55819 65995
6886 39992 46878
3025 20052 23077
2476 16373 18849
5805 27857 33662
12801 75529 88330
15076 83936 99012
6118 32204 38322
10404 56133 66537
14989 81780 96769
7940 46595 54535
13681 75058 88739
21289 105454 126743
3093 19479 22572
6390 36772 43162
19517 102126 121643
6289 33486 39775
24427 138454 162881
21163 112323 133486
6422 37797 44219
12213 62057 74270
32012 181214 213226
14645 73971 88616
24106 123757 147863
11238 54669 65907
11953 66469 78422
9904 53480 63384
4141 21952 26093
8375 46676 55051
18448 92427 110875
15100 72262 87362
16582 88444 105026
6254 38189 44443
12744 73292 86036
4069 23985 28054
6318 34657 40975
6151 32708 38859
3288 19199 22487
6479 38530 45009
19329 103014 122343
13443 77300 90743
9142 51969 61111
4189 24115 28304
15762 86705 102467
4738 28965 33703
8274 49528 57802
11857 60371 72228
6388 42111 48499
5698 33521 39219
4819 30162 34981
5676 34851 40527
10147 57774 67921
6805 42938 49743
13838 82527 96365
5903 32082 37985
10485 56551 67036
14200 82207 96407
16828 91638 108466
10645 56090 66735
19146 104338 123484
6578 37990 44568
27544 147925 175469
20285 106494 126779
12411 70993 83404
7205 42111 49316
15228 87613 102841
8210 49380 57590
12670 74017 86687
3977 23846 27823
10516 57848 68364
12493 63940 76433
7802 43432 51234
20467 110792 131259
29548 160698 190246
9113 45931 55044
19274 98978 118252
10291 52515 62806
3916 21542 25458
8600 49662 58262
21812 108896 130708
13814 77987 91801
9930 50926 60856
10041 54367 64408
25308 128047 153355
15697 91538 107235
8668 45886 54554
11125 62968 74093
18135 92340 110475
15946 89782 105728
30211 167116 197327
7363 43012 50375
6399 36041 42440
2465 17265 19730
6243 36737 42980
9727 53181 62908
12560 55218 67778
18601 93548 112149
10879 60284 71163
5645 31661 37306
16592 95306 111898
9709 53768 63477
2554 16728 19282
14419 78825 93244
34379 197460 231839
32168 70192 102360
5628 31435 37063
15306 87064 102370
14595 85436 100031
4521 24876 29397
16052 91595 107647
9044 48423 57467
13074 64058 77132
31578 167787 199365
5959 38127 44086
16732 98928 115660
5891 34169 40060
3376 19832 23208
14913 80634 95547
15559 86804 102363
20113 96554 116667
21848 117749 139597
15837 86364 102201
24439 127003 151442
12391 64784 77175
22389 166137 188526
7013 42110 49123
5693 32354 38047
14074 79329 93403
33462 176581 210043
30754 171241 201995
13132 68592 81724
12705 56022 68727
6230 41747 47977
8203 44555 52758
27266 159288 186554
18089 100341 118430
11008 57504 68512
13428 79997 93425
14771 91607 106378
11049 58077 69126
14327 79354 93681
10354 58280 68634
6261 36727 42988
19271 91133 110404
12556 70754 83310
20557 103289 123846
3255 22472 25727
13257 79452 92709
8943 46792 55735
14493 73286 87779
4986 28994 33980
19707 103366 123073
11979 62787 74766
3628 20291 23919
34804 192677 227481
30687 168888 199575
16966 85551 102517
14590 77827 92417
9038 51175 60213
11520 58719 70239
12668 61832 74500
16556 89493 106049
23094 122969 146063
17920 92759 110679
30126 162168 192294
9697 52198 61895
30314 162267 192581
6760 38053 44813
12286 64724 77010
4055 21223 25278
11609 59272 70881
27907 142433 170340
7597 43171 50768
3274 18414 21688
