36158 11624 47782
20210 6406 26616
42606 14110 56716
46100 14785 60885
39259 12975 52234
37622 12990 50612
28861 8445 37306
17663 5701 23364
29628 8789 38417
57861 20692 78553
16279 5054 21333
50046 15930 65976
54868 18093 72961
38252 12256 50508
18095 6020 24115
28303 8378 36681
68346 19689 88035
20424 6710 27134
39970 13488 53458
63385 19923 83308
76461 29479 105940
34732 11018 45750
25237 10983 36220
22309 6836 29145
28964 11385 40349
42083 14635 56718
12710 4488 17198
11147 3429 14576
12159 3906 16065
42630 14059 56689
56658 18775 75433
30306 11304 41610
56466 18298 74764
38798 13155 51953
38531 12468 50999
34811 12028 46839
48521 17006 65527
20944 6692 27636
47859 17446 65305
42781 14213 56994
9229 2836 12065
40536 13278 53814
30147 9955 40102
34143 10249 44392
10504 3511 14015
18588 6162 24750
55153 19362 74515
14768 4688 19456
39063 13635 52698
35429 12540 47969
16519 5028 21547
79024 23110 102134
16207 6003 22210
21173 6483 27656
30527 9540 40067
14486 4142 18628
96358 31238 127596
84931 28220 113151
64501 22041 86542
48410 17554 65964
15149 5085 20234
49492 16700 66192
12071 3973 16044
31173 8382 39555
23277 8065 31342
9156 2727 11883
13465 4763 18228
110584 33887 144471
18876 6342 25218
9591 3332 12923
11781 3783 15564
7453 2637 10090
50331 16421 66752
121013 39871 160884
28493 10004 38497
29220 9533 38753
39477 12527 52004
52564 17452 70016
49997 15681 65678
53062 16370 69432
14739 5745 20484
45430 15996 61426
80245 26136 106381
60077 20602 80679
65547 24599 90146
68461 20186 88647
28102 8977 37079
15164 5547 20711
38853 13401 52254
46794 15933 62727
74265 25247 99512
38425 11367 49792
25806 9069 34875
38651 14359 53010
10796 3159 13955
20850 6975 27825
26100 8403 34503
42643 13031 55674
24460 7317 31777
111120 35950 147070
39339 11612 50951
33939 10835 44774
56113 15305 71418
34340 11950 46290
9371 3340 12711
38869 11844 50713
32732 11666 44398
17303 5084 22387
38480 13246 51726
69200 24823 94023
24620 7877 32497
28958 8928 37886
53723 18411 72134
47570 16309 63879
7952 2175 10127
72569 24257 96826
41797 13294 55091
9323 3229 12552
5689 2088 7777
27418 8796 36214
8915 2924 11839
18991 6334 25325
28542 9264 37806
27234 8233 35467
48707 15629 64336
9118 2742 11860
21907 7974 29881
26556 8586 35142
111430 33687 145117
45855 16740 62595
39222 12934 52156
41175 15627 56802
63339 20899 84238
47286 17519 64805
37749 12233 49982
23890 8971 32861
37532 12206 49738
11704 3773 15477
27694 10074 37768
23145 6583 29728
11127 2977 14104
8162 2597 10759
12896 3843 16739
39311 15025 54336
44193 15222 59415
18212 5036 23248
28703 10392 39095
44022 14853 58875
24650 10186 34836
44576 12754 57330
60561 18903 79464
11457 3183 14640
18601 6124 24725
54860 17204 72064
17496 5434 22930
72349 25672 98021
63264 20131 83395
18691 6033 24724
30583 10191 40774
92486 31337 123823
37321 12804 50125
59165 20932 80097
31656 9344 41000
32996 11675 44671
31667 9218 40885
11543 4538 16081
25718 8337 34055
56320 16772 73092
43809 13479 57288
49945 17902 67847
21150 6066 27216
39559 16651 56210
14366 4320 18686
18344 6178 24522
19320 5424 24744
9467 3193 12660
18819 5991 24810
51701 16933 68634
38120 14090 52210
25253 8111 33364
13104 4240 17344
45516 15564 61080
12098 4064 16162
24922 8179 33101
33707 10570 44277
19097 6447 25544
17034 5772 22806
13307 4733 18040
16204 5088 21292
28919 10008 38927
19134 6659 25793
40745 14336 55081
17343 6120 23463
28354 8838 37192
41877 13561 55438
45951 15224 61175
29604 10208 39812
57121 18653 75774
19753 6245 25998
80489 26777 107266
56385 18006 74391
34358 12527 46885
20410 6469 26879
46510 13527 60037
23299 7898 31197
38223 12021 50244
12405 3832 16237
27140 9943 37083
31772 13821 45593
21953 6615 28568
59914 21018 80932
89172 29961 119133
23288 6981 30269
51849 16642 68491
27418 8807 36225
10774 3365 14139
24713 8438 33151
56622 17710 74332
41317 13800 55117
29143 8805 37948
28046 14512 42558
68820 22654 91474
46378 15671 62049
23474 7550 31024
30975 10744 41719
50385 15912 66297
45506 15303 60809
91623 32049 123672
21198 7275 28473
18443 5845 24288
8370 2824 11194
19942 6247 26189
27667 9090 36757
31250 10065 41315
54557 16589 71146
29905 10863 40768
15608 7218 22826
49761 16183 65944
29434 8972 38406
8073 2467 10540
44499 13966 58465
113122 36545 149667
39175 13194 52369
15071 4849 19920
45547 14649 60196
44178 15494 59672
11747 3678 15425
54304 16050 70354
25582 9055 34637
32047 11270 43317
100381 29855 130236
19404 6365 25769
52345 18247 70592
17996 5289 23285
10201 3216 13417
45579 13643 59222
43014 14571 57585
48906 17471 66377
63057 19922 82979
46733 16350 63083
66166 22206 88372
34880 10522 45402
55829 22859 78688
19835 6263 26098
18035 5356 23391
44390 13896 58286
100257 31599 131856
94857 28317 123174
34532 11319 45851
26542 9545 36087
18984 6486 25470
23331 7135 30466
82327 26238 108565
52114 19799 71913
30753 11510 42263
39903 13008 52911
43909 15937 59846
30574 10529 41103
41889 14345 56234
28848 9249 38097
19341 5853 25194
49623 16080 65703
41298 11851 53149
61146 19942 81088
11031 3334 14365
40173 13527 53700
26604 9712 36316
35790 12244 48034
13306 4514 17820
56232 18249 74481
33579 12229 45808
9479 3268 12747
109488 34786 144274
92871 31523 124394
48925 15424 64349
40807 13572 54379
26044 7861 33905
30262 10051 40313
31793 10372 42165
48821 15514 64335
62050 27380 89430
58329 18044 76373
91771 28506 120277
29136 9042 38178
95639 29873 125512
19899 5759 25658
33720 11470 45190
10232 3547 13779
28967 9897 38864
78298 26083 104381
23267 7605 30872
8324 2914 11238
