40053 6278 46331
22239 3707 25946
43551 7727 51278
49341 8156 57497
44356 7321 51677
41800 6545 48345
31526 4187 35713
18203 2920 21123
31448 5434 36882
61146 10026 71172
19605 3872 23477
54446 8968 63414
59601 11831 71432
38666 6413 45079
19393 2868 22261
29915 5098 35013
63767 10517 74284
23081 3181 26262
45690 7921 53611
68079 10458 78537
86805 14558 101363
35941 5840 41781
25552 3942 29494
22700 3078 25778
33115 5851 38966
43810 7529 51339
12326 2127 14453
10683 1729 12412
12486 2003 14489
48323 7860 56183
60383 9280 69663
31573 4652 36225
60170 9618 69788
53870 8607 62477
42408 6431 48839
35500 7181 42681
50445 8576 59021
23694 3519 27213
48561 8036 56597
44922 7073 51995
9139 1495 10634
39756 7543 47299
34724 5348 40072
36972 5704 42676
15645 1706 17351
19144 3331 22475
63740 10069 73809
15618 2224 17842
40269 6825 47094
37794 6711 44505
16826 2992 19818
77205 12400 89605
18285 2604 20889
36465 3104 39569
28844 4309 33153
13714 1993 15707
103070 17822 120892
87612 14990 102602
66970 11262 78232
51014 8606 59620
14574 2520 17094
50142 9317 59459
12754 2108 14862
27906 4468 32374
23353 3661 27014
8266 1267 9533
13025 2142 15167
117440 19307 136747
18631 3103 21734
10563 2075 12638
12133 1992 14125
8702 1131 9833
56600 8294 64894
130656 19337 149993
36029 5266 41295
32009 5047 37056
42476 6642 49118
58596 9624 68220
51453 9126 60579
51055 8786 59841
15593 2436 18029
49335 8043 57378
88454 13954 102408
61465 10461 71926
72296 12418 84714
63621 10586 74207
32432 5277 37709
16202 2722 18924
42782 7296 50078
49711 7926 57637
85414 14894 100308
35332 6299 41631
27666 4528 32194
41972 7478 49450
11172 1681 12853
22728 3599 26327
26022 4274 30296
43842 7374 51216
26142 3903 30045
113764 18536 132300
37609 7750 45359
38334 6135 44469
49640 8014 57654
35560 7257 42817
11248 1590 12838
38153 6884 45037
32907 6623 39530
18136 3038 21174
39763 7612 47375
73471 13399 86870
26735 3897 30632
28178 4752 32930
58822 9736 68558
51897 8836 60733
7360 1092 8452
81324 13356 94680
42371 7108 49479
9792 1551 11343
6174 979 7153
28611 4228 32839
9238 1397 10635
21714 3485 25199
28047 5011 33058
25671 4150 29821
51017 7417 58434
7883 1195 9078
19249 3238 22487
25005 4783 29788
109961 17583 127544
48897 8049 56946
38383 6428 44811
42561 7166 49727
64524 12537 77061
52399 8655 61054
39860 6131 45991
23497 4314 27811
38738 6702 45440
12231 1858 14089
29523 5783 35306
21242 3590 24832
9710 1803 11513
8242 1389 9631
13802 1976 15778
40362 7087 47449
43910 7316 51226
17166 2854 20020
28868 5741 34609
44348 7844 52192
25029 3927 28956
41323 6578 47901
63279 10442 73721
9997 1624 11621
19990 3186 23176
55536 8795 64331
18463 2782 21245
74378 13469 87847
65400 10275 75675
25682 3194 28876
33630 5590 39220
96617 17956 114573
38805 7590 46395
66371 10689 77060
28734 5100 33834
33612 6801 40413
30598 4822 35420
11071 1723 12794
25006 4081 29087
52735 8601 61336
43391 7224 50615
49767 8230 57997
19931 3273 23204
38403 6687 45090
13107 2040 15147
18314 3167 21481
19484 3031 22515
10389 1527 11916
21715 3652 25367
57336 9330 66666
43010 8443 51453
29195 4420 33615
13539 2139 15678
48594 8133 56727
13964 2170 16134
26225 4134 30359
34281 5647 39928
20446 3395 23841
18325 3587 21912
15162 2343 17505
17506 2629 20135
32216 5125 37341
20628 3536 24164
43495 7018 50513
16504 2434 18938
32985 5860 38845
42675 7819 50494
51469 8223 59692
32407 5172 37579
60837 9331 70168
19476 3147 22623
86676 14179 100855
61196 11548 72744
38104 7934 46038
21723 3721 25444
47331 8002 55333
24319 4335 28654
39473 6493 45966
12951 1915 14866
29069 5004 34073
35108 5746 40854
23244 3496 26740
64713 10846 75559
98983 15540 114523
24317 3859 28176
56465 9040 65505
29223 5132 34355
12044 1666 13710
27864 4581 32445
60411 9612 70023
44713 7690 52403
31119 4580 35699
30189 4936 35125
76505 12126 88631
54657 8831 63488
24937 4200 29137
35593 5074 40667
59459 9548 69007
47788 8066 55854
87618 14918 102536
22531 3676 26207
19151 2830 21981
8436 1304 9740
19512 3184 22696
27695 4512 32207
30512 5783 36295
53833 8357 62190
43989 5167 49156
16670 3223 19893
49069 8952 58021
31601 4402 36003
8473 1328 9801
44371 7627 51998
113859 18365 132224
42103 6687 48790
16466 3016 19482
47785 7510 55295
69514 7610 77124
13394 2255 15649
53496 8246 61742
24738 3517 28255
35220 5961 41181
101573 15402 116975
19445 3857 23302
54504 8596 63100
18788 3054 21842
10313 1627 11940
47251 7497 54748
47540 8016 55556
55861 9067 64928
68139 11087 79226
51635 8106 59741
75553 12003 87556
37467 6960 44427
59791 10902 70693
20681 3701 24382
20694 2555 23249
43409 8763 52172
107378 17912 125290
100052 16410 116462
36671 6246 42917
30839 5752 36591
22096 3904 26000
26456 4726 31182
85515 14271 99786
56030 9369 65399
31435 5013 36448
43500 7574 51074
46564 7993 54557
31391 5066 36457
42021 7144 49165
29903 4920 34823
20763 3069 23832
51783 8097 59880
40963 7699 48662
62416 11625 74041
11306 1788 13094
42375 6789 49164
26978 4129 31107
38752 6232 44984
13154 2173 15327
56080 10428 66508
36703 5583 42286
10685 1783 12468
115466 18164 133630
103755 16849 120604
48253 8065 56318
42902 7023 49925
26652 4783 31435
31214 5233 36447
35320 5490 40810
48594 7761 56355
66281 11386 77667
58075 9462 67537
99803 15770 115573
30489 4367 34856
100417 18316 118733
21583 3463 25046
35311 6481 41792
11553 1710 13263
37071 5512 42583
84760 13262 98022
22243 3396 25639
9114 1803 10917
