27798 24379 52177
15946 14463 30409
34822 32537 67359
37849 31915 69764
34065 30434 64499
31392 29612 61004
19504 18079 37583
16614 13466 30080
22823 21116 43939
44389 42005 86394
12622 12216 24838
39278 33819 73097
44472 45346 89818
28696 29015 57711
14148 12224 26372
22471 20542 43013
48442 48004 96446
17263 14689 31952
32470 29115 61585
54108 46240 100348
65276 57822 123098
27352 24315 51667
19095 16771 35866
15692 14662 30354
22756 25146 47902
34575 31197 65772
10145 9479 19624
9540 8727 18267
9234 8437 17671
35618 32698 68316
44580 38569 83149
23401 21091 44492
47314 39457 86771
30402 26607 57009
34310 28349 62659
27417 25591 53008
43293 34218 77511
16712 14325 31037
39149 33529 72678
34032 29287 63319
7634 6448 14082
30556 26951 57507
23789 22462 46251
24915 23019 47934
8649 7070 15719
14387 14860 29247
44187 42962 87149
11544 11031 22575
32115 27576 59691
27097 27192 54289
12414 11806 24220
54723 52453 107176
13595 11581 25176
16077 14217 30294
22736 20585 43321
11506 9779 21285
75498 69136 144634
70173 58354 128527
52704 49034 101738
38244 37512 75756
10966 10574 21540
39034 33432 72466
10126 8921 19047
21719 20871 42590
17486 18353 35839
6751 6464 13215
10776 10330 21106
87075 75766 162841
14732 12431 27163
8084 7858 15942
9710 9077 18787
7072 6153 13225
41034 38088 79122
96403 81511 177914
24230 22521 46751
22646 21101 43747
31779 27932 59711
46547 40759 87306
36872 36570 73442
42415 36413 78828
11415 10495 21910
36966 34573 71539
69268 57898 127166
52353 43926 96279
55061 52339 107400
49270 47570 96840
27114 20736 47850
11792 12094 23886
34476 30396 64872
36978 33245 70223
55315 59473 114788
26875 25037 51912
24936 21613 46549
31197 28585 59782
7953 7654 15607
17130 15739 32869
20196 18507 38703
32252 28446 60698
19359 16879 36238
88553 78588 167141
26911 25723 52634
26677 24875 51552
36467 32695 69162
25950 25656 51606
8653 7198 15851
28290 25417 53707
30005 29245 59250
16009 13841 29850
32470 29037 61507
57925 53862 111787
20964 19438 40402
27613 23755 51368
44540 49787 94327
40728 37597 78325
5319 5153 10472
57710 58488 116198
37194 36265 73459
7522 6378 13900
4327 4853 9180
22064 18401 40465
7382 6389 13771
17607 14978 32585
23226 22612 45838
20877 18678 39555
38920 33429 72349
6017 6592 12609
15884 14934 30818
23566 20716 44282
81848 91627 173475
39690 61190 100880
30500 27442 57942
37892 33689 71581
47823 53592 101415
43052 39400 82452
34559 30180 64739
19626 17972 37598
31411 28295 59706
9413 8926 18339
25018 21486 46504
16581 16943 33524
10416 9498 19914
8242 6783 15025
10611 10492 21103
32332 28435 60767
39287 36361 75648
13749 13583 27332
23187 22924 46111
39044 32378 71422
22204 17438 39642
34438 31018 65456
53709 45450 99159
8415 8221 16636
15854 14506 30360
44577 41018 85595
13722 12782 26504
55103 57158 112261
56000 49020 105020
16370 14809 31179
24288 24021 48309
73238 72219 145457
31618 28045 59663
56835 48870 105705
23336 20755 44091
25082 24361 49443
23639 22141 45780
9302 8714 18016
22281 21175 43456
52103 42973 95076
41085 33288 74373
42322 34336 76658
16844 15784 32628
29549 30740 60289
11554 9132 20686
13833 15388 29221
16007 14583 30590
8237 7196 15433
18421 17283 35704
49111 44309 93420
36128 32304 68432
27272 22456 49728
10257 9796 20053
37169 35611 72780
10481 11084 21565
19440 17917 37357
25672 24666 50338
15802 14414 30216
14282 12139 26421
11063 10829 21892
13001 12726 25727
23410 20967 44377
15885 15861 31746
32920 30311 63231
12299 11727 24026
22783 21527 44310
33546 30813 64359
39317 35646 74963
25782 26022 51804
44651 39148 83799
16072 13519 29591
102491 58567 161058
52649 47515 100164
41367 34986 76353
19295 16047 35342
41696 30566 72262
25422 23081 48503
32676 28913 61589
11901 12230 24131
28225 26995 55220
27035 24522 51557
18811 16401 35212
47992 44602 92594
76304 65988 142292
18299 17063 35362
46357 39692 86049
23956 22213 46169
9040 8289 17329
24658 19051 43709
48220 44038 92258
38267 32076 70343
31048 21065 52113
24511 22227 46738
61035 53162 114197
38360 35284 73644
21188 18645 39833
27750 26102 53852
40899 35342 76241
36998 37521 74519
81631 68203 149834
18178 16903 35081
14613 18041 32654
6368 8854 15222
15888 14029 29917
23009 20782 43791
29651 22928 52579
43648 37473 81121
24866 23086 47952
13755 12320 26075
52377 38844 91221
24863 23969 48832
6361 6019 12380
33282 30932 64214
83543 76372 159915
40185 28003 68188
12009 12417 24426
35455 42210 77665
37568 32797 70365
10180 9670 19850
41005 44633 85638
20484 24068 44552
26820 25557 52377
76755 65942 142697
16555 16179 32734
40460 39021 79481
14924 12379 27303
7972 7028 15000
36296 30229 66525
46381 34594 80975
45215 40144 85359
55293 47158 102451
38179 39962 78141
53833 51920 105753
33806 25915 59721
47857 53146 101003
15476 14479 29955
13621 12577 26198
34164 30304 64468
80822 73852 154674
74536 69057 143593
28085 27383 55468
24339 20940 45279
19293 15222 34515
20866 17447 38313
67029 59028 126057
46073 42649 88722
26459 24503 50962
33994 30744 64738
38561 36030 74591
23899 23549 47448
36246 34370 70616
22905 23466 46371
19166 16231 35397
41516 35765 77281
31223 28946 60169
51597 48061 99658
8754 7846 16600
33970 30923 64893
22682 19734 42416
35378 28938 64316
11349 11437 22786
46068 45236 91304
26938 24216 51154
8488 7424 15912
100912 82349 183261
77071 65842 142913
39073 39692 78765
41406 29457 70863
24446 20820 45266
24634 22963 47597
25583 23247 48830
39347 35821 75168
50812 48556 99368
40858 38647 79505
88966 62778 151744
23211 20421 43632
76589 63858 140447
16333 14058 30391
26865 26224 53089
8357 7741 16098
26754 23098 49852
58351 59209 117560
29522 16708 46230
7878 7034 14912
