11098 70581 81679
6095 40589 46684
13346 80494 93840
15582 84732 100314
14644 80705 95349
11578 74026 85604
6805 48598 55403
5480 36027 41507
8538 56110 64648
16775 108966 125741
5245 35206 40451
15324 95212 110536
16809 115852 132661
11668 74788 86456
5912 35579 41491
8689 57407 66096
19218 117292 136510
6255 43338 49593
12771 79857 92628
19175 130091 149266
24299 149260 173559
10279 65990 76269
6982 50759 57741
5658 39178 44836
9779 64697 74476
12131 88895 101026
3624 27660 31284
4089 22208 26297
3576 24815 28391
12987 117015 130002
17213 104739 121952
10034 58247 68281
16779 106702 123481
13238 74942 88180
12257 76811 89068
10307 68779 79086
15565 98446 114011
6028 41739 47767
13952 93012 106964
13466 88393 101859
3001 19559 22560
12330 77993 90323
10432 63746 74178
10353 67064 77417
2756 20515 23271
5582 37889 43471
17691 116547 134238
5491 30019 35510
12251 78531 90782
11436 77070 88506
6041 33084 39125
23588 143007 166595
5351 37891 43242
6284 42386 48670
9020 56581 65601
3948 28897 32845
27839 185016 212855
26077 157510 183587
20742 131469 152211
14438 98055 112493
4102 30217 34319
14790 91530 106320
3583 25230 28813
8726 54550 63276
6624 47826 54450
2567 18328 20895
4076 27967 32043
31525 198213 229738
5375 35168 40543
2881 21802 24683
3432 24842 28274
2341 16230 18571
15474 92723 108197
33248 210609 243857
9900 61993 71893
9032 58423 67455
12784 80038 92822
16572 109043 125615
14634 93990 108624
15542 98156 113698
4465 31106 35571
13870 96368 110238
27100 158814 185914
18811 115067 133878
21693 139507 161200
20358 119173 139531
8997 56470 65467
4462 34037 38499
12606 78397 91003
14118 92990 107108
22871 148499 171370
10571 70350 80921
7855 51916 59771
13610 80851 94461
2906 22779 25685
6367 44923 51290
7973 52402 60375
14268 78639 92907
7333 49109 56442
30484 188917 219401
11013 71385 82398
10125 67227 77352
13275 87796 101071
10657 72877 83534
2933 22006 24939
11247 73258 84505
11995 73481 85476
5190 35507 40697
12339 80059 92398
21319 135382 156701
7944 49455 57399
8933 56571 65504
17037 105488 122525
14840 100551 115391
2175 15730 17905
23298 146710 170008
13802 81666 95468
2789 19426 22215
2257 14651 16908
8450 54106 62556
2700 19699 22399
6354 39622 45976
10497 61566 72063
8118 51862 59980
14045 90727 104772
2300 17005 19305
6019 40570 46589
7153 48530 55683
30816 210692 241508
13909 86419 100328
12067 80934 93001
12273 86657 98930
17961 123375 141336
16515 100285 116800
11481 80271 91752
7392 50102 57494
11872 73779 85651
3309 24714 28023
9538 61758 71296
6284 42261 48545
2765 21834 24599
2353 17559 19912
3877 26846 30723
12218 81674 93892
12406 84732 97138
5092 35151 40243
9916 64036 73952
13295 89466 102761
7352 49808 57160
13257 77732 90989
18903 110125 129028
2711 21739 24450
6030 39397 45427
16823 108452 125275
5310 35376 40686
22510 148853 171363
18921 117595 136516
5914 42804 48718
10437 66193 76630
27391 184514 211905
11992 78082 90074
20567 124999 145566
10164 63878 74042
10392 70162 80554
9288 58898 68186
4120 24657 28777
7396 51705 59101
16007 100168 116175
13821 78915 92736
14238 95571 109809
6835 43903 50738
11542 78346 89888
3697 28321 32018
5507 34872 40379
5391 34516 39907
2608 20453 23061
6158 41116 47274
16966 107754 124720
12516 85025 97541
8129 53597 61726
3673 28004 31677
13101 90584 103685
4545 28185 32730
6868 53258 60126
10675 66623 77298
5604 42139 47743
6076 35253 41329
4571 32797 37368
5743 35619 41362
8557 59861 68418
5892 43465 49357
13689 79994 93683
4988 33115 38103
9178 57418 66596
13808 82075 95883
14984 95649 110633
9994 61734 71728
17715 109503 127218
5443 42125 47568
27950 154528 182478
17940 110540 128480
10973 74099 85072
6623 45460 52083
14650 89578 104228
7633 50642 58275
12256 80590 92846
3601 25543 29144
8764 59616 68380
10799 67811 78610
6448 45183 51631
17384 112168 129552
28414 168568 196982
6001 48148 54149
18850 101873 120723
9041 59693 68734
3410 23257 26667
7525 52681 60206
17664 113057 130721
13993 84025 98018
9554 55303 64857
8937 58238 67175
22151 139084 161235
13837 93460 107297
7321 47688 55009
10289 64093 74382
15235 97237 112472
14475 98719 113194
26776 170047 196823
7343 45543 52886
5359 37850 43209
2861 16923 19784
5759 38673 44432
8560 56878 65438
9372 58235 67607
14700 101399 116099
9772 64820 74592
5403 33114 38517
13757 93119 106876
8267 60442 68709
2384 17740 20124
13623 83123 96746
30411 198074 228485
12449 81300 93749
4748 31335 36083
13173 85586 98759
13101 87790 100891
3495 25811 29306
14619 94720 109339
7341 47548 54889
10844 62964 73808
27572 171279 198851
5783 39730 45513
17165 99882 117047
7236 35876 43112
2763 20689 23452
13085 88886 101971
12776 86544 99320
15395 97971 113366
19400 121984 141384
14084 94468 108552
21009 136770 157779
11044 69782 80826
17736 131718 149454
6512 41095 47607
5094 34699 39793
13629 81630 95259
28672 187145 215817
30429 170932 201361
11382 74957 86339
9458 59506 68964
6045 42360 48405
7310 46400 53710
25850 159879 185729
16561 105999 122560
9683 61905 71588
12519 80814 93333
13121 88631 101752
9610 62680 72290
13969 85421 99390
8827 64287 73114
6057 40601 46658
14570 91749 106319
12091 76430 88521
18673 115133 133806
3051 21187 24238
12675 81280 93955
7820 51640 59460
12460 75217 87677
4921 30623 35544
17579 111570 129149
11911 66847 78758
2721 21104 23825
32483 211958 244441
28282 174068 202350
14607 91838 106445
12590 81206 93796
8049 51182 59231
10216 60221 70437
10686 65185 75871
14773 96023 110796
19628 127241 146869
16721 97397 114118
27198 177362 204560
8580 54080 62660
27405 160426 187831
6199 40469 46668
9917 66280 76197
2927 22043 24970
10072 66197 76269
23010 149179 172189
6810 45440 52250
2384 19039 21423
