14519 58227 72746
9006 35148 44154
18764 70128 88892
21019 74100 95119
17906 65322 83228
16330 64073 80403
10054 42395 52449
7124 29505 36629
12709 46173 58882
24365 98021 122386
6845 28687 35532
21130 84018 105148
27171 97681 124852
15498 63988 79486
7935 32584 40519
12620 49225 61845
27200 102216 129416
9495 39138 48633
16979 69090 86069
27093 101001 128094
31037 134564 165601
13700 57235 70935
10272 41000 51272
7898 33249 41147
12385 53462 65847
18070 73985 92055
6795 24504 31299
5302 18383 23685
4745 20636 25381
17787 72652 90439
25829 89451 115280
13778 48826 62604
25856 90812 116668
20166 62121 82287
16297 68753 85050
14223 58478 72701
20979 82636 103615
8697 34933 43630
21077 76973 98050
17926 72603 90529
3540 15578 19118
16487 66316 82803
12569 53323 65892
15135 55537 70672
4118 18689 22807
8749 32178 40927
24011 97586 121597
6023 29209 35232
16329 70771 87100
15649 63589 79238
6538 28221 34759
29234 115240 144474
6940 30899 37839
8436 33141 41577
12305 47204 59509
5692 23287 28979
40026 159794 199820
36720 134153 170873
27677 114730 142407
20097 82424 102521
5835 23795 29630
21345 78468 99813
5528 23554 29082
12030 45706 57736
9279 40909 50188
3854 14561 18415
6291 22313 28604
45836 172301 218137
7506 32602 40108
4124 18844 22968
4980 22127 27107
3041 13019 16060
22239 83022 105261
51136 182887 234023
13543 51729 65272
13660 48388 62048
16526 64792 81318
23255 94776 118031
21351 79064 100415
19830 81534 101364
6283 25153 31436
19957 80691 100648
34521 134567 169088
26520 96476 122996
30184 115409 145593
27674 102946 130620
13151 47830 60981
6021 26200 32221
16663 65209 81872
19314 80699 100013
30312 121796 152108
14686 58014 72700
12483 45307 57790
16528 66866 83394
4463 18702 23165
8989 37394 46383
11494 44605 56099
17836 68195 86031
10263 41024 51287
43768 156518 200286
14770 59678 74448
13712 57441 71153
19343 75932 95275
16515 59721 76236
4327 18180 22507
15719 61700 77419
12778 59350 72128
6997 29495 36492
15584 67265 82849
27869 118418 146287
10834 41574 52408
12076 43877 55953
24458 92310 116768
20534 82151 102685
3123 12969 16092
30403 122946 153349
20045 72848 92893
3718 17465 21183
2497 11237 13734
12155 45781 57936
3406 16268 19674
8424 32876 41300
11887 49551 61438
11245 42889 54134
20301 76057 96358
3191 14257 17448
8338 34272 42610
10658 41406 52064
42630 176541 219171
19530 75031 94561
17188 66688 83876
18099 68773 86872
27191 106194 133385
20321 91768 112089
17399 64649 82048
10050 42655 52705
18034 62287 80321
4869 21075 25944
13131 51938 65069
8870 39970 48840
4095 17272 21367
3296 13998 17294
5704 23373 29077
15436 66197 81633
18780 74084 92864
7601 28374 35975
13460 54934 68394
18459 74184 92643
10164 46315 56479
17527 66958 84485
29588 94466 124054
5196 18059 23255
8340 33601 41941
24723 90578 115301
7174 29954 37128
29533 123771 153304
26476 99778 126254
8711 36914 45625
13439 54170 67609
39831 159281 199112
16531 67532 84063
29116 101429 130545
13657 49269 62926
13991 57087 71078
12562 47054 59616
4499 20622 25121
10424 40650 51074
22822 85953 108775
16433 62001 78434
22266 82572 104838
8600 34652 43252
15760 66810 82570
5178 23806 28984
7134 29367 36501
7150 29003 36153
3880 17012 20892
8459 35813 44272
25757 92620 118377
17578 70338 87916
11430 44858 56288
5803 23662 29465
19107 77696 96803
6000 24545 30545
10124 43268 53392
13833 57955 71788
8545 36782 45327
7159 32451 39610
6145 29810 35955
8187 28466 36653
12649 50180 62829
9491 38142 47633
17216 68318 85534
7429 28005 35434
14671 49431 64102
17828 70694 88522
20796 82530 103326
12829 50528 63357
24197 94775 118972
7982 33605 41587
34075 131026 165101
26241 92693 118934
14725 63095 77820
9478 38836 48314
20049 77076 97125
10394 45295 55689
15715 63017 78732
4940 21215 26155
12672 52228 64900
13304 57610 70914
9223 40321 49544
25889 101667 127556
37003 147019 184022
9804 38838 48642
23669 87828 111497
12616 48774 61390
4414 19492 23906
10500 44959 55459
24859 96379 121238
17578 71399 88977
11942 49975 61917
12730 47775 60505
29056 119780 148836
21327 80452 101779
10996 43852 54848
13167 54019 67186
22061 85941 108002
19875 81211 101086
34919 146976 181895
8795 36640 45435
7317 34132 41449
4617 14095 18712
8207 33507 41714
11909 47585 59494
12869 52916 65785
21486 86119 107605
15216 58264 73480
6880 28271 35151
22112 85375 107487
14570 48121 62691
3190 14598 17788
17814 70748 88562
44791 174050 218841
16505 68788 85293
6391 27777 34168
20142 77497 97639
19124 73102 92226
4923 22076 26999
21567 85031 106598
10303 40944 51247
13161 54002 67163
40677 146640 187317
8775 36045 44820
22294 87400 109694
7238 29615 36853
3766 17531 21297
18494 67743 86237
19037 75746 94783
22204 83772 105976
29743 103465 133208
19814 82881 102695
29445 113354 142799
14378 57026 71404
26610 122534 149144
8399 33648 42047
6462 28613 35075
17661 66556 84217
43544 156826 200370
39650 155186 194836
14881 59495 74376
12549 52039 64588
10151 36922 47073
10196 40628 50824
36711 131728 168439
23465 92428 115893
12993 52990 65983
16442 73795 90237
18549 80410 98959
14459 52086 66545
17853 70202 88055
12717 51653 64370
9957 35020 44977
20579 84660 105239
15944 62437 78381
24701 100907 125608
4116 18559 22675
16481 67834 84315
10952 43990 54942
14790 61376 76166
6278 24860 31138
23942 94809 118751
13563 54688 68251
4000 18473 22473
43988 177723 221711
38218 148205 186423
22809 77585 100394
17589 68106 85695
10979 45955 56934
12668 52220 64888
13065 51318 64383
20397 79992 100389
28820 108058 136878
22239 89386 111625
36390 144447 180837
12608 49735 62343
37975 141657 179632
8995 33511 42506
14188 59811 73999
4298 17772 22070
13167 50362 63529
33506 130207 163713
9299 40157 49456
4299 16566 20865
