35871 17145 53016
18516 9436 27952
37096 18870 55966
42071 22807 64878
38720 17608 56328
34078 17608 51686
24269 10567 34836
17472 7955 25427
25611 13026 38637
48926 25689 74615
17583 7945 25528
44317 22814 67131
47546 26193 73739
35166 16947 52113
15753 8101 23854
24892 12767 37659
56809 28327 85136
18241 9392 27633
35377 17976 53353
55785 28762 84547
80323 36831 117154
31733 16136 47869
21344 11737 33081
18018 9146 27164
28515 14499 43014
41048 21090 62138
11332 5746 17078
10820 5142 15962
10443 5715 16158
43786 21978 65764
49118 29571 78689
26655 13773 40428
58462 29217 87679
33815 17477 51292
34120 17914 52034
33827 15229 49056
41435 22823 64258
19277 9609 28886
41085 21218 62303
38200 19818 58018
8610 4415 13025
34831 18498 53329
25838 14170 40008
27988 14579 42567
8289 4327 12616
18833 10170 29003
48380 26360 74740
15589 6897 22486
35602 18336 53938
34297 17423 51720
15671 8228 23899
68068 36500 104568
14920 7205 22125
17413 8283 25696
26537 13353 39890
11969 6073 18042
104062 43262 147324
77309 37005 114314
71883 31098 102981
46424 24071 70495
13376 7001 20377
43299 21734 65033
10824 5386 16210
25243 12655 37898
18918 9778 28696
7806 3877 11683
12525 6522 19047
100667 70388 171055
16236 9548 25784
9374 4801 14175
11232 6016 17248
7259 3616 10875
52399 22925 75324
117008 51419 168427
26778 15340 42118
25207 13337 38544
36121 18525 54646
51561 24969 76530
49345 24072 73417
48157 23354 71511
12318 8290 20608
42523 22712 65235
82683 39435 122118
52050 27794 79844
65612 33146 98758
56363 30093 86456
25929 13270 39199
12687 6685 19372
38306 18651 56957
41385 22616 64001
66901 34408 101309
41161 15645 56806
27336 14010 41346
39767 28171 67938
9478 5401 14879
19283 10247 29530
23533 10951 34484
37206 17803 55009
23853 11152 35005
102244 44827 147071
32463 16583 49046
29827 15416 45243
49637 26738 76375
41481 18555 60036
10872 5314 16186
38958 22617 61575
35783 18177 53960
16549 11148 27697
43032 18437 61469
62008 32512 94520
22339 11163 33502
26033 14568 40601
56177 30316 86493
46267 24369 70636
7776 3349 11125
78712 39492 118204
37720 21173 58893
9766 4259 14025
5359 4128 9487
27356 12801 40157
9196 4530 13726
19116 9251 28367
28607 15125 43732
24086 12430 36516
55492 22206 77698
7501 3306 10807
17515 8368 25883
23498 11061 34559
117091 57756 174847
64070 23506 87576
39335 18630 57965
41499 18645 60144
65830 33805 99635
47794 24373 72167
36992 18032 55024
21973 11653 33626
39887 18051 57938
11350 6047 17397
30101 16331 46432
26211 11659 37870
13172 5196 18368
10354 4212 14566
12831 6640 19471
40962 20461 61423
47322 23455 70777
20584 8725 29309
28372 14953 43325
41140 20687 61827
24087 11974 36061
36844 17894 54738
62038 27903 89941
9590 4821 14411
18862 8966 27828
57370 28846 86216
18058 8450 26508
68799 37607 106406
54680 27948 82628
18786 12138 30924
28207 14859 43066
85139 44048 129187
39712 18694 58406
56331 30005 86336
26487 14168 40655
28706 15898 44604
26992 13415 40407
11224 5073 16297
22889 11409 34298
47692 24194 71886
37097 18311 55408
44695 23659 68354
19843 10514 30357
34865 18271 53136
13127 7475 20602
16391 7552 23943
18781 9807 28588
11151 5681 16832
18508 8907 27415
51800 25210 77010
37006 19514 56520
24387 12525 36912
11479 6282 17761
46589 24265 70854
12873 7139 20012
23880 11431 35311
29691 14268 43959
18379 9695 28074
16617 8243 24860
13825 7131 20956
16078 8193 24271
27345 14508 41853
18324 9594 27918
45303 21209 66512
16549 8461 25010
27730 14250 41980
46685 22524 69209
51459 23319 74778
30971 15561 46532
63017 27860 90877
19929 8705 28634
91191 41140 132331
54009 27619 81628
31590 16324 47914
21521 11101 32622
49701 20413 70114
23677 13805 37482
40810 22850 63660
12318 7229 19547
30260 16747 47007
31194 18421 49615
21816 10830 32646
53979 27193 81172
84386 44981 129367
22091 11595 33686
58947 28785 87732
33922 13804 47726
10433 6195 16628
25450 12767 38217
59747 30941 90688
48514 22599 71113
25680 13686 39366
29888 14829 44717
63029 34771 97800
41800 22040 63840
23087 13366 36453
26874 14267 41141
46842 23244 70086
45096 23255 68351
81638 42342 123980
19487 10224 29711
17251 8454 25705
7256 4466 11722
19091 9482 28573
24470 12473 36943
29641 14133 43774
47774 24488 72262
31418 14827 46245
17353 7080 24433
43270 25042 68312
25416 13327 38743
7659 4013 11672
37146 21873 59019
99968 51366 151334
36455 18326 54781
13938 7765 21703
46325 21722 68047
44672 20991 65663
10423 5480 15903
45667 23729 69396
21981 10367 32348
31073 15153 46226
84090 42794 126884
17217 9429 26646
45333 24471 69804
15980 10115 26095
9175 4781 13956
40721 20449 61170
40449 22676 63125
48603 25296 73899
57823 30894 88717
42221 21359 63580
61958 32556 94514
33695 15666 49361
55780 34190 89970
18513 9276 27789
16144 7601 23745
41236 18230 59466
90732 43504 134236
84516 41912 126428
34318 17527 51845
27420 13870 41290
18924 10105 29029
22578 11382 33960
74882 38915 113797
50399 26737 77136
27303 13223 40526
38072 19882 57954
42261 21660 63921
26804 13538 40342
38387 19551 57938
27657 14132 41789
18345 9165 27510
43695 22114 65809
34745 17123 51868
55417 28421 83838
10459 5095 15554
36471 19277 55748
22657 18245 40902
33966 17025 50991
12642 7003 19645
52405 28132 80537
31880 16131 48011
9620 4390 14010
105635 49798 155433
86619 43470 130089
42276 21653 63929
37148 18402 55550
24712 13282 37994
27389 14578 41967
29909 16054 45963
46796 23108 69904
59067 32687 91754
50367 25139 75506
90399 44060 134459
26007 14206 40213
89947 43412 133359
19737 9349 29086
33097 16897 49994
9079 5117 14196
28721 14002 42723
69062 37767 106829
22432 12215 34647
8798 4430 13228
