24935 28869 53804
15088 18143 33231
31883 33891 65774
37721 37654 75375
30627 35170 65797
26475 33368 59843
18470 21156 39626
12619 14986 27605
22434 24341 46775
43029 48362 91391
12153 15179 27332
40420 42237 82657
41075 48521 89596
26625 30604 57229
14647 15406 30053
21458 23826 45284
46061 51392 97453
15625 18335 33960
29580 33706 63286
47685 51530 99215
55543 67775 123318
25774 33255 59029
17910 21161 39071
16328 17290 33618
22390 26277 48667
31701 37606 69307
10609 13026 23635
7718 11258 18976
8634 10510 19144
33516 37098 70614
40460 45331 85791
22190 25146 47336
42486 45942 88428
29872 33949 63821
28567 34139 62706
30079 28522 58601
38605 41623 80228
16253 18017 34270
34603 39458 74061
31785 38943 70728
8695 7444 16139
27957 33537 61494
22588 28160 50748
22925 27301 50226
7027 8973 16000
14300 15898 30198
42621 50130 92751
10858 13595 24453
28300 32277 60577
26622 31406 58028
11966 13933 25899
54211 59362 113573
12395 15100 27495
15438 17279 32717
22336 24156 46492
10216 11334 21550
76363 79395 155758
59691 69455 129146
48083 57869 105952
36357 41465 77822
10789 12355 23144
37039 39630 76669
9557 11185 20742
21072 23519 44591
16571 20245 36816
7068 7690 14758
9444 11761 21205
80500 90000 170500
13020 16566 29586
7618 8598 16216
8922 10342 19264
6892 8411 15303
37934 46043 83977
86449 95591 182040
24393 25074 49467
21819 25706 47525
29027 32374 61401
41070 46473 87543
34946 39689 74635
35607 41864 77471
11556 11982 23538
34279 41594 75873
61567 70448 132015
49335 52605 101940
49032 62911 111943
47166 52386 99552
21677 24066 45743
11434 13161 24595
29831 36132 65963
35479 43211 78690
56025 63845 119870
26365 30222 56587
19401 23417 42818
27316 34350 61666
7411 11051 18462
16418 18462 34880
19277 21867 41144
32713 34765 67478
19529 20583 40112
79610 85814 165424
26434 31374 57808
23230 27521 50751
34309 39526 73835
24971 30114 55085
8543 8406 16949
26122 30462 56584
22586 28200 50786
12577 15414 27991
27614 37744 65358
48670 59145 107815
20348 21687 42035
20772 24050 44822
43628 49164 92792
36581 42127 78708
5445 6112 11557
55940 62840 118780
33200 35650 68850
7649 7712 15361
4275 5368 9643
21373 22983 44356
6707 9473 16180
14999 16187 31186
23235 26510 49745
19677 22469 42146
35382 40551 75933
6188 6561 12749
14298 16677 30975
21252 20028 41280
80410 88190 168600
33774 39092 72866
27473 33874 61347
32053 35270 67323
46466 55816 102282
36487 42643 79130
28690 32022 60712
17669 20874 38543
28599 31946 60545
8799 9789 18588
20450 26097 46547
16156 17672 33828
7022 9056 16078
6111 6746 12857
9679 12139 21818
30129 35813 65942
31857 37378 69235
12922 14436 27358
21520 26611 48131
34892 40412 75304
19186 21725 40911
31763 34124 65887
48385 51468 99853
8551 8556 17107
14848 16234 31082
42810 46187 88997
13141 14961 28102
54642 65663 120305
46930 54632 101562
16021 17534 33555
23771 27513 51284
71715 80717 152432
28801 34866 63667
47002 54696 101698
21793 24365 46158
22970 29314 52284
22252 24776 47028
8444 9541 17985
19286 20355 39641
39948 42026 81974
30982 34792 65774
37711 41311 79022
15151 16913 32064
30435 35920 66355
11056 12242 23298
12509 14383 26892
13887 14315 28202
7400 8087 15487
16171 17250 33421
42568 48222 90790
30172 35050 65222
21019 22982 44001
9747 11213 20960
35169 39724 74893
10455 13786 24241
18189 21472 39661
24590 28547 53137
14759 20011 34770
12874 15797 28671
12025 13530 25555
12520 13749 26269
22850 26780 49630
15550 18249 33799
30392 34256 64648
12049 14253 26302
21396 25607 47003
31133 34852 65985
38402 41445 79847
23320 26501 49821
43639 46167 89806
17131 16632 33763
59474 67919 127393
44454 48972 93426
26047 31568 57615
17758 18331 36089
35971 38420 74391
18303 21873 40176
27557 35583 63140
9381 10066 19447
20759 25986 46745
26558 28733 55291
17925 19100 37025
43819 50039 93858
66374 77876 144250
17134 19446 36580
41912 45288 87200
21505 25100 46605
8168 9692 17860
20699 24104 44803
44460 51955 96415
29935 35532 65467
22506 23180 45686
22500 26657 49157
49849 59351 109200
34865 42890 77755
19460 21262 40722
22398 27206 49604
38406 40889 79295
37931 41751 79682
67124 75254 142378
15918 19864 35782
14745 16685 31430
5965 7259 13224
15248 17715 32963
21217 23585 44802
21626 25691 47317
37698 44787 82485
21970 26116 48086
11866 16409 28275
35652 42348 78000
20951 23858 44809
7314 7222 14536
31982 37192 69174
82228 93108 175336
28493 34940 63433
10854 14243 25097
34439 38765 73204
33736 37593 71329
9230 10755 19985
37529 43285 80814
19176 20461 39637
23211 27273 50484
71449 78162 149611
13947 16550 30497
37554 45781 83335
15478 15063 30541
7171 8177 15348
33451 35588 69039
34919 38696 73615
41884 43767 85651
49080 54431 103511
35687 41870 77557
50103 58642 108745
26263 29205 55468
43841 63585 107426
16146 16917 33063
12131 14153 26284
33536 34790 68326
72755 81328 154083
67859 75460 143319
26414 30874 57288
21075 26484 47559
15424 17760 33184
18359 20001 38360
59310 69540 128850
40221 49301 89522
22880 27102 49982
29785 35222 65007
33044 39613 72657
22633 27245 49878
31774 35913 67687
22668 25801 48469
15474 17302 32776
37574 41292 78866
27568 32554 60122
46419 49867 96286
7971 8971 16942
29820 35297 65117
18925 21958 40883
26552 33155 59707
10027 12785 22812
43916 50109 94025
25667 28354 54021
7277 9070 16347
79114 90165 169279
73306 84296 157602
35971 39347 75318
28913 32998 61911
19355 22795 42150
21642 25593 47235
26026 26279 52305
36890 40096 76986
47450 56702 104152
39702 42566 82268
67998 74166 142164
21458 23823 45281
68873 72566 141439
16252 17385 33637
23800 28558 52358
8318 9207 17525
23114 26300 49414
56164 67970 124134
16727 19022 35749
6390 7669 14059
