6488 101074 107562
3223 51048 54271
6099 92796 98895
7055 104027 111082
6263 100854 107117
6455 93496 99951
4313 61429 65742
2572 39885 42457
4943 66535 71478
10787 143222 154009
2845 43466 46311
8754 112431 121185
9519 145749 155268
6402 90385 96787
2575 41835 44410
4886 72670 77556
12197 151117 163314
3259 54766 58025
6302 91574 97876
9876 149304 159180
15658 183496 199154
6681 88138 94819
3725 59980 63705
2929 48461 51390
5024 81798 86822
7172 111905 119077
2549 34693 37242
1898 25339 27237
1621 29029 30650
6154 96194 102348
9131 120227 129358
4659 66615 71274
8932 122918 131850
5756 84155 89911
6346 91562 97908
6303 79915 86218
7907 111188 119095
3297 51613 54910
7483 114461 121944
6275 89331 95606
1710 22571 24281
6439 96024 102463
4830 84458 89288
5423 78602 84025
1342 25979 27321
2673 46270 48943
8840 142725 151565
2553 38000 40553
6352 94381 100733
6893 92249 99142
3546 42410 45956
12579 169296 181875
3312 44843 48155
3893 45838 49731
4349 68073 72422
2316 33382 35698
15947 215794 231741
13488 191766 205254
11700 156239 167939
9184 124052 133236
2281 39483 41764
8099 111229 119328
2506 30297 32803
4259 65237 69496
3214 59257 62471
1607 20538 22145
2251 34677 36928
18249 240774 259023
3062 44598 47660
1926 26736 28662
3685 35459 39144
1464 20441 21905
8938 115952 124890
18539 239315 257854
5533 68920 74453
4595 67113 71708
6252 91139 97391
8940 136292 145232
7836 114615 122451
7668 118891 126559
2419 36531 38950
7316 111125 118441
13034 183332 196366
9562 144080 153642
11331 159517 170848
9993 149977 159970
4369 63523 67892
2505 41342 43847
5818 89001 94819
7713 114421 122134
13206 170286 183492
5570 84169 89739
4363 64504 68867
6871 95935 102806
1618 27190 28808
3083 50961 54044
4548 60856 65404
6852 98420 105272
3994 59375 63369
16662 229974 246636
5857 90703 96560
6880 91532 98412
7675 117882 125557
6325 93676 100001
2067 27693 29760
7648 90898 98546
7711 110902 118613
4175 46498 50673
7535 99432 106967
12970 177926 190896
4022 65339 69361
4713 70795 75508
9041 128923 137964
8452 126075 134527
1724 18330 20054
12551 176240 188791
6344 103391 109735
1590 23263 24853
1444 16149 17593
4080 60456 64536
1234 22602 23836
2707 43942 46649
4702 74163 78865
4224 63303 67527
6925 100412 107337
1163 20300 21463
3030 50489 53519
3775 59222 62997
17537 246898 264435
7404 106185 113589
6111 94310 100421
6814 101710 108524
10026 145362 155388
11546 125536 137082
5728 89158 94886
4422 60349 64771
5911 86866 92777
1724 28976 30700
4613 76932 81545
3459 53359 56818
1480 26311 27791
1303 21675 22978
2079 34053 36132
5751 95734 101485
7250 106656 113906
2697 43403 46100
5116 79392 84508
6965 107337 114302
4034 63612 67646
6164 90607 96771
9603 135396 144999
1601 23710 25311
3067 48739 51806
9633 130856 140489
2920 43535 46455
12682 188373 201055
11011 148716 159727
2967 51973 54940
5503 80807 86310
15165 221218 236383
7178 100171 107349
13720 177489 191209
5226 72452 77678
5705 84815 90520
6794 70497 77291
1685 29600 31285
3985 64445 68430
8697 122231 130928
5894 83385 89279
7893 122288 130181
3288 46344 49632
6349 98601 104950
1871 31146 33017
2648 44230 46878
2988 44586 47574
1827 23957 25784
3712 52128 55840
8847 134938 143785
6030 94065 100095
4561 68037 72598
1927 33200 35127
6926 103940 110866
2328 37397 39725
3586 59729 63315
5789 74351 80140
2873 51135 54008
2801 44679 47480
2695 40120 42815
2831 43838 46669
4989 75924 80913
3218 56120 59338
6268 106471 112739
2501 40090 42591
5393 75867 81260
6968 102229 109197
7646 115121 122767
4993 70566 75559
9109 127910 137019
2831 44342 47173
13100 187991 201091
9471 137938 147409
5846 87965 93811
3438 55433 58871
8206 106872 115078
4172 58672 62844
7874 98406 106280
1922 34049 35971
5680 82767 88447
5733 84358 90091
3789 54849 58638
9653 128404 138057
14100 203430 217530
3375 55453 58828
9033 122258 131291
4613 73044 77657
1899 28757 30656
3911 65023 68934
9826 138134 147960
7757 98809 106566
4437 67678 72115
5724 68262 73986
11551 154479 166030
7281 117532 124813
4178 59783 63961
5308 80558 85866
8832 121683 130515
7849 122756 130605
14676 195930 210606
4231 68459 72690
2613 44625 47238
1448 20979 22427
3848 49807 53655
4415 66286 70701
6040 71291 77331
7891 122864 130755
5533 78794 84327
2677 41529 44206
8095 112758 120853
4591 68379 72970
1768 19861 21629
6907 110339 117246
16001 240308 256309
6254 88407 94661
2982 38787 41769
7621 103695 111316
8197 102593 110790
2066 32054 34120
7672 118044 125716
3847 73138 76985
5028 74281 79309
14921 199113 214034
2982 49121 52103
8465 135791 144256
2779 43898 46677
1446 25436 26882
7398 103180 110578
6668 102779 109447
8684 114818 123502
10307 139251 149558
7615 112856 120471
11754 155449 167203
6096 90888 96984
9835 169369 179204
3122 47775 50897
2871 39992 42863
6204 98763 104967
16345 220298 236643
14633 215461 230094
6674 92746 99420
5067 73686 78753
3710 54169 57879
4141 58654 62795
14045 202241 216286
10069 160494 170563
5719 74272 79991
5971 93404 99375
6815 102692 109507
5445 76974 82419
6232 96757 102989
4663 68309 72972
3045 48418 51463
7878 108425 116303
6002 91346 97348
9585 142464 152049
1485 27135 28620
6146 97961 104107
3791 63983 67774
5897 91839 97736
2234 36463 38697
9346 139513 148859
5599 75596 81195
1608 24767 26375
17571 234861 252432
14076 198186 212262
7337 100405 107742
6574 97797 104371
4292 66558 70850
5703 76278 81981
5790 71898 77688
7569 113723 121292
10117 150438 160555
8985 123962 132947
14551 192945 207496
4276 66931 71207
15238 205362 220600
2996 49323 52319
5780 84346 90126
1589 26938 28527
5523 78527 84050
12985 183576 196561
4059 54750 58809
1269 22246 23515
