12119 50393 62512
6033 27487 33520
14104 54206 68310
14226 59011 73237
14002 59331 73333
12019 53684 65703
7109 35220 42329
5615 24892 30507
9023 38924 47947
16753 71068 87821
4984 21742 26726
14413 59380 73793
17253 79083 96336
12823 51303 64126
5862 24707 30569
8729 38742 47471
18451 75776 94227
6142 29899 36041
12229 52069 64298
20268 86472 106740
23804 107008 130812
11052 47551 58603
6683 30244 36927
5598 25017 30615
9767 42620 52387
12247 58332 70579
4183 19347 23530
3372 15676 19048
3658 14376 18034
12353 59764 72117
17229 72314 89543
10812 43458 54270
17508 72782 90290
12620 55245 67865
12789 52948 65737
11328 49289 60617
15246 68291 83537
5888 28191 34079
13438 59207 72645
13538 56289 69827
2924 13598 16522
12046 51663 63709
8904 41987 50891
9897 41265 51162
2872 15683 18555
5633 24207 29840
17280 74575 91855
4393 20600 24993
12261 49464 61725
11664 51308 62972
5549 24470 30019
22080 88140 110220
4966 22520 27486
7212 31610 38822
8471 35343 43814
4394 19643 24037
27049 118739 145788
26938 102978 129916
22287 95208 117495
14288 62169 76457
4546 20879 25425
14214 62214 76428
3878 17091 20969
8954 38720 47674
6096 30825 36921
2480 12901 15381
4602 20742 25344
32716 137656 170372
5221 23418 28639
3880 15634 19514
3790 17918 21708
2241 10497 12738
15038 63820 78858
35611 139627 175238
10573 44999 55572
8870 38079 46949
12252 50371 62623
16237 68526 84763
14043 62359 76402
15264 69169 84433
4337 19905 24242
14173 62882 77055
25852 109116 134968
19236 83527 102763
23489 109174 132663
20182 85658 105840
9649 39865 49514
4891 23566 28457
12312 50738 63050
13215 60056 73271
21910 96450 118360
12173 51892 64065
8082 36844 44926
13262 56827 70089
5213 14519 19732
6932 31464 38396
7797 32868 40665
14484 57724 72208
7809 34280 42089
30173 125996 156169
11997 52743 64740
11107 48466 59573
14566 65540 80106
10188 48152 58340
3314 15168 18482
12261 52949 65210
10918 49938 60856
5596 22926 28522
13276 55714 68990
22247 92379 114626
7579 34700 42279
8241 36057 44298
18252 78674 96926
14633 63856 78489
2291 10400 12691
23018 95274 118292
14400 59964 74364
2843 12730 15573
1854 9851 11705
8255 34387 42642
2806 11854 14660
5736 25599 31335
8174 37647 45821
7357 33323 40680
14117 59278 73395
2579 10724 13303
5850 25550 31400
7408 30253 37661
30617 130004 160621
13956 64138 78094
16112 58754 74866
12666 59119 71785
18975 77552 96527
14213 68431 82644
13378 54711 68089
6666 35303 41969
11706 52603 64309
3824 17674 21498
10049 43770 53819
7054 32090 39144
2902 15084 17986
3361 13362 16723
4167 21651 25818
14671 58622 73293
19592 63346 82938
5589 24751 30340
10185 54066 64251
15260 66840 82100
8745 36073 44818
12569 52341 64910
20606 81732 102338
2861 13256 16117
6421 27188 33609
17308 69535 86843
5571 25735 31306
23394 97738 121132
20246 84485 104731
6356 31825 38181
9909 40556 50465
28438 125772 154210
11829 50768 62597
20276 82793 103069
9681 41417 51098
10790 45261 56051
8483 40098 48581
3391 16329 19720
7772 35041 42813
15494 71415 86909
13747 54275 68022
14948 68610 83558
6015 26250 32265
12188 54723 66911
3925 17836 21761
5723 25260 30983
5862 22976 28838
3110 18687 21797
6151 26676 32827
19078 69779 88857
13071 51842 64913
8457 37305 45762
3952 16945 20897
14034 64867 78901
3906 18713 22619
7046 32525 39571
10914 47703 58617
6114 27155 33269
6209 23109 29318
4232 20789 25021
4902 22265 27167
9749 43974 53723
6225 30286 36511
14081 59133 73214
5331 24101 29432
8895 38832 47727
13348 56945 70293
15806 69704 85510
9491 40184 49675
17527 76441 93968
7400 25668 33068
26233 109469 135702
18685 78943 97628
10912 51003 61915
6961 30989 37950
14736 63465 78201
7562 34540 42102
12768 54713 67481
3860 17391 21251
9157 43008 52165
10797 47215 58012
7310 33194 40504
19295 77112 96407
29861 121237 151098
6740 31396 38136
16350 69750 86100
9405 40894 50299
3069 14532 17601
7129 35744 42873
18968 79444 98412
13333 57981 71314
9453 39705 49158
8968 40473 49441
24128 90971 115099
14418 66792 81210
7982 34852 42834
9993 44499 54492
15745 65257 81002
14533 63705 78238
28799 112396 141195
6570 30580 37150
5943 26749 32692
2568 11753 14321
6144 25880 32024
9708 38714 48422
9672 39576 49248
16239 68882 85121
9182 44056 53238
5487 23902 29389
14537 64338 78875
9028 40570 49598
2479 11128 13607
13876 60588 74464
32102 144353 176455
12725 54652 67377
4739 22813 27552
14126 64058 78184
13326 60304 73630
3843 18151 21994
15560 67950 83510
7589 32337 39926
10353 44051 54404
28569 117668 146237
6405 27847 34252
14958 65708 80666
5767 24305 30072
2709 12785 15494
14228 59472 73700
13666 62645 76311
17126 68278 85404
19538 82162 101700
14321 61132 75453
21135 88619 109754
10696 45133 55829
18142 98569 116711
6797 29949 36746
5580 24166 29746
14134 55809 69943
29459 130720 160179
28719 119964 148683
11417 47483 58900
9967 41485 51452
6544 31117 37661
7085 31466 38551
27457 114887 142344
17037 71988 89025
10407 43685 54092
13133 56791 69924
12622 60687 73309
9623 40505 50128
14013 59068 73081
8957 42302 51259
6914 26373 33287
15217 66127 81344
11886 50719 62605
17787 74660 92447
2887 15658 18545
12226 55583 67809
8054 35645 43699
11884 52796 64680
4317 19520 23837
17283 74198 91481
11078 46394 57472
2764 14221 16985
31620 145104 176724
30452 121812 152264
13744 59308 73052
12716 54643 67359
8309 36383 44692
9952 42605 52557
10682 45696 56378
15234 66095 81329
19692 86472 106164
16353 67900 84253
27736 115488 143224
9540 36512 46052
28541 113162 141703
6698 27726 34424
10591 45626 56217
3119 15335 18454
9888 41939 51827
23935 100157 124092
6521 31019 37540
2624 12412 15036
