28945 19700 48645
14483 10458 24941
30763 21675 52438
35658 25255 60913
31815 23224 55039
27750 24370 52120
18520 13910 32430
13056 9851 22907
22571 16722 39293
40559 29933 70492
12289 9313 21602
37346 28831 66177
44055 34212 78267
25628 18831 44459
13267 10144 23411
21227 16254 37481
44384 31723 76107
15309 11726 27035
32199 23648 55847
58956 37338 96294
53897 44911 98808
23086 17896 40982
18027 13563 31590
14319 11060 25379
20859 15967 36826
32106 24906 57012
9174 7253 16427
8239 6235 14474
8114 6120 14234
32707 25252 57959
43599 29580 73179
22002 17179 39181
39085 29442 68527
28981 22053 51034
27634 21624 49258
23316 18212 41528
34464 25043 59507
17585 12018 29603
33352 25145 58497
33180 26042 59222
6804 5291 12095
28852 22563 51415
21304 15991 37295
24082 18777 42859
7002 5517 12519
14384 13396 27780
56880 38097 94977
10503 7738 18241
27905 23931 51836
30019 19738 49757
12044 9118 21162
48297 37596 85893
12647 9591 22238
14376 14117 28493
20455 15487 35942
9780 7860 17640
71751 48278 120029
58243 42238 100481
45805 35910 81715
36349 28754 65103
10788 8128 18916
36450 27148 63598
9884 7673 17557
19581 16695 36276
15055 11503 26558
5636 4315 9951
10213 8218 18431
84193 61045 145238
13545 10269 23814
8210 6114 14324
9103 7218 16321
5891 4482 10373
36745 27248 63993
96876 64776 161652
22726 17872 40598
22658 17229 39887
26475 28213 54688
42566 31597 74163
33666 26121 59787
35606 27868 63474
11003 8374 19377
35832 27684 63516
54572 42552 97124
46802 34429 81231
48983 36999 85982
46885 35978 82863
22966 16370 39336
11529 9039 20568
30991 23078 54069
35283 27247 62530
54153 43997 98150
25461 20965 46426
19112 14576 33688
26367 20941 47308
8278 7437 15715
16711 12468 29179
20741 15691 36432
30593 22265 52858
19778 14841 34619
80794 58014 138808
24223 18963 43186
25605 19843 45448
36151 24049 60200
25600 20395 45995
7383 6006 13389
27465 21527 48992
22212 18377 40589
13492 11714 25206
29552 26238 55790
48899 37841 86740
19063 15229 34292
20060 14581 34641
44285 33355 77640
40527 30714 71241
5509 4323 9832
51674 40280 91954
32205 25290 57495
6825 4883 11708
3969 5094 9063
22339 16775 39114
6120 4605 10725
13815 10169 23984
20686 16206 36892
18021 13792 31813
36750 28076 64826
5580 5540 11120
15466 11706 27172
19542 14154 33696
70011 54438 124449
35151 27260 62411
27560 19786 47346
33438 24848 58286
48218 38295 86513
38699 30142 68841
27053 20490 47543
18844 14656 33500
29382 22713 52095
9542 8713 18255
20166 17467 37633
15179 15206 30385
8669 6760 15429
6548 5930 12478
10027 8237 18264
30024 23023 53047
32642 25539 58181
12928 9768 22696
22228 18166 40394
34662 26635 61297
19230 15926 35156
29213 21293 50506
49304 36302 85606
7763 5886 13649
16316 12636 28952
44667 34159 78826
12879 10353 23232
54634 44139 98773
47659 37920 85579
14121 10271 24392
23207 18247 41454
65091 49429 114520
28459 22413 50872
44308 34331 78639
21577 17102 38679
22413 17464 39877
21508 15315 36823
8760 6676 15436
17374 12805 30179
39365 29181 68546
26927 19967 46894
36414 28249 64663
14359 10279 24638
26804 22359 49163
8738 6738 15476
12483 10049 22532
12064 11884 23948
6900 5060 11960
14509 10078 24587
45623 34866 80489
28903 25959 54862
20472 15282 35754
8713 6686 15399
35486 28581 64067
9315 7208 16523
19786 15900 35686
22255 17641 39896
15734 11770 27504
12021 8961 20982
10421 7826 18247
12216 9693 21909
22427 17986 40413
13802 10794 24596
31341 23934 55275
12667 8286 20953
21177 16876 38053
31599 23238 54837
35983 25306 61289
20775 15499 36274
39915 29227 69142
15057 11214 26271
54723 40892 95615
39019 29601 68620
24788 20860 45648
16292 12431 28723
34429 25945 60374
17215 13161 30376
26183 23430 49613
9621 7320 16941
21732 20953 42685
24471 17417 41888
18118 14891 33009
43310 33315 76625
61190 46598 107788
16892 12995 29887
41048 27094 68142
19883 14648 34531
7632 5766 13398
19293 14889 34182
42913 32271 75184
34447 24308 58755
19844 13668 33512
21809 16703 38512
46214 35718 81932
35480 27250 62730
17739 12404 30143
20980 16593 37573
39053 28804 67857
33673 27688 61361
67593 49664 117257
15028 12248 27276
13259 10317 23576
6065 4835 10900
14504 10820 25324
23568 16715 40283
30158 19506 49664
42520 31564 74084
22491 20468 42959
14772 12495 27267
36501 29807 66308
21383 14262 35645
5815 5260 11075
29625 22321 51946
79957 62262 142219
25840 19824 45664
11348 8050 19398
31341 23510 54851
34236 25353 59589
8497 6503 15000
35100 26229 61329
19140 13896 33036
21208 16468 37676
70062 51566 121628
12834 9868 22702
38070 30340 68410
12702 9299 22001
7295 5697 12992
34142 22384 56526
33744 26489 60233
37346 27145 64491
47406 36488 83894
35442 27349 62791
54943 39162 94105
27166 18232 45398
45523 39555 85078
15536 12470 28006
12654 11485 24139
33266 25569 58835
75321 55748 131069
67750 50819 118569
27314 20635 47949
19717 15544 35261
16099 12327 28426
19289 13909 33198
57118 42885 100003
42187 33672 75859
24116 17671 41787
27041 24024 51065
34539 26337 60876
21785 18164 39949
31994 24405 56399
21811 17059 38870
13994 9931 23925
38703 27852 66555
28582 19861 48443
42557 31883 74440
7935 6088 14023
30065 23419 53484
17868 12992 30860
32262 22344 54606
9409 7551 16960
43195 32641 75836
24145 19200 43345
7853 6045 13898
76082 54855 130937
71108 51769 122877
32853 24816 57669
30123 24243 54366
18108 16459 34567
23175 17682 40857
21085 16800 37885
37895 27185 65080
48423 34793 83216
38461 29578 68039
69008 45869 114877
21544 16625 38169
71156 56148 127304
14554 11029 25583
24155 18983 43138
8646 6465 15111
26395 19339 45734
58137 44429 102566
15496 11797 27293
6288 4963 11251
