19667 27749 47416
12511 17097 29608
23015 30853 53868
27363 36428 63791
22249 30722 52971
22041 33185 55226
14247 18038 32285
11028 14878 25906
18476 23812 42288
32736 45916 78652
10224 14097 24321
29412 35839 65251
35911 48636 84547
21329 28599 49928
9853 13366 23219
18339 23397 41736
35619 45547 81166
12485 17026 29511
24418 34293 58711
37203 46203 83406
42652 62632 105284
20655 26639 47294
17431 20874 38305
12820 19100 31920
16497 25655 42152
24505 35847 60352
9384 13293 22677
6211 8237 14448
6459 8533 14992
26006 35486 61492
33488 41473 74961
19355 25180 44535
34200 43605 77805
23287 32578 55865
21296 28424 49720
20746 28838 49584
28079 34870 62949
14443 17664 32107
28497 38153 66650
23456 31301 54757
4930 6844 11774
27071 30134 57205
18050 26555 44605
20040 27627 47667
6132 8466 14598
10315 13467 23782
34762 47807 82569
9251 12500 21751
21433 29571 51004
20218 28384 48602
10128 13560 23688
40384 54647 95031
10321 14246 24567
12119 16251 28370
18370 23310 41680
8028 10734 18762
52424 70413 122837
46586 63679 110265
39511 57276 96787
30462 40294 70756
7789 10624 18413
26848 34093 60941
7966 10780 18746
16100 20846 36946
13164 19103 32267
4464 6460 10924
7079 12967 20046
66351 87198 153549
9650 13363 23013
6207 8696 14903
6998 11400 18398
4415 7787 12202
31778 38134 69912
69624 91905 161529
17149 23229 40378
18415 25201 43616
22344 36036 58380
32184 40638 72822
28541 39667 68208
28848 40420 69268
7939 12249 20188
26977 41529 68506
45315 61841 107156
38727 50703 89430
41965 59414 101379
35893 46837 82730
19247 24260 43507
9559 13658 23217
24617 34460 59077
25713 35069 60782
45842 71963 117805
24613 32168 56781
16727 22472 39199
22637 31635 54272
6057 8073 14130
13181 19232 32413
14431 19901 34332
24934 35161 60095
15511 19720 35231
69226 81734 150960
25119 28947 54066
18449 25391 43840
27926 38204 66130
19706 29739 49445
5847 7703 13550
22237 27265 49502
17057 25999 43056
9586 12893 22479
20260 30349 50609
39779 59446 99225
17364 18821 36185
18586 22689 41275
32622 47985 80607
28962 37313 66275
3807 5498 9305
48874 60003 108877
24314 35746 60060
6564 8736 15300
3532 5649 9181
16978 22565 39543
4676 6704 11380
10524 14760 25284
17895 25473 43368
16522 22051 38573
26118 35312 61430
4322 6707 11029
10418 15431 25849
15681 19743 35424
60999 78371 139370
28176 38412 66588
22906 32703 55609
26794 30923 57717
38072 52014 90086
29938 37263 67201
20683 28560 49243
14259 18179 32438
21181 28446 49627
7432 9875 17307
15330 23548 38878
11098 16244 27342
5501 7847 13348
4253 6177 10430
8233 11028 19261
21062 29932 50994
24263 32303 56566
9600 13239 22839
16526 23678 40204
26501 36110 62611
14038 18325 32363
26854 34129 60983
35883 44706 80589
5627 7193 12820
12309 16649 28958
40280 42140 82420
10698 14756 25454
43780 64272 108052
34959 45867 80826
12358 17258 29616
18057 27480 45537
55029 78927 133956
25093 33053 58146
38836 55368 94204
18179 25282 43461
20777 29679 50456
17517 23126 40643
7693 11115 18808
14066 23184 37250
34738 46405 81143
24559 34032 58591
32629 35999 68628
12370 16931 29301
20462 29850 50312
7522 9804 17326
10136 17315 27451
11521 15340 26861
5973 8244 14217
11582 14670 26252
33682 42864 76546
23864 35952 59816
16097 23913 40010
8187 10720 18907
28413 38011 66424
8848 12891 21739
15186 20315 35501
19266 28608 47874
13171 19244 32415
10499 17337 27836
8649 14036 22685
11415 16451 27866
18848 26135 44983
10929 15170 26099
24409 35742 60151
8695 12388 21083
18988 27714 46702
25126 32653 57779
29602 43153 72755
19215 27285 46500
32577 41542 74119
10775 15517 26292
54821 70758 125579
35655 46688 82343
19882 28466 48348
11608 16340 27948
27374 36410 63784
14482 18846 33328
20586 28903 49489
7607 10387 17994
15455 27560 43015
18016 26007 44023
14205 18883 33088
38466 51545 90011
52955 74176 127131
14165 19928 34093
31374 45427 76801
18663 24383 43046
6884 9223 16107
13968 18614 32582
33723 51040 84763
24117 36340 60457
18731 22593 41324
18841 22284 41125
38434 53234 91668
27774 39151 66925
14206 17988 32194
16709 24079 40788
29181 36585 65766
27932 38895 66827
46486 67207 113693
13005 18408 31413
10283 17511 27794
5114 6531 11645
12490 18177 30667
18429 23957 42386
18932 27041 45973
28326 37495 65821
17509 23814 41323
10173 13925 24098
28449 36554 65003
18709 23723 42432
4346 6418 10764
23159 33566 56725
62107 95174 157281
23590 33518 57108
9823 12643 22466
28267 38091 66358
24541 31696 56237
8404 10694 19098
28656 36509 65165
14794 19797 34591
16992 26139 43131
55878 72265 128143
10421 14679 25100
29431 41343 70774
11145 14786 25931
5897 8235 14132
24960 31701 56661
26046 32912 58958
34665 44185 78850
39089 52318 91407
28912 40418 69330
41894 58979 100873
21372 29092 50464
34818 61188 96006
12132 16470 28602
9121 12270 21391
23228 31038 54266
59417 76489 135906
49721 67351 117072
22383 30734 53117
16326 22535 38861
12450 17754 30204
16403 19356 35759
44881 62439 107320
35885 50570 86455
17306 22948 40254
24639 35379 60018
26160 37710 63870
19172 26718 45890
23462 32729 56191
16018 22547 38565
12938 18292 31230
30799 39681 70480
23809 32879 56688
33890 44952 78842
6788 8828 15616
22362 31308 53670
15778 19614 35392
22408 34504 56912
7573 11363 18936
36887 43250 80137
18797 25679 44476
5463 7477 12940
59814 78231 138045
53834 77557 131391
28531 36737 65268
23392 31324 54716
19101 23692 42793
18684 26613 45297
19235 27803 47038
27199 36716 63915
35105 52562 87667
30290 37876 68166
52908 73167 126075
19356 20757 40113
55313 72686 127999
11080 18064 29144
20490 25530 46020
6344 8830 15174
18232 24546 42778
41324 58650 99974
12610 16424 29034
5486 7621 13107
