36607 3796 40403
18396 1855 20251
42263 4377 46640
46803 4429 51232
41032 4236 45268
34856 3642 38498
25712 2491 28203
16857 1600 18457
28781 2922 31703
54063 5539 59602
15854 1602 17456
46293 4701 50994
56018 5530 61548
38326 3898 42224
16908 1666 18574
26700 2541 29241
57053 5930 62983
22067 2286 24353
41750 3872 45622
68444 6830 75274
70345 7576 77921
30322 3070 33392
24689 2564 27253
18058 1808 19866
32286 3273 35559
41390 4071 45461
11743 1146 12889
9928 937 10865
11641 1214 12855
39113 4098 43211
55788 5844 61632
26632 3182 29814
56727 5622 62349
34908 3549 38457
39697 4129 43826
31499 3354 34853
48848 5510 54358
23002 2450 25452
45316 5171 50487
39236 3980 43216
9268 957 10225
35632 3733 39365
29900 3428 33328
31145 3226 34371
9410 1038 10448
17970 1893 19863
54413 5909 60322
15701 1549 17250
39416 4446 43862
36773 4230 41003
17591 1887 19478
72922 7324 80246
15690 1481 17171
19533 1970 21503
27820 2826 30646
12356 1210 13566
90261 9714 99975
87631 9096 96727
65080 6632 71712
45167 4743 49910
13273 1406 14679
46794 4865 51659
11318 1067 12385
28851 2802 31653
22240 2389 24629
8072 863 8935
12793 1429 14222
100024 10043 110067
16446 1696 18142
9304 1258 10562
12907 1301 14208
7380 771 8151
52917 5555 58472
122489 11947 134436
29459 2797 32256
30018 3242 33260
35243 3829 39072
48999 5124 54123
49050 5406 54456
43399 4945 48344
15318 1534 16852
46218 5607 51825
83974 8664 92638
53688 5452 59140
71660 7654 79314
58691 6060 64751
27006 2838 29844
16193 1685 17878
37087 4558 41645
42691 4562 47253
68676 7253 75929
31464 3346 34810
23302 2531 25833
38109 4172 42281
9777 947 10724
20904 2269 23173
24274 2369 26643
38722 4596 43318
22902 3000 25902
103369 10740 114109
32922 3564 36486
31952 3204 35156
45303 5007 50310
31611 3575 35186
10497 1086 11583
35344 3369 38713
30549 3206 33755
16232 1582 17814
37545 4024 41569
65769 7808 73577
22930 2251 25181
26438 2599 29037
53195 5727 58922
45840 4899 50739
6856 911 7767
68216 7354 75570
40567 3866 44433
8938 936 9874
5734 656 6390
25821 2495 28316
8711 912 9623
18757 1932 20689
27646 3031 30677
22890 2344 25234
46182 4862 51044
7706 789 8495
18993 2018 21011
23956 2291 26247
101350 10508 111858
46133 4786 50919
37149 4100 41249
41472 4594 46066
56932 5939 62871
46607 5210 51817
35537 3716 39253
24069 2490 26559
35423 3806 39229
11809 1187 12996
25277 2788 28065
20334 2184 22518
9095 964 10059
8132 867 8999
12795 1309 14104
37212 4039 41251
42139 4627 46766
16095 1525 17620
28171 3123 31294
45975 4709 50684
23845 2456 26301
40578 4167 44745
57448 5628 63076
9791 1028 10819
19554 1998 21552
54556 5564 60120
15519 1585 17104
73249 8158 81407
52980 5721 58701
20144 2057 22201
31942 3345 35287
92445 10140 102585
35006 3770 38776
59918 6856 66774
27463 2935 30398
32850 3521 36371
28762 2949 31711
10297 1025 11322
24342 2494 26836
50998 5408 56406
38726 4111 42837
47298 4986 52284
18387 1790 20177
35844 3916 39760
11655 1037 12692
17060 1737 18797
17052 1690 18742
9574 996 10570
19431 1968 21399
53156 5717 58873
38167 3944 42111
26328 2626 28954
12317 1255 13572
43173 4407 47580
13376 1393 14769
23240 2391 25631
33723 3534 37257
19466 2027 21493
18193 1851 20044
13455 1428 14883
16222 1708 17930
28870 2907 31777
18722 2119 20841
39330 4155 43485
15755 1515 17270
27141 2908 30049
39208 4021 43229
46962 5005 51967
30077 2878 32955
52830 5651 58481
18783 1869 20652
81985 8793 90778
53121 5778 58899
34570 4036 38606
20745 2147 22892
46426 5011 51437
22228 2248 24476
37755 3584 41339
11843 1263 13106
28062 3305 31367
30295 3043 33338
22716 2450 25166
58486 6084 64570
89963 9713 99676
21697 2277 23974
56167 6230 62397
30999 2902 33901
10791 1084 11875
24094 2595 26689
53301 5322 58623
40321 4220 44541
25754 2486 28240
28514 2893 31407
67773 7120 74893
46305 4937 51242
25598 2421 28019
29821 3128 32949
52253 4722 56975
44760 4674 49434
89195 9392 98587
19308 1935 21243
17803 1649 19452
7510 896 8406
17574 1708 19282
28036 2814 30850
28469 2963 31432
48146 4707 52853
29640 2890 32530
16752 1665 18417
44139 4492 48631
25413 2607 28020
7944 940 8884
38889 5144 44033
99049 10477 109526
38457 4027 42484
14700 1759 16459
41237 4653 45890
39119 4040 43159
12321 1307 13628
48064 6175 54239
25896 2401 28297
29347 3111 32458
94533 9904 104437
18495 2101 20596
49751 5432 55183
17475 1917 19392
9541 1038 10579
43531 4404 47935
44394 4603 48997
54791 4895 59686
62670 6722 69392
46303 5198 51501
64752 7499 72251
34654 3260 37914
55289 5644 60933
17529 1875 19404
17409 1712 19121
40566 4697 45263
99211 10535 109746
91325 8949 100274
37265 4127 41392
26579 3221 29800
20923 2611 23534
24910 2696 27606
77940 8477 86417
58641 6416 65057
29843 3253 33096
36671 3760 40431
44134 4983 49117
28301 2956 31257
42220 4526 46746
27475 3132 30607
18626 2774 21400
59062 4909 63971
35838 3605 39443
54986 6462 61448
9597 976 10573
41298 4354 45652
25000 2353 27353
37637 3968 41605
13009 1314 14323
54498 5962 60460
31553 3247 34800
9676 1025 10701
105244 11259 116503
82584 8947 91531
44765 4899 49664
39782 5306 45088
24385 2488 26873
31271 3250 34521
30763 3691 34454
43689 4557 48246
61145 6972 68117
47290 4699 51989
85087 8961 94048
27940 3052 30992
96213 9986 106199
19862 2104 21966
30009 3024 33033
11681 1091 12772
33270 3761 37031
69409 7587 76996
22071 2338 24409
8000 874 8874
