13257 46007 59264
6339 26678 33017
14406 52950 67356
16286 59407 75693
14295 53116 67411
13518 45789 59307
8639 33134 41773
6060 24102 30162
10406 39732 50138
19197 66987 86184
5556 21265 26821
18114 64881 82995
20243 73852 94095
12991 45449 58440
5922 22695 28617
10300 37296 47596
22595 78037 100632
6911 27348 34259
14005 51446 65451
21827 77844 99671
27668 103350 131018
12798 45286 58084
9819 30866 40685
6514 26004 32518
10695 40617 51312
15259 56919 72178
4808 17886 22694
3702 14059 17761
3724 14601 18325
14845 55513 70358
18675 64408 83083
10436 37899 48335
19267 73899 93166
12668 50016 62684
12718 51643 64361
12719 50301 63020
16822 64688 81510
7604 34035 41639
16547 57749 74296
14111 53132 67243
3033 12504 15537
14150 51140 65290
10865 41383 52248
12442 42537 54979
3475 12527 16002
7712 30503 38215
20889 77113 98002
5160 17538 22698
12685 50375 63060
12970 47288 60258
5282 19440 24722
25563 90934 116497
6082 22488 28570
6217 22967 29184
9515 35066 44581
4860 17950 22810
30691 115462 146153
29389 115236 144625
24820 84844 109664
16277 62722 78999
4780 17321 22101
15872 56622 72494
4510 17312 21822
9628 33280 42908
7719 31757 39476
3040 12091 15131
4942 18383 23325
40230 133063 173293
6441 25279 31720
3293 15483 18776
4351 16623 20974
3448 11673 15121
20207 67662 87869
42594 148091 190685
10978 37919 48897
12052 41085 53137
14414 54898 69312
18226 62693 80919
16492 61967 78459
15825 66677 82502
4993 22611 27604
16430 65933 82363
26233 123854 150087
22537 79731 102268
24330 86387 110717
24203 77110 101313
10951 35203 46154
5483 22469 27952
14220 54486 68706
18119 64722 82841
27681 99137 126818
13229 47512 60741
9025 34431 43456
14083 54407 68490
3397 15306 18703
7101 29017 36118
8711 31391 40102
14182 50572 64754
8115 31728 39843
37427 126051 163478
13523 48682 62205
12341 45366 57707
16623 61172 77795
12804 48037 60841
3490 14495 17985
15662 45712 61374
10766 42762 53528
6321 22686 29007
13271 51356 64627
23458 86320 109778
8746 34867 43613
9789 36787 46576
20057 71633 91690
17261 65261 82522
2650 9509 12159
26952 97169 124121
14591 58519 73110
2971 12077 15048
2019 9064 11083
10191 35581 45772
2692 11133 13825
6777 26476 33253
10429 36535 46964
9196 32825 42021
17932 61189 79121
2825 10133 12958
6408 26646 33054
8464 30447 38911
39022 132654 171676
16759 60601 77360
12640 48935 61575
15296 56857 72153
22874 80643 103517
18113 70599 88712
13493 52498 65991
8248 31524 39772
13699 52600 66299
4068 16321 20389
10395 37644 48039
7541 28899 36440
3461 14702 18163
2615 11579 14194
4702 16706 21408
13623 54820 68443
15224 59308 74532
6343 23177 29520
10518 40635 51153
15493 59238 74731
9646 30819 40465
15122 50862 65984
22654 76526 99180
3134 12799 15933
6979 26968 33947
19889 67883 87772
5838 22684 28522
26387 101008 127395
23519 76353 99872
7207 28304 35511
11918 42966 54884
32211 125102 157313
13865 54957 68822
23948 79610 103558
13915 36508 50423
12394 45602 57996
10737 37025 47762
3618 15560 19178
8975 33925 42900
23348 79999 103347
14927 60201 75128
18314 69094 87408
7335 31613 38948
15804 52654 68458
4094 20437 24531
7992 26559 34551
7080 25127 32207
3346 13735 17081
6876 24596 31472
20067 65696 85763
14389 54618 69007
9735 35436 45171
4681 16342 21023
16235 62433 78668
4598 17369 21967
8601 32395 40996
12698 44255 56953
6426 26355 32781
6289 24753 31042
5266 21402 26668
5996 23227 29223
10783 39947 50730
7730 29760 37490
14437 57930 72367
5905 21231 27136
10106 38158 48264
14576 55076 69652
17575 59354 76929
12211 37476 49687
19042 65450 84492
7027 26842 33869
28652 106988 135640
20605 73700 94305
14284 50294 64578
8286 30247 38533
14953 56271 71224
8463 35283 43746
13863 52325 66188
3968 15948 19916
9955 38120 48075
12256 44413 56669
7869 30087 37956
19192 67995 87187
29218 117049 146267
7295 31620 38915
19898 68753 88651
10576 38150 48726
3390 13565 16955
8844 33918 42762
21207 76667 97874
15280 56043 71323
9827 36033 45860
9898 36030 45928
24423 85282 109705
15169 56768 71937
8870 33387 42257
11650 43353 55003
16934 66006 82940
16456 64756 81212
29091 112407 141498
6874 28188 35062
6415 25753 32168
2372 10488 12860
6128 23975 30103
10310 36666 46976
10852 39518 50370
16751 68336 85087
11899 40112 52011
6673 21599 28272
17200 64323 81523
9374 34547 43921
2621 11967 14588
14611 54204 68815
36135 138321 174456
12860 48139 60999
5220 19649 24869
16205 61629 77834
16047 59028 75075
4492 17034 21526
16549 59842 76391
9160 32636 41796
12309 43895 56204
30488 106544 137032
6872 26950 33822
16526 62929 79455
6032 22690 28722
3060 13110 16170
14829 51518 66347
15563 56923 72486
19823 65173 84996
22323 75890 98213
15350 57083 72433
23444 83203 106647
13248 46076 59324
23532 85919 109451
6208 23480 29688
6218 23812 30030
13450 51004 64454
33822 125439 159261
32640 109247 141887
13182 48182 61364
10718 36699 47417
6910 29682 36592
8583 29727 38310
27370 101842 129212
19931 71142 91073
11686 41671 53357
13010 53770 66780
15458 60527 75985
10989 40786 51775
14399 56203 70602
10486 37091 47577
6579 24986 31565
18207 63195 81402
12435 47366 59801
20525 72844 93369
3689 14867 18556
12800 56668 69468
8850 33986 42836
12480 45413 57893
4631 18572 23203
20804 75683 96487
11915 43625 55540
4688 14408 19096
35011 126325 161336
30629 112184 142813
14942 56380 71322
14201 69865 84066
9814 36142 45956
10475 38030 48505
11903 43309 55212
16285 61456 77741
22125 78723 100848
18116 66009 84125
29244 105307 134551
10558 33328 43886
30931 114867 145798
6469 24949 31418
12921 46357 59278
3729 14979 18708
13270 38180 51450
26934 98913 125847
8136 30303 38439
2793 11636 14429
