2890 50718 53608
1590 33031 34621
3790 67248 71038
3728 63994 67722
3616 64733 68349
3111 54541 57652
2132 41562 43694
1454 26498 27952
2558 47944 50502
4865 85538 90403
1405 27093 28498
4242 70994 75236
5281 93811 99092
2937 53156 56093
1541 30716 32257
2496 48688 51184
5159 90443 95602
1601 31432 33033
3484 65013 68497
5327 94339 99666
6651 119079 125730
2942 56094 59036
2288 36968 39256
1527 30982 32509
2419 50275 52694
3655 65727 69382
1045 22110 23155
950 17728 18678
994 19903 20897
3558 63949 67507
5222 84570 89792
2688 48033 50721
4747 79756 84503
3322 60194 63516
4131 58637 62768
2793 53639 56432
4117 76244 80361
1739 33854 35593
6037 72870 78907
4482 60176 64658
722 15016 15738
3397 62173 65570
2469 46415 48884
2555 47530 50085
723 16644 17367
1529 30321 31850
4745 91400 96145
1196 25224 26420
3191 55635 58826
3159 59068 62227
1293 26435 27728
6251 111952 118203
1399 28377 29776
1653 31424 33077
2523 45827 48350
1157 20835 21992
8237 145792 154029
7829 126573 134402
5477 99044 104521
4312 76684 80996
1304 22632 23936
4129 68343 72472
992 20128 21120
2372 44422 46794
1814 35411 37225
838 13969 14807
1210 23253 24463
9902 163448 173350
1493 28281 29774
930 20592 21522
1396 23542 24938
633 12351 12984
4298 72444 76742
10778 185659 196437
2653 54560 57213
2942 52041 54983
3424 62531 65955
4555 79132 83687
4201 77302 81503
4119 69971 74090
1194 25565 26759
3650 70590 74240
6960 113686 120646
5694 96666 102360
5486 103095 108581
5891 99814 105705
2547 42010 44557
1301 27321 28622
3214 58417 61631
4283 76864 81147
5858 104546 110404
3101 56449 59550
2051 39537 41588
5267 64676 69943
1624 19224 20848
1745 38021 39766
2362 43444 45806
3677 60856 64533
2235 41409 43644
29808 146510 176318
3102 51099 54201
2746 49342 52088
4410 75491 79901
2818 52748 55566
842 16386 17228
2888 51846 54734
2939 58038 60977
1538 29975 31513
3394 66001 69395
5397 113446 118843
2218 44629 46847
3686 59895 63581
5031 94577 99608
4739 84216 88955
746 15397 16143
6724 115378 122102
3289 62967 66256
771 16594 17365
509 10758 11267
2407 44349 46756
807 15940 16747
1511 34063 35574
2601 47949 50550
2209 41659 43868
4431 75185 79616
703 13272 13975
1571 33028 34599
2068 36937 39005
9485 148509 157994
3818 64635 68453
3172 59029 62201
3850 67149 70999
5649 92085 97734
4827 83891 88718
3471 63891 67362
2122 42724 44846
3446 61303 64749
972 17827 18799
2427 52298 54725
1731 35372 37103
1106 15318 16424
599 13051 13650
1112 22759 23871
3053 56971 60024
3695 63446 67141
1397 28374 29771
2770 52477 55247
3540 65175 68715
2081 38336 40417
3829 57095 60924
5765 94804 100569
1742 15391 17133
1698 34099 35797
5706 89199 94905
1374 28637 30011
6684 124074 130758
5139 88587 93726
1849 34571 36420
2538 48658 51196
8863 150973 159836
3079 54807 57886
6519 105477 111996
2454 45451 47905
2626 58778 61404
2577 49605 52182
983 19839 20822
2212 41412 43624
4379 76393 80772
3132 57305 60437
4658 79995 84653
1855 32598 34453
2971 56098 59069
1061 20918 21979
1445 29450 30895
1530 28720 30250
768 15052 15820
1811 34446 36257
4912 82341 87253
3585 72397 75982
2189 44406 46595
1079 22876 23955
3788 107750 111538
1431 25073 26504
2195 37682 39877
2589 50267 52856
1767 35206 36973
1656 26620 28276
1072 24403 25475
1249 25138 26387
2696 51156 53852
1561 31363 32924
3334 60583 63917
1334 26743 28077
2490 46402 48892
3814 67308 71122
4312 78786 83098
2470 47059 49529
4672 83265 87937
1972 32821 34793
6511 111513 118024
4844 88391 93235
2836 54495 57331
1678 32724 34402
3652 65106 68758
2005 37871 39876
3377 56274 59651
1004 21511 22515
2403 45650 48053
2962 55198 58160
2049 38456 40505
4864 86411 91275
8361 136076 144437
1712 33101 34813
5255 87733 92988
2362 43907 46269
924 20455 21379
2036 38987 41023
5662 95009 100671
3842 68208 72050
2911 45984 48895
2306 43704 46010
5442 100568 106010
3818 70018 73836
2134 44158 46292
2741 54081 56822
4131 75207 79338
3789 69344 73133
7908 140906 148814
1836 37193 39029
1596 31117 32713
1185 12999 14184
1711 32990 34701
2586 46842 49428
2610 44499 47109
4623 84413 89036
2460 48762 51222
1316 25158 26474
4586 81959 86545
2525 45979 48504
618 12785 13403
3359 63698 67057
8597 148175 156772
3387 61800 65187
1332 28687 30019
3864 74221 78085
4291 74536 78827
1239 21151 22390
4497 73131 77628
2137 40166 42303
2836 57466 60302
8630 144395 153025
1483 32158 33641
4288 75797 80085
1516 29877 31393
1204 15387 16591
3799 64213 68012
3581 65624 69205
4361 77389 81750
5997 103614 109611
3932 68271 72203
6375 113973 120348
2882 49113 51995
5544 114871 120415
1785 38825 40610
1293 28894 30187
3871 68054 71925
8425 132905 141330
7569 127638 135207
3007 54259 57266
2942 47679 50621
1637 31194 32831
2219 42262 44481
6486 113538 120024
5086 89609 94695
2357 46466 48823
3210 67562 70772
3795 67338 71133
2978 53341 56319
3872 60498 64370
3671 51600 55271
1550 32654 34204
4173 70842 75015
3522 63319 66841
5470 92750 98220
858 16124 16982
3127 58947 62074
2164 38654 40818
2830 61854 64684
1158 25409 26567
6687 84182 90869
3203 61470 64673
963 19650 20613
8791 151427 160218
7330 132884 140214
3815 66862 70677
3708 66560 70268
2169 39944 42113
2750 52653 55403
2563 46955 49518
4116 68083 72199
5602 95913 101515
4918 84467 89385
7161 146561 153722
2298 42861 45159
7215 128463 135678
1812 29757 31569
2685 51081 53766
866 19051 19917
2505 46516 49021
6946 121359 128305
1773 33485 35258
685 14838 15523
