34673 7713 42386
19463 4556 24019
40036 8390 48426
43556 8769 52325
40089 8014 48103
36166 7913 44079
23352 5440 28792
16191 4201 20392
30931 5270 36201
57633 11581 69214
14825 2852 17677
47551 9695 57246
50620 10442 61062
33008 6887 39895
16535 3192 19727
25268 5017 30285
55096 11562 66658
19785 4083 23868
37464 7451 44915
59509 12521 72030
72861 16691 89552
30766 6480 37246
22539 4709 27248
18409 3841 22250
27536 6372 33908
40894 8811 49705
11420 2387 13807
10626 2067 12693
10942 2291 13233
41153 8805 49958
49058 9737 58795
27304 5996 33300
51792 9848 61640
36509 7724 44233
35616 7596 43212
32442 6756 39198
42554 8797 51351
20507 4091 24598
47101 9267 56368
36894 7685 44579
8787 1852 10639
37051 7908 44959
27091 6324 33415
31237 6345 37582
8453 1824 10277
17338 3679 21017
53611 11524 65135
14868 3132 18000
37296 7729 45025
34278 7563 41841
15810 3198 19008
68191 14293 82484
17052 3403 20455
19220 3961 23181
26372 6369 32741
12963 2650 15613
88295 18918 107213
79863 19009 98872
60823 13280 74103
41691 8860 50551
12796 2858 15654
42180 8709 50889
11357 2189 13546
26294 5260 31554
19001 4054 23055
8026 2071 10097
12874 2837 15711
100705 19849 120554
16738 3461 20199
9907 2213 12120
11828 2602 14430
7684 1618 9302
52090 10238 62328
108490 22142 130632
29248 6096 35344
25276 5270 30546
36206 7681 43887
51575 11247 62822
41505 8962 50467
44306 9886 54192
13723 2889 16612
43002 9685 52687
79482 16603 96085
51784 10917 62701
62569 14196 76765
54575 11445 66020
26679 5762 32441
13906 2748 16654
35003 7243 42246
42411 9366 51777
67010 14676 81686
33573 6430 40003
24052 5016 29068
34478 7134 41612
9591 2031 11622
18611 3919 22530
22557 4630 27187
37945 7645 45590
21805 4598 26403
97204 19039 116243
33101 7134 40235
27979 5934 33913
41775 8887 50662
30929 6674 37603
9080 1894 10974
35457 7472 42929
30317 7235 37552
16951 3673 20624
34320 7316 41636
58655 13259 71914
22379 4325 26704
24794 5377 30171
52762 12406 65168
46869 10576 57445
6755 1468 8223
68704 14908 83612
39811 8741 48552
9877 1871 11748
5038 1138 6176
25039 5345 30384
9168 1990 11158
17238 3347 20585
25356 5915 31271
24422 5220 29642
47735 10003 57738
9004 1784 10788
20308 3939 24247
23501 4227 27728
99379 21332 120711
53524 9209 62733
37249 8686 45935
36659 7924 44583
56606 12015 68621
46537 10098 56635
41097 7242 48339
21292 4297 25589
33688 6752 40440
11407 2336 13743
26594 6183 32777
18226 3717 21943
9207 2270 11477
7137 1500 8637
11873 2514 14387
34563 7498 42061
42441 9111 51552
18416 3474 21890
26335 5699 32034
42159 9402 51561
23023 5397 28420
39727 9168 48895
62120 12703 74823
8924 2161 11085
18228 4687 22915
54610 11561 66171
17765 3534 21299
64677 14234 78911
60855 12230 73085
18167 3808 21975
26797 5924 32721
89493 19425 108918
34468 6876 41344
56645 11603 68248
27099 5883 32982
32054 7548 39602
27622 5737 33359
11047 2240 13287
23920 4899 28819
61236 23365 84601
43778 9189 52967
48084 10126 58210
21326 4773 26099
35394 8272 43666
12132 2539 14671
14986 3110 18096
17620 3449 21069
8310 1698 10008
21869 4961 26830
56505 10487 66992
38633 8306 46939
24400 4761 29161
11552 2329 13881
47926 10189 58115
11825 2485 14310
24394 5368 29762
30198 8747 38945
19294 4014 23308
15827 3180 19007
13877 3063 16940
15107 3046 18153
26140 6096 32236
17763 3942 21705
43300 8465 51765
14714 3050 17764
26071 6491 32562
41234 8669 49903
43226 8886 52112
28388 6151 34539
50427 10243 60670
17430 3772 21202
76338 16646 92984
49177 10520 59697
32242 6743 38985
18137 3826 21963
39218 8027 47245
25152 5410 30562
32458 6711 39169
11744 2458 14202
24273 5293 29566
31383 6596 37979
23477 4463 27940
54132 11776 65908
100491 19150 119641
19545 3933 23478
54675 11481 66156
27762 6087 33849
10411 2224 12635
22577 4540 27117
53886 11079 64965
39010 8759 47769
25270 4888 30158
25943 5630 31573
60095 12785 72880
43167 9534 52701
21709 4222 25931
26180 5871 32051
47490 9560 57050
43573 9940 53513
78502 16158 94660
20787 4577 25364
17074 3695 20769
7833 1717 9550
18207 3888 22095
26214 5397 31611
27851 6608 34459
48770 9378 58148
30760 6478 37238
15754 3585 19339
45086 10510 55596
26242 6795 33037
6777 1514 8291
38991 8628 47619
102750 22551 125301
37461 8742 46203
15518 3383 18901
43212 9152 52364
49783 8416 58199
11287 3071 14358
44470 9578 54048
22753 4378 27131
27734 5764 33498
81683 16885 98568
16827 3463 20290
53575 10925 64500
17719 3525 21244
9032 2695 11727
39303 8029 47332
39435 8263 47698
50758 11271 62029
60925 13536 74461
46096 11404 57500
62054 17938 79992
34767 7646 42413
54190 11959 66149
20847 4586 25433
23354 4651 28005
47371 11211 58582
125466 24877 150343
120195 32319 152514
34751 8059 42810
25077 5156 30233
18921 4061 22982
22847 4595 27442
77567 17145 94712
56986 10669 67655
26912 6525 33437
46015 11490 57505
40654 8439 49093
26056 5659 31715
38478 7818 46296
27962 6093 34055
20183 3343 23526
47878 9828 57706
34410 7439 41849
55621 10898 66519
10062 2070 12132
38977 8529 47506
22453 4533 26986
35909 8024 43933
11779 2553 14332
48619 10264 58883
31772 6772 38544
9414 2183 11597
92746 20613 113359
92956 18965 111921
41075 8266 49341
35879 9042 44921
23801 4618 28419
28311 6432 34743
29727 6049 35776
47069 10204 57273
52274 12396 64670
48144 10180 58324
79112 17370 96482
26561 5675 32236
79207 16437 95644
18550 3913 22463
29383 6279 35662
10169 2229 12398
26948 7499 34447
69603 15891 85494
21626 4243 25869
7941 1716 9657
