5388 50316 55704
2929 34638 37567
6856 70077 76933
8300 76419 84719
5918 55795 61713
6238 58768 65006
3427 34674 38101
2657 27350 30007
4539 45821 50360
8171 79853 88024
2693 26889 29582
7038 67957 74995
8167 82423 90590
5588 53848 59436
2497 28699 31196
3900 40271 44171
9837 93134 102971
2759 28983 31742
5651 54754 60405
10192 94998 105190
14000 111701 125701
5097 48656 53753
3773 33383 37156
2561 27537 30098
4526 44504 49030
6031 59030 65061
1869 19651 21520
1468 15654 17122
1532 17400 18932
5875 60444 66319
8064 73709 81773
5005 46938 51943
8671 79895 88566
5691 55782 61473
5910 59084 64994
5997 64856 70853
9316 83206 92522
3143 35566 38709
7218 70819 78037
7016 69453 76469
1301 13307 14608
5485 57881 63366
4490 57229 61719
6015 51993 58008
1311 14447 15758
3238 27402 30640
9625 86017 95642
3008 25148 28156
5743 57820 63563
7279 55626 62905
2518 24908 27426
12291 111077 123368
3471 30382 33853
3096 40596 43692
5857 56139 61996
2382 24909 27291
15172 157482 172654
14603 130186 144789
12159 116569 128728
7362 75301 82663
1998 23060 25058
8163 76851 85014
2540 21481 24021
4602 46023 50625
3205 33812 37017
1664 12372 14036
2030 20561 22591
16203 153196 169399
2466 27764 30230
1686 17104 18790
2015 21093 23108
1191 12376 13567
12208 75010 87218
18121 170288 188409
7012 51689 58701
6181 54461 60642
5742 65048 70790
8723 81742 90465
8076 80257 88333
7869 72582 80451
2206 22850 25056
8434 76761 85195
14168 142540 156708
10852 105288 116140
13261 111377 124638
10828 99304 110132
4318 44602 48920
2413 29017 31430
6944 65075 72019
7386 74447 81833
13967 121415 135382
5825 51700 57525
4361 44409 48770
6528 65126 71654
1648 18110 19758
3432 35279 38711
4001 38510 42511
6793 66380 73173
3983 39825 43808
17270 155375 172645
6134 58274 64408
5186 51041 56227
7508 72165 79673
6180 58721 64901
1466 16693 18159
6455 60236 66691
5760 56734 62494
2825 25800 28625
6321 59900 66221
11324 111610 122934
3924 38307 42231
4390 42100 46490
9943 84760 94703
8032 75549 83581
1155 13916 15071
12745 119269 132014
6797 66368 73165
1987 14595 16582
941 10983 11924
4723 44972 49695
1295 15435 16730
2940 30925 33865
4527 49006 53533
3714 39028 42742
8193 74753 82946
1949 14279 16228
2910 31041 33951
4239 37603 41842
17743 162958 180701
7366 72292 79658
5593 59290 64883
7017 69663 76680
10802 99265 110067
8117 82270 90387
6533 64113 70646
4310 46563 50873
6384 62226 68610
2645 21346 23991
4659 47078 51737
3004 36466 39470
1410 15669 17079
1134 13468 14602
2088 22820 24908
7261 57063 64324
7152 71559 78711
2615 26127 28742
4523 47873 52396
7170 71442 78612
3715 38435 42150
6108 57902 64010
10272 95713 105985
1385 15501 16886
2912 28831 31743
9466 89663 99129
2619 28457 31076
12591 123360 135951
10148 95902 106050
3421 30178 33599
5803 54131 59934
13665 135404 149069
6023 60221 66244
10416 94889 105305
4900 49337 54237
4999 51047 56046
5062 54056 59118
1915 17729 19644
5332 36955 42287
8732 81450 90182
6028 59149 65177
7997 82952 90949
2920 35012 37932
5830 58075 63905
2029 21645 23674
2789 33882 36671
3050 29789 32839
1594 18177 19771
3383 31658 35041
9310 89068 98378
6318 59905 66223
4566 44837 49403
1807 20168 21975
6951 70842 77793
2371 24453 26824
3557 38003 41560
5842 51792 57634
2877 30222 33099
2576 26697 29273
2356 26798 29154
2853 26432 29285
7140 50464 57604
2943 31957 34900
6706 66560 73266
2591 24748 27339
4870 53361 58231
8396 64060 72456
8110 78579 86689
5736 47897 53633
9103 89755 98858
3490 33188 36678
12817 126590 139407
9566 90241 99807
6137 62060 68197
4527 38365 42892
9003 71056 80059
3729 43752 47481
8507 62054 70561
2171 20863 23034
5178 50974 56152
5334 52140 57474
3769 39751 43520
10663 97080 107743
15536 138898 154434
3725 39614 43339
9913 89756 99669
4879 45696 50575
1618 18818 20436
4436 38247 42683
9461 83000 92461
6811 66071 72882
4843 47002 51845
5103 51245 56348
11418 102806 114224
7393 69797 77190
3872 40168 44040
5030 50650 55680
8534 73231 81765
8039 76617 84656
13663 135338 149001
3418 36727 40145
2864 32181 35045
1094 12550 13644
2991 31683 34674
4559 45188 49747
5443 50142 55585
8152 80396 88548
4885 50899 55784
2531 25546 28077
8507 81380 89887
4241 41426 45667
1153 14244 15397
6940 69549 76489
16983 165597 182580
5584 56843 62427
2542 27593 30135
7219 65235 72454
7566 70109 77675
2163 19351 21514
8530 79480 88010
4353 34698 39051
5120 54037 59157
14080 128805 142885
2792 30880 33672
7933 76211 84144
2660 27801 30461
1781 16108 17889
7375 69395 76770
6605 66641 73246
8685 81220 89905
10048 110701 120749
7522 73408 80930
12405 108579 120984
6893 55474 62367
9235 109593 118828
3045 31759 34804
2530 26348 28878
6767 67808 74575
15798 152426 168224
15307 138095 153402
6141 57193 63334
4892 47505 52397
2842 33829 36671
3792 35797 39589
12111 116916 129027
9390 89360 98750
4910 47319 52229
6389 65771 72160
7159 71752 78911
4921 47694 52615
6481 64484 70965
4480 45679 50159
3324 29352 32676
7754 78252 86006
6264 60038 66302
8806 86416 95222
2093 16489 18582
6617 65038 71655
4174 42125 46299
6086 58543 64629
2262 24534 26796
9278 90098 99376
5800 55603 61403
1672 15919 17591
17568 153938 171506
13726 135001 148727
7037 68216 75253
6366 62007 68373
4344 43668 48012
5281 50701 55982
5388 51749 57137
7820 72969 80789
11456 101918 113374
8590 81069 89659
14148 138642 152790
4515 45469 49984
14461 135692 150153
3077 32270 35347
5844 53475 59319
2025 17850 19875
5072 48466 53538
12966 120614 133580
3165 33428 36593
1286 14302 15588
