34773 14652 49425
20558 8836 29394
35745 16354 52099
41461 21128 62589
35853 16828 52681
32792 15238 48030
21284 9828 31112
14663 6458 21121
23266 11409 34675
45414 20895 66309
14658 7600 22258
43520 19603 63123
47326 22272 69598
30623 13372 43995
15960 7156 23116
22007 9699 31706
56914 26942 83856
18499 8206 26705
34775 16155 50930
49085 22821 71906
63529 32492 96021
25914 11835 37749
19531 8866 28397
16613 7771 24384
26550 13319 39869
36177 15833 52010
10672 4906 15578
9979 4138 14117
8778 3875 12653
37474 17770 55244
50685 24498 75183
27991 11431 39422
47682 19455 67137
33591 15296 48887
29437 13362 42799
26380 12479 38859
36599 16710 53309
18209 9044 27253
38425 18368 56793
37877 16705 54582
7476 3289 10765
30307 14191 44498
22803 10659 33462
28777 12702 41479
9369 4547 13916
15558 7072 22630
56085 26343 82428
11918 5408 17326
34115 13984 48099
31468 15268 46736
13452 6443 19895
61400 29069 90469
13920 6746 20666
16391 8577 24968
26279 11743 38022
12661 5500 18161
97165 37361 134526
77015 33873 110888
54881 26325 81206
42257 19557 61814
12380 6515 18895
42926 19543 62469
10651 4843 15494
26367 11144 37511
20142 8658 28800
7344 3081 10425
10146 5219 15365
91999 41245 133244
16402 7777 24179
10665 4576 15241
10416 5088 15504
7007 3043 10050
45629 20395 66024
105502 43527 149029
23371 11575 34946
23145 10287 33432
31825 13741 45566
40927 19183 60110
45085 19060 64145
37225 17392 54617
12383 5799 18182
38561 16838 55399
78329 33052 111381
53991 23242 77233
55198 28746 83944
53047 24175 77222
25174 9861 35035
13337 7196 20533
33243 13582 46825
36081 16098 52179
67179 30188 97367
31525 12599 44124
23390 10072 33462
33706 14119 47825
9117 4213 13330
19808 10037 29845
22183 10406 32589
38574 17702 56276
22741 10318 33059
91817 40452 132269
29803 14145 43948
26447 12149 38596
43123 19460 62583
31015 15865 46880
9712 4494 14206
33688 15042 48730
27321 15924 43245
16056 7195 23251
34540 15054 49594
59589 28643 88232
19648 8312 27960
24746 10900 35646
65160 23362 88522
42210 20031 62241
6159 3355 9514
70248 34599 104847
42389 19332 61721
10788 5284 16072
6488 2997 9485
27832 14387 42219
10113 5597 15710
17560 7975 25535
22817 13244 36061
30441 18603 49044
60383 23917 84300
6965 4166 11131
23652 8518 32170
29571 10224 39795
108124 40023 148147
45314 17386 62700
30924 14852 45776
48521 18047 66568
56001 28939 84940
42543 20637 63180
32402 13913 46315
26195 8769 34964
33623 16446 50069
10470 4655 15125
31762 13469 45231
17527 8091 25618
7958 3538 11496
6542 2955 9497
10560 4663 15223
30930 14835 45765
37946 18250 56196
13446 6111 19557
25147 12983 38130
34874 16723 51597
21948 10459 32407
37122 16233 53355
54825 24026 78851
8670 3961 12631
18832 7135 25967
44009 20335 64344
15162 7141 22303
55381 30594 85975
51648 23850 75498
18284 8901 27185
27677 13618 41295
82178 38242 120420
31796 17163 48959
56361 25710 82071
24706 11579 36285
25124 12645 37769
25408 11946 37354
9208 4318 13526
21298 9598 30896
45383 20396 65779
31730 14578 46308
45083 19695 64778
18402 8474 26876
31692 15761 47453
11656 5139 16795
14060 6463 20523
16102 7346 23448
7859 3538 11397
17891 8261 26152
48767 20354 69121
37297 15879 53176
24807 11572 36379
11157 4757 15914
41583 19811 61394
12093 5613 17706
20181 8752 28933
25652 14440 40092
17778 7377 25155
17594 6134 23728
12005 6137 18142
14832 7089 21921
25412 12074 37486
16225 7731 23956
32534 18189 50723
13947 6527 20474
28159 11239 39398
33099 17646 50745
45360 17805 63165
26064 11526 37590
50914 26126 77040
17006 7386 24392
73111 33278 106389
55429 25143 80572
30095 16817 46912
20161 8237 28398
39935 17613 57548
33928 12465 46393
38132 19061 57193
10678 4780 15458
25230 12760 37990
28987 14624 43611
17963 7750 25713
49488 23036 72524
73080 34634 107714
17537 7852 25389
50907 19791 70698
26390 12458 38848
9597 3974 13571
21542 9822 31364
45161 20475 65636
43635 18269 61904
24865 12410 37275
26611 12969 39580
60463 28765 89228
40247 18471 58718
31050 10024 41074
25774 13288 39062
51646 20473 72119
43384 19852 63236
67677 31224 98901
16912 7932 24844
15545 6394 21939
8549 2960 11509
16960 7535 24495
22363 9800 32163
25382 12189 37571
38593 17572 56165
23392 11005 34397
14989 6538 21527
37946 17009 54955
25116 10766 35882
6276 2983 9259
32935 17386 50321
89297 41198 130495
30786 13637 44423
12897 6283 19180
41399 16671 58070
37981 18277 56258
10767 4992 15759
56976 21464 78440
25025 9298 34323
26637 12905 39542
79050 36116 115166
17034 8418 25452
43608 21492 65100
16522 9699 26221
9532 4375 13907
37463 18006 55469
34953 15865 50818
47065 31318 78383
58179 27356 85535
77845 20806 98651
60216 28544 88760
30070 14477 44547
65133 29256 94389
17627 9421 27048
13962 6448 20410
40419 17014 57433
95317 43493 138810
75882 34688 110570
30897 15200 46097
25145 12489 37634
16875 10987 27862
20259 9015 29274
74765 34472 109237
47001 21235 68236
27828 12948 40776
34692 17448 52140
44612 29104 73716
29657 14063 43720
42025 19050 61075
23758 11222 34980
17812 8112 25924
44242 19938 64180
32923 15000 47923
47061 23248 70309
8192 3587 11779
36699 18449 55148
26481 10651 37132
30820 14385 45205
10628 4988 15616
47539 22202 69741
24852 11536 36388
8725 4047 12772
82694 37790 120484
79031 36470 115501
35961 16674 52635
35972 17007 52979
20097 8891 28988
33651 17583 51234
26401 12566 38967
42416 19148 61564
52066 27354 79420
40466 17729 58195
68331 30884 99215
22332 9039 31371
79569 35341 114910
18393 7892 26285
29678 13964 43642
8644 5341 13985
26977 12615 39592
55223 27199 82422
17649 8019 25668
7840 3889 11729
