6902 53697 60599
3730 29961 33691
8358 58861 67219
9091 65964 75055
7578 58976 66554
7103 58274 65377
4990 39453 44443
3227 28568 31795
5343 41555 46898
11328 87076 98404
2958 27264 30222
10643 72975 83618
11596 82429 94025
6706 54038 60744
3560 28760 32320
5867 45968 51835
13336 96819 110155
3754 32341 36095
7946 58650 66596
13433 95756 109189
14762 117409 132171
6699 50938 57637
4475 35196 39671
3387 27528 30915
5533 47403 52936
8737 74299 83036
2411 20142 22553
1938 18684 20622
2046 17205 19251
8721 65654 74375
11357 78278 89635
6595 47980 54575
11213 78114 89327
7497 58897 66394
7494 58181 65675
6792 50285 57077
9871 69426 79297
4064 32675 36739
9036 66424 75460
9042 63209 72251
2164 13642 15806
7716 62171 69887
5393 49630 55023
6303 51680 57983
1943 15489 17432
3773 29920 33693
11841 90330 102171
3021 25569 28590
8063 61016 69079
6994 60848 67842
3103 26484 29587
14033 109804 123837
3190 26498 29688
3892 30766 34658
6359 47355 53714
3339 23370 26709
17898 134788 152686
16270 120719 136989
13408 98911 112319
9623 72900 82523
2817 22378 25195
9145 68848 77993
2323 19194 21517
5946 43347 49293
4083 34020 38103
1475 12758 14233
2624 22645 25269
22533 148243 170776
3262 26890 30152
1957 15568 17525
2407 20530 22937
1483 11691 13174
10604 72401 83005
22870 167362 190232
5633 45651 51284
6510 44491 51001
8144 60982 69126
11264 87185 98449
10176 73266 83442
10134 75177 85311
2896 22553 25449
9258 70135 79393
16158 119903 136061
11422 86147 97569
14995 99744 114739
12984 121640 134624
6301 42647 48948
2810 24935 27745
8236 59060 67296
10055 66597 76652
14731 115046 129777
7105 55316 62421
5431 40341 45772
7258 59043 66301
2070 16841 18911
4887 31795 36682
4995 37493 42488
8358 60033 68391
5172 38719 43891
21601 144339 165940
6398 52809 59207
6666 52346 59012
10334 70540 80874
6731 53228 59959
1876 17957 19833
7482 57585 65067
6684 50054 56738
3208 28376 31584
7852 62064 69916
13095 108863 121958
5146 41428 46574
6049 42325 48374
11294 79858 91152
9447 72105 81552
1482 11827 13309
15016 116173 131189
7624 58595 66219
2579 13743 16322
1107 11181 12288
5401 43551 48952
1638 15684 17322
3940 31126 35066
5902 48359 54261
5162 42260 47422
9265 66032 75297
1977 13968 15945
4403 34411 38814
4748 39036 43784
19514 150911 170425
9282 67979 77261
7901 62226 70127
8141 60211 68352
14437 98852 113289
10228 84502 94730
8352 62910 71262
4541 36668 41209
8219 61238 69457
2308 18853 21161
6223 55392 61615
4154 31210 35364
1892 16340 18232
1709 12616 14325
2589 21597 24186
7757 62895 70652
9164 62176 71340
3041 27391 30432
5813 44635 50448
8711 66250 74961
5032 37076 42108
7620 55644 63264
13518 92689 106207
2635 15934 18569
3804 30006 33810
11165 85973 97138
3004 28448 31452
13035 104566 117601
13097 85765 98862
4103 31812 35915
7154 55500 62654
17204 120976 138180
7742 60461 68203
16253 112442 128695
6409 48559 54968
7224 56632 63856
6796 47249 54045
2032 17737 19769
4601 37540 42141
10639 73620 84259
8087 60955 69042
9149 67533 76682
3634 29185 32819
7584 62489 70073
2406 18274 20680
3470 28606 32076
3407 27905 31312
1834 15796 17630
4101 33858 37959
10347 80505 90852
7690 58777 66467
5670 42246 47916
2289 19207 21496
8567 66689 75256
3276 20848 24124
4498 36987 41485
5979 48410 54389
4396 32519 36915
3689 29230 32919
2646 24087 26733
3039 26064 29103
5492 46706 52198
3830 30543 34373
7823 58712 66535
2975 26831 29806
6039 45269 51308
8648 58951 67599
9405 71368 80773
6066 48069 54135
11720 91118 102838
4159 29205 33364
15655 118379 134034
11017 84688 95705
7060 57704 64764
4748 34100 38848
9128 64517 73645
4752 38512 43264
7870 60863 68733
2213 20178 22391
7190 47261 54451
6529 51999 58528
4116 36517 40633
12141 84471 96612
18312 124425 142737
4523 37834 42357
10435 78127 88562
5793 43159 48952
2346 18005 20351
5046 38813 43859
11832 85506 97338
7629 60066 67695
5711 43244 48955
5753 46852 52605
13798 107116 120914
9036 65140 74176
5144 39044 44188
5681 47645 53326
9856 70230 80086
9340 65103 74443
16356 120754 137110
4257 31738 35995
3408 26929 30337
1584 13606 15190
3942 30651 34593
5366 41078 46444
6018 43292 49310
10382 78804 89186
5611 46331 51942
2897 23701 26598
11702 70585 82287
5316 41225 46541
1357 14303 15660
7986 62512 70498
21106 163674 184780
7779 60113 67892
2918 25995 28913
8454 67116 75570
8884 65500 74384
2368 20436 22804
10533 77066 87599
4441 34677 39118
5920 48299 54219
18195 133004 151199
3374 27670 31044
10156 73213 83369
3810 27324 31134
1728 15399 17127
8899 59827 68726
9370 69629 78999
10527 72695 83222
13139 96412 109551
11288 73221 84509
14229 107785 122014
6862 52244 59106
11877 112142 124019
4072 30678 34750
3264 27627 30891
8525 59898 68423
19749 136650 156399
18378 134703 153081
6683 59768 66451
6498 46829 53327
3837 33207 37044
4983 37095 42078
15681 121730 137411
11390 85057 96447
6002 49484 55486
8561 57128 65689
9096 71618 80714
6642 47838 54480
8827 64089 72916
5915 44372 50287
3674 28983 32657
9461 71230 80691
7976 61130 69106
11731 85400 97131
2149 16582 18731
7654 62045 69699
5247 40871 46118
6986 57074 64060
2740 29304 32044
11446 87024 98470
6618 51316 57934
1752 16144 17896
20723 159456 180179
18001 140649 158650
11232 71904 83136
7407 55273 62680
4929 39582 44511
5644 43001 48645
5805 46695 52500
10324 76981 87305
15382 104747 120129
10163 75483 85646
19341 142501 161842
5660 44342 50002
18692 128639 147331
4269 32425 36694
6949 57552 64501
2419 15098 17517
6549 50724 57273
14778 118679 133457
5553 36327 41880
1725 16259 17984
