32682 10785 43467
16950 15757 32707
39317 12419 51736
41506 13425 54931
38754 13288 52042
33976 11242 45218
21280 7228 28508
17633 6220 23853
23725 7226 30951
54096 16310 70406
13890 4133 18023
42059 14011 56070
49594 16416 66010
34980 12283 47263
16451 5069 21520
23117 7506 30623
49952 16804 66756
18155 6004 24159
39338 14248 53586
87125 20161 107286
63370 23467 86837
27434 8912 36346
20831 6951 27782
16076 4866 20942
26345 8946 35291
34716 11475 46191
11809 3877 15686
9817 3184 13001
9505 3074 12579
38012 12679 50691
47470 14780 62250
26093 8733 34826
45482 15050 60532
34285 11049 45334
32453 10397 42850
30791 10198 40989
41186 13065 54251
19105 6088 25193
40502 13444 53946
37115 12195 49310
8325 2694 11019
34043 12474 46517
24268 8199 32467
26542 8715 35257
8682 2999 11681
15616 4786 20402
52087 17407 69494
12495 3781 16276
34852 11335 46187
30878 9854 40732
14724 4719 19443
60349 20744 81093
14357 4289 18646
17505 5641 23146
25477 8152 33629
11160 3471 14631
82204 27882 110086
70417 22199 92616
56335 19455 75790
47815 13674 61489
12960 3848 16808
42757 16753 59510
11893 4381 16274
25802 7862 33664
19445 7060 26505
8350 2697 11047
12530 4479 17009
98369 32255 130624
16693 5487 22180
10846 3130 13976
11928 4554 16482
7519 2413 9932
44130 13744 57874
99619 32808 132427
27679 9005 36684
26929 8681 35610
33215 10365 43580
47800 15985 63785
41927 14183 56110
41855 14456 56311
11621 3763 15384
50921 14033 64954
76212 24156 100368
50437 15997 66434
53260 19123 72383
48846 16407 65253
24417 7588 32005
17004 4456 21460
33296 10817 44113
40432 13933 54365
60708 19890 80598
30580 10215 40795
21246 6920 28166
35476 11949 47425
9332 3228 12560
18870 6254 25124
21188 6712 27900
37218 11819 49037
21261 6200 27461
91744 29267 121011
32011 10965 42976
28351 9598 37949
42530 14014 56544
28752 10340 39092
10192 3019 13211
34553 10924 45477
31539 13588 45127
14514 4827 19341
38194 11719 49913
59998 19334 79332
23908 8417 32325
24268 7691 31959
48937 18569 67506
42794 14106 56900
6257 2018 8275
64922 22869 87791
36726 11097 47823
8119 2732 10851
4672 1770 6442
24033 7298 31331
7271 2326 9597
16104 4942 21046
23638 7851 31489
21932 6638 28570
43998 13893 57891
7286 2107 9393
17123 5592 22715
21052 6365 27417
86180 29889 116069
42346 13624 55970
31761 10544 42305
35620 11390 47010
57553 19052 76605
40390 14268 54658
32315 10125 42440
21850 7331 29181
31786 10325 42111
9796 3076 12872
23586 7974 31560
17568 5698 23266
8250 2679 10929
6642 2174 8816
11880 3907 15787
35032 12134 47166
35433 12719 48152
16096 5645 21741
26574 9926 36500
40121 13631 53752
22646 7692 30338
43443 13735 57178
50462 16931 67393
7930 2692 10622
18170 5959 24129
46345 15504 61849
15835 5085 20920
63160 23601 86761
50963 16948 67911
18502 6155 24657
27453 9366 36819
82950 28565 111515
32326 10257 42583
55214 19183 74397
27596 9707 37303
33628 10195 43823
28698 9592 38290
10747 3455 14202
22423 7289 29712
48734 16247 64981
35261 11697 46958
44516 14931 59447
18031 5867 23898
33321 11718 45039
9959 3297 13256
15530 5034 20564
16412 5055 21467
7940 2621 10561
18411 5868 24279
49806 17113 66919
32833 10920 43753
24470 7954 32424
10363 3526 13889
41030 13992 55022
10654 3646 14300
22301 7449 29750
26268 9922 36190
16556 5420 21976
16735 5289 22024
12535 4843 17378
13812 4672 18484
24514 7816 32330
16496 5418 21914
36264 12169 48433
15108 4765 19873
28231 8939 37170
36709 11967 48676
44018 14555 58573
27393 9276 36669
47867 15918 63785
18748 5863 24611
68380 21052 89432
50300 16857 67157
32635 11036 43671
17335 5517 22852
40529 13107 53636
19858 6480 26338
34380 11353 45733
10091 3299 13390
25092 9208 34300
26018 9347 35365
20672 5706 26378
51796 20515 72311
80834 26572 107406
19642 6665 26307
45412 14593 60005
25003 7665 32668
10245 3305 13550
22622 7597 30219
47680 15588 63268
36770 12620 49390
23756 7430 31186
24522 8785 33307
54824 19038 73862
41066 14197 55263
20189 6290 26479
26852 9332 36184
42710 13677 56387
41617 14430 56047
70094 23592 93686
19008 6509 25517
16263 5327 21590
6756 2211 8967
17103 5626 22729
23304 7409 30713
23286 8094 31380
44159 15529 59688
24723 10661 35384
15000 4910 19910
42800 14625 57425
22871 7460 30331
7310 2552 9862
36904 12395 49299
92008 31387 123395
31497 10135 41632
13539 4703 18242
36102 12115 48217
39736 13057 52793
9948 3284 13232
44465 15117 59582
19559 6093 25652
27390 9534 36924
82648 26753 109401
15524 5031 20555
44370 15650 60020
16146 6004 22150
8077 2572 10649
40039 13018 53057
37160 13066 50226
47076 16219 63295
52931 18043 70974
44860 14711 59571
59848 21264 81112
31532 9990 41522
45625 20871 66496
18915 6351 25266
14349 4536 18885
39030 13307 52337
111183 30935 142118
81943 27074 109017
30240 10050 40290
25307 9062 34369
18494 6367 24861
21682 7208 28890
74689 24333 99022
50415 17178 67593
26049 8691 34740
35335 12049 47384
36165 12517 48682
26802 8454 35256
39842 12677 52519
22273 7611 29884
18156 5740 23896
43955 15193 59148
33990 11187 45177
53471 18074 71545
9755 3266 13021
35834 12346 48180
22520 7509 30029
32978 11186 44164
10877 3726 14603
53060 18124 71184
28545 9556 38101
8884 3020 11904
94902 31379 126281
77925 24332 102257
42974 13924 56898
39017 11925 50942
23387 7904 31291
24324 8182 32506
28381 10311 38692
42783 14441 57224
54633 20271 74904
41661 13300 54961
81652 23133 104785
23717 7299 31016
81296 26190 107486
16696 5037 21733
29527 9786 39313
9129 2860 11989
27132 9028 36160
60374 21814 82188
19892 7813 27705
8656 2899 11555
