17295 28658 45953
10321 17046 27367
22944 36450 59394
25501 35984 61485
24312 39008 63320
19731 33390 53121
13292 21976 35268
9807 15672 25479
16252 25833 42085
32472 53294 85766
8387 13623 22010
27490 43709 71199
33672 53155 86827
20261 33881 54142
10010 15865 25875
14959 24409 39368
36802 56574 93376
10919 16571 27490
24931 36685 61616
36052 56347 92399
40572 70068 110640
18382 31397 49779
14013 24200 38213
10720 17515 28235
16647 29672 46319
25202 41841 67043
7549 12483 20032
6386 10893 17279
6020 9426 15446
22438 38549 60987
30269 44693 74962
16505 27897 44402
33631 51224 84855
20001 31955 51956
19608 31275 50883
18671 32992 51663
27026 44951 71977
12199 19255 31454
24977 41612 66589
23861 38306 62167
4538 7698 12236
20062 33690 53752
16716 29810 46526
18560 29991 48551
4843 8462 13305
10410 16973 27383
33279 54620 87899
8241 14243 22484
21265 32163 53428
20690 34439 55129
8923 13816 22739
38082 63642 101724
8690 14312 23002
11085 17729 28814
15996 23273 39269
7725 12327 20052
48019 76690 124709
45587 74167 119754
34178 55266 89444
25355 39714 65069
8348 13637 21985
25686 38781 64467
7586 11936 19522
15706 22380 38086
11765 21686 33451
4290 7605 11895
7036 12858 19894
62209 89750 151959
10342 18454 28796
5384 9111 14495
7283 10755 18038
3874 6492 10366
26802 43752 70554
67863 95830 163693
17367 29806 47173
18273 29333 47606
22056 42521 64577
30943 44761 75704
30829 47602 78431
26461 45044 71505
6947 12557 19504
28483 50888 79371
48700 63783 112483
35643 57311 92954
37147 59913 97060
38373 56803 95176
17227 30153 47380
9136 15218 24354
20368 32537 52905
24621 40409 65030
40689 72429 113118
18271 31214 49485
15963 24694 40657
21425 35975 57400
5457 9242 14699
11919 19441 31360
14959 24343 39302
22233 33960 56193
14225 22119 36344
58396 91166 149562
18737 30976 49713
18500 30915 49415
25873 41924 67797
18526 32608 51134
5938 9653 15591
19868 33325 53193
19286 28783 48069
9634 15463 25097
20391 32234 52625
36415 64041 100456
15045 23346 38391
16510 25660 42170
30802 46561 77363
28175 46293 74468
3627 6777 10404
39355 66290 105645
26693 35650 62343
5173 8963 14136
2899 5440 8339
16125 22086 38211
4797 7995 12792
10446 16765 27211
15022 24319 39341
14659 22537 37196
25493 41159 66652
3869 6659 10528
10304 17302 27606
13732 19202 32934
56966 95881 152847
25235 41686 66921
21105 35019 56124
23525 38223 61748
34013 52632 86645
26907 46289 73196
22000 34400 56400
13194 20100 33294
21122 35144 56266
6551 10089 16640
14870 25030 39900
11501 19224 30725
5651 9260 14911
4460 7729 12189
7638 12598 20236
20036 32829 52865
22982 41318 64300
9115 16112 25227
17182 29570 46752
23646 43359 67005
16880 22810 39690
20923 31878 52801
34202 48445 82647
5158 8863 14021
12777 19959 32736
32263 52127 84390
8413 14159 22572
40612 69222 109834
34748 49931 84679
11676 18543 30219
18084 31647 49731
50424 85672 136096
19950 31494 51444
36232 59563 95795
16124 27338 43462
17317 28334 45651
18646 27983 46629
6222 9440 15662
13847 21399 35246
31905 46181 78086
22257 34955 57212
30188 44497 74685
11181 18221 29402
20210 35584 55794
6791 10518 17309
10950 16172 27122
9459 14321 23780
5160 8781 13941
10807 16004 26811
31914 51461 83375
21485 33499 54984
14790 27370 42160
7389 11728 19117
26529 38638 65167
7423 12812 20235
14048 22477 36525
16939 27535 44474
10951 18305 29256
9323 14290 23613
7752 13812 21564
8342 16773 25115
17632 27171 44803
10473 17532 28005
22109 36601 58710
8564 13687 22251
15707 26936 42643
21727 33975 55702
26647 43720 70367
16485 25944 42429
31454 50093 81547
10879 17354 28233
51950 68909 120859
37201 53359 90560
17708 31193 48901
11734 19550 31284
24245 39732 63977
14770 23896 38666
20846 33989 54835
6643 11910 18553
15657 27907 43564
17931 30707 48638
12456 20408 32864
32890 52409 85299
45573 70875 116448
12457 20600 33057
31511 47917 79428
15805 23825 39630
6235 10317 16552
13629 20766 34395
33568 52603 86171
21548 34015 55563
17087 26420 43507
15452 24545 39997
37429 62583 100012
27497 38099 65596
14765 23276 38041
16884 29559 46443
28431 40761 69192
26876 45647 72523
46564 79696 126260
10875 17835 28710
10592 16217 26809
4428 7783 12211
11690 17529 29219
16206 25245 41451
17281 28886 46167
31404 46579 77983
15938 27570 43508
9036 15098 24134
27081 42709 69790
16607 26361 42968
4199 7791 11990
23014 38669 61683
57507 87088 144595
21483 36017 57500
10340 15891 26231
30374 39714 70088
26755 40526 67281
7182 12012 19194
30739 46348 77087
12354 22113 34467
21672 33508 55180
50807 81858 132665
11776 19480 31256
28287 48435 76722
9073 13717 22790
4726 7988 12714
27033 40161 67194
26802 38828 65630
27753 41513 69266
35315 50837 86152
27168 42344 69512
35101 59813 94914
19977 34974 54951
32712 63349 96061
11035 15895 26930
9248 14122 23370
25652 39698 65350
55720 85504 141224
49578 81140 130718
18169 30727 48896
16842 27530 44372
10217 17148 27365
13140 20533 33673
44415 65217 109632
32683 51922 84605
17410 29412 46822
22639 38459 61098
23264 37406 60670
17579 28812 46391
21916 33551 55467
16068 27948 44016
10305 15511 25816
28475 45696 74171
19504 30936 50440
30340 47330 77670
5756 9872 15628
22030 37383 59413
14822 23291 38113
20045 35030 55075
7200 11802 19002
33292 52602 85894
16666 28198 44864
5990 9708 15698
52657 84945 137602
45783 72344 118127
26021 42073 68094
19766 33380 53146
15367 24766 40133
17091 28914 46005
17130 29793 46923
26984 43343 70327
34225 63063 97288
26935 41716 68651
48239 82777 131016
16937 26919 43856
50638 77861 128499
10969 17461 28430
18821 31160 49981
5513 9442 14955
17813 29397 47210
39795 69120 108915
12212 18949 31161
4642 8122 12764
