33262 0 33262
20814 0 20814
44320 0 44320
44241 0 44241
43165 0 43165
37900 1 37901
22398 0 22398
19789 0 19789
27832 0 27832
54733 0 54733
18404 1 18405
51155 0 51155
61935 0 61935
39522 0 39522
20350 0 20350
29178 1 29179
62019 0 62019
19858 0 19858
42098 0 42098
65974 0 65974
79881 0 79881
36140 0 36140
23261 0 23261
19571 0 19571
32515 0 32515
45254 0 45254
12694 0 12694
14969 0 14969
11417 0 11417
47276 0 47276
59560 0 59560
31792 1 31793
52192 0 52192
39068 0 39068
45321 0 45321
36063 0 36063
46674 1 46675
22943 0 22943
44624 0 44624
39885 1 39886
8669 0 8669
38478 0 38478
30158 1 30159
33423 1 33424
10483 1 10484
18248 0 18248
52971 0 52971
16695 1 16696
37947 0 37947
39986 1 39987
16800 0 16800
68032 0 68032
17656 1 17657
21711 0 21711
26747 0 26747
14612 0 14612
90708 0 90708
91050 0 91050
64641 0 64641
46472 0 46472
14799 0 14799
49777 0 49777
12932 0 12932
27933 1 27934
22628 1 22629
8933 0 8933
15046 0 15046
105552 0 105552
18630 0 18630
11338 0 11338
13200 0 13200
8015 0 8015
55067 0 55067
114896 0 114896
32313 0 32313
30207 0 30207
44083 0 44083
54747 0 54747
54700 0 54700
49129 0 49129
19657 0 19657
49706 0 49706
89737 1 89738
59271 0 59271
74284 0 74284
69792 0 69792
27598 0 27598
16139 0 16139
42372 0 42372
48193 0 48193
81407 1 81408
35815 0 35815
27509 0 27509
37516 0 37516
11228 0 11228
22196 0 22196
28660 0 28660
42973 0 42973
25981 0 25981
103390 0 103390
34086 0 34086
34505 0 34505
46394 1 46395
35413 0 35413
9877 0 9877
37681 0 37681
31192 1 31193
18168 0 18168
36934 1 36935
73428 0 73428
27942 0 27942
31093 0 31093
56694 0 56694
48639 0 48639
9094 0 9094
74477 0 74477
44349 0 44349
9892 0 9892
6409 0 6409
33132 0 33132
9669 0 9669
19860 0 19860
27018 0 27018
25905 0 25905
46016 1 46017
7544 0 7544
22729 0 22729
25708 1 25709
111173 0 111173
44258 0 44258
37889 0 37889
45824 0 45824
60708 0 60708
50572 0 50572
38243 0 38243
26155 1 26156
40530 0 40530
11267 0 11267
30813 0 30813
20146 0 20146
10950 0 10950
8900 0 8900
13896 0 13896
39611 0 39611
47665 0 47665
16867 0 16867
33132 0 33132
42923 0 42923
25488 0 25488
44306 1 44307
72381 0 72381
9698 0 9698
20504 0 20504
61502 0 61502
16504 0 16504
71289 0 71289
62247 0 62247
20063 0 20063
31125 0 31125
101141 0 101141
42643 0 42643
71998 0 71998
29166 0 29166
33881 1 33882
27336 0 27336
11706 0 11706
25347 0 25347
51142 0 51142
42510 0 42510
53009 0 53009
25807 0 25807
38315 0 38315
11849 0 11849
18790 0 18790
18258 0 18258
10891 0 10891
19354 0 19354
59349 0 59349
38569 1 38570
27594 0 27594
12406 0 12406
48544 0 48544
14690 0 14690
23312 0 23312
34017 0 34017
19311 0 19311
16921 0 16921
14704 0 14704
17899 0 17899
29302 0 29302
20626 0 20626
47280 0 47280
16129 0 16129
30693 0 30693
41474 1 41475
52860 1 52861
39729 0 39729
55498 0 55498
19572 0 19572
76459 0 76459
58934 0 58934
34319 0 34319
22572 0 22572
45248 0 45248
23064 0 23064
42672 0 42672
11546 0 11546
29990 0 29990
36114 0 36114
24350 0 24350
55012 0 55012
99432 0 99432
22520 0 22520
57924 0 57924
32717 0 32717
10763 0 10763
25600 0 25600
64163 0 64163
39702 0 39702
29729 1 29730
27710 0 27710
67642 0 67642
46893 0 46893
24829 0 24829
29449 0 29449
51476 0 51476
45173 0 45173
89581 0 89581
20231 0 20231
17443 0 17443
8389 0 8389
19603 0 19603
26690 0 26690
30657 1 30658
50521 1 50522
34842 0 34842
16491 0 16491
46751 0 46751
27314 0 27314
8738 0 8738
44258 1 44259
123122 0 123122
40699 0 40699
16783 0 16783
52489 0 52489
48817 0 48817
12015 0 12015
50663 0 50663
28064 0 28064
33504 0 33504
101864 0 101864
20567 0 20567
55081 0 55081
21869 0 21869
9928 0 9928
43273 0 43273
48227 1 48228
50218 0 50218
70365 0 70365
46966 0 46966
75905 0 75905
35220 0 35220
63404 0 63404
19568 1 19569
16863 0 16863
53774 0 53774
105062 1 105063
110057 0 110057
39302 1 39303
34743 0 34743
22457 1 22458
25975 0 25975
85630 0 85630
53610 0 53610
34220 0 34220
37873 0 37873
47286 0 47286
34168 0 34168
43159 0 43159
29702 0 29702
20050 0 20050
55783 0 55783
40485 0 40485
58597 0 58597
9798 1 9799
38582 0 38582
28110 0 28110
34661 0 34661
15046 0 15046
57828 0 57828
33981 0 33981
10553 0 10553
106141 0 106141
104017 0 104017
48824 0 48824
44736 0 44736
25606 1 25607
34765 0 34765
37887 0 37887
51278 0 51278
72894 0 72894
54048 1 54049
97256 0 97256
30046 0 30046
103951 1 103952
19674 0 19674
51246 0 51246
12665 1 12666
34153 0 34153
78775 1 78776
23122 0 23122
9934 0 9934
