18453 34159 52612
10575 22223 32798
19328 35525 54853
24856 45533 70389
21178 40662 61840
18484 36654 55138
11415 21742 33157
9080 17579 26659
14436 27126 41562
26929 53379 80308
8760 16379 25139
24148 48767 72915
31122 57530 88652
18867 36598 55465
9583 17918 27501
15483 28773 44256
33997 62138 96135
10585 21054 31639
21628 40942 62570
31735 62566 94301
35103 72791 107894
17513 34564 52077
12413 24184 36597
9938 19190 29128
15585 34161 49746
23516 46434 69950
7147 13591 20738
5794 11000 16794
6063 11885 17948
22559 42929 65488
26126 49400 75526
13731 26428 40159
29516 54128 83644
19331 38112 57443
19992 37799 57791
17283 33265 50548
24963 48978 73941
11023 20518 31541
23728 46166 69894
19961 38308 58269
4360 9008 13368
20095 39365 59460
14458 29692 44150
16044 31580 47624
4982 9995 14977
9622 19002 28624
28176 54215 82391
7821 16163 23984
20097 37902 57999
17869 35154 53023
8357 16131 24488
37285 69807 107092
8051 15395 23446
10184 19972 30156
16359 28885 45244
7462 13716 21178
47455 92249 139704
42969 82043 125012
35059 61177 96236
23707 47797 71504
6694 12883 19577
28319 51121 79440
6751 13008 19759
14584 24878 39462
11401 22778 34179
3943 7741 11684
7082 14216 21298
54800 104289 159089
8176 15956 24132
4705 9395 14100
6434 12756 19190
3719 7692 11411
26867 50316 77183
57754 109632 167386
16227 30778 47005
14039 27190 41229
20672 38531 59203
28704 53301 82005
23833 43793 67626
24503 49648 74151
7109 13937 21046
24378 51457 75835
42686 81397 124083
30104 57419 87523
36944 73925 110869
33605 61482 95087
16588 37887 54475
8134 17478 25612
24023 43869 67892
25233 47856 73089
34501 68939 103440
17641 36876 54517
14532 26561 41093
19648 41169 60817
5811 11684 17495
13087 23654 36741
13920 27921 41841
20074 36444 56518
12719 25498 38217
52655 96616 149271
17387 34747 52134
17347 33950 51297
22231 40944 63175
17699 36678 54377
4799 9550 14349
19013 35426 54439
16883 33963 50846
8274 15580 23854
19905 38029 57934
32121 64973 97094
13223 24634 37857
14517 25518 40035
28941 54994 83935
25099 51080 76179
3444 7028 10472
37731 70600 108331
19771 37480 57251
4612 9245 13857
2907 6699 9606
15265 26572 41837
4194 8942 13136
9166 16382 25548
15076 29544 44620
13220 24924 38144
24701 46346 71047
3788 7535 11323
10286 20436 30722
13658 22619 36277
51947 98053 150000
24716 46563 71279
19157 38622 57779
21271 42150 63421
35863 84531 120394
23417 46110 69527
20320 37916 58236
12603 25328 37931
18035 34470 52505
6277 12003 18280
13150 27445 40595
10955 21288 32243
4497 8960 13457
3696 7257 10953
7208 13529 20737
18426 34412 52838
22340 44246 66586
8027 14684 22711
13434 28081 41515
22591 44480 67071
11633 22815 34448
21151 39736 60887
30939 54176 85115
4418 8777 13195
8888 17485 26373
28518 55704 84222
7737 14886 22623
33084 69576 102660
30194 56192 86386
9789 18190 27979
14435 29715 44150
47139 94527 141666
18012 34873 52885
29689 65482 95171
14285 27651 41936
16453 30820 47273
15066 28073 43139
6061 11839 17900
12245 25263 37508
27971 52815 80786
19017 34867 53884
25008 45112 70120
10510 20089 30599
19747 41373 61120
7524 16681 24205
12120 18412 30532
9656 17170 26826
4467 11215 15682
9912 19782 29694
30751 58449 89200
18818 35517 54335
17655 24101 41756
6911 13258 20169
21350 40798 62148
6689 13960 20649
13429 27750 41179
17833 35749 53582
10240 19995 30235
9694 17861 27555
7108 15201 22309
8445 16832 25277
14088 27445 41533
10441 21281 31722
18329 37342 55671
8541 15964 24505
15485 29938 45423
21271 41038 62309
26457 44046 70503
15453 31360 46813
30229 57004 87233
9149 18280 27429
42867 81467 124334
31712 60607 92319
18950 39299 58249
11267 22657 33924
24459 45402 69861
12834 23079 35913
19601 40905 60506
7480 12152 19632
14686 31232 45918
16022 30657 46679
11897 23235 35132
31136 59138 90274
42379 78866 121245
10199 21946 32145
28471 54253 82724
14543 26140 40683
5784 11808 17592
13856 28269 42125
29276 53046 82322
19980 38339 58319
15514 28585 44099
14194 26200 40394
34886 70579 105465
21647 43799 65446
13026 25805 38831
15929 32856 48785
24712 44968 69680
24618 48089 72707
41060 78413 119473
10889 21941 32830
9527 19016 28543
3595 7366 10961
10290 20028 30318
15293 27683 42976
15430 30766 46196
27258 51181 78439
15747 31740 47487
8582 16435 25017
24489 49530 74019
16269 29559 45828
3604 7587 11191
20183 40790 60973
50355 95177 145532
19599 38918 58517
8077 17292 25369
22885 47785 70670
22088 43229 65317
6342 12070 18412
26057 51894 77951
13610 26483 40093
17227 33961 51188
48999 88319 137318
9606 19677 29283
25526 52436 77962
8170 15292 23462
4672 9853 14525
20857 37088 57945
23048 45120 68168
24380 48577 72957
31118 55181 86299
24085 48371 72456
33074 62786 95860
18138 34063 52201
31745 68956 100701
10047 19142 29189
8430 16446 24876
21443 42061 63504
46913 81790 128703
45233 88419 133652
16526 31414 47940
14980 30261 45241
10512 20868 31380
12684 24565 37249
42268 80289 122557
25620 55707 81327
15668 30533 46201
18417 36166 54583
22600 46464 69064
14055 27961 42016
24059 43871 67930
12786 26395 39181
10459 19373 29832
24482 48827 73309
17905 33338 51243
32335 58824 91159
4714 9590 14304
19853 40322 60175
13741 25749 39490
19614 33359 52973
6831 14925 21756
27131 51715 78846
15491 30903 46394
4812 9688 14500
51401 95536 146937
47643 88502 136145
23305 45228 68533
20039 40568 60607
13368 26653 40021
16094 31808 47902
15688 29076 44764
23559 47472 71031
34605 77914 112519
27206 52726 79932
45373 83061 128434
15674 30483 46157
43238 89101 132339
9882 21805 31687
16814 34140 50954
5028 9616 14644
15721 31504 47225
39084 74283 113367
10098 20876 30974
4803 9599 14402
