4665 58544 63209
2256 30085 32341
5610 66508 72118
5240 63232 68472
4793 56076 60869
4968 74250 79218
2958 41417 44375
2261 30546 32807
3096 45866 48962
7041 94433 101474
1902 27767 29669
6140 72851 78991
6997 92322 99319
4998 51586 56584
2194 29592 31786
3053 42138 45191
7839 97074 104913
2386 30609 32995
5368 64547 69915
7375 88656 96031
10166 125636 135802
3856 50663 54519
2730 38983 41713
2565 32497 35062
3786 53208 56994
5483 68221 73704
1439 20693 22132
1188 17737 18925
1325 19558 20883
5668 69239 74907
7474 90860 98334
3412 49837 53249
6280 79617 85897
4738 59884 64622
4496 53078 57574
4215 55198 59413
6041 67777 73818
2602 33864 36466
5973 72786 78759
4876 58999 63875
1108 15114 16222
4509 55973 60482
3787 51198 54985
3731 46602 50333
1084 16629 17713
2318 30546 32864
6972 92415 99387
1695 22780 24475
5134 62590 67724
4635 57697 62332
1775 24067 25842
9072 117370 126442
2204 42207 44411
2551 29169 31720
3525 46532 50057
1434 20336 21770
12224 146281 158505
9641 111558 121199
8782 106598 115380
5734 68752 74486
1473 25016 26489
5773 67863 73636
1332 18993 20325
3168 42817 45985
2833 38316 41149
1098 14369 15467
1633 23733 25366
11651 155198 166849
2065 29933 31998
1226 17819 19045
1520 21186 22706
917 13171 14088
5708 71564 77272
14112 172505 186617
4037 51202 55239
3903 49320 53223
4934 55189 60123
6930 86676 93606
7644 68661 76305
6672 82758 89430
1849 25905 27754
6605 77673 84278
10991 125144 136135
7771 95942 103713
9185 124626 133811
6989 88057 95046
3607 47156 50763
1901 27270 29171
4911 68548 73459
6089 75683 81772
9756 118698 128454
4067 51262 55329
3177 44871 48048
4965 63429 68394
1182 19200 20382
2420 31508 33928
3164 46131 49295
5039 57087 62126
2546 35305 37851
13435 157072 170507
4394 57626 62020
3872 55809 59681
6492 75328 81820
3811 51337 55148
1072 17546 18618
4874 58134 63008
4217 57160 61377
1851 24860 26711
4356 54246 58602
7723 100199 107922
3063 42685 45748
3195 42264 45459
7322 95393 102715
5986 81139 87125
1170 12212 13382
9501 118835 128336
6407 70628 77035
1073 16236 17309
657 11542 12199
2997 38310 41307
1141 15307 16448
2155 27548 29703
3487 50010 53497
2579 41953 44532
5661 64468 70129
976 12334 13310
2470 33666 36136
3106 40413 43519
12056 147327 159383
6134 74959 81093
5168 62831 67999
6082 73061 79143
7025 89275 96300
6118 80547 86665
5142 61979 67121
3012 42244 45256
4324 53931 58255
1287 20670 21957
3834 51476 55310
2458 34382 36840
1326 17605 18931
925 14320 15245
1529 22687 24216
5054 64709 69763
5308 63184 68492
2077 30008 32085
3762 51270 55032
5199 63449 68648
3345 37890 41235
5486 64753 70239
6716 84337 91053
1158 17290 18448
2560 32857 35417
5972 78550 84522
2195 28907 31102
9350 122801 132151
7825 88859 96684
2361 33730 36091
4134 54239 58373
10983 132868 143851
5083 62754 67837
7679 93002 100681
3746 49502 53248
3705 49710 53415
3773 49264 53037
1236 17580 18816
3011 41291 44302
5783 73767 79550
5125 62808 67933
5307 69670 74977
2481 33186 35667
4246 55364 59610
1441 22233 23674
1949 25584 27533
2188 27990 30178
1496 15787 17283
2324 30182 32506
6416 81106 87522
5162 63857 69019
2777 40030 42807
1437 21693 23130
5854 73052 78906
1647 23774 25421
2514 37993 40507
4144 53010 57154
2383 30657 33040
2098 26378 28476
1814 23238 25052
2131 26892 29023
3180 45577 48757
2506 33917 36423
4689 59303 63992
1930 24451 26381
3385 44000 47385
4959 58880 63839
6329 75474 81803
3534 45816 49350
6793 87879 94672
2221 28972 31193
9814 113829 123643
6930 88816 95746
3897 52799 56696
2587 35380 37967
5264 63519 68783
2561 37814 40375
4842 59245 64087
1340 19150 20490
3591 50630 54221
3851 50356 54207
2598 35650 38248
6260 84402 90662
11067 131892 142959
2528 33232 35760
6639 82421 89060
3274 43235 46509
1175 18043 19218
3487 45878 49365
6473 85032 91505
4992 60312 65304
3382 44276 47658
3386 48055 51441
7948 99973 107921
6162 74651 80813
2813 39097 41910
3527 51669 55196
5688 73794 79482
6254 78671 84925
11476 135747 147223
2478 33942 36420
2093 30491 32584
883 12376 13259
2256 27717 29973
3349 45384 48733
3464 56903 60367
6132 79666 85798
3591 47256 50847
2007 26475 28482
5758 81164 86922
3132 41584 44716
887 13006 13893
4804 61745 66549
13060 158373 171433
4611 54215 58826
1849 26565 28414
5765 70137 75902
5101 61744 66845
1324 21023 22347
5544 70154 75698
2863 38412 41275
4110 51299 55409
11762 142168 153930
2107 27764 29871
5979 81644 87623
2243 28956 31199
1173 16698 17871
5329 59547 64876
5842 73969 79811
6360 82437 88797
7055 89898 96953
6392 72956 79348
9176 144611 153787
4668 56443 61111
7380 112408 119788
2302 28585 30887
2016 27434 29450
5306 64753 70059
12541 142219 154760
11952 139717 151669
4484 56027 60511
3291 41986 45277
2744 37133 39877
2821 37561 40382
10313 121669 131982
7183 93612 100795
3858 51277 55135
5114 57197 62311
6097 73464 79561
3953 51029 54982
5692 66532 72224
3215 44723 47938
2242 27616 29858
6322 78821 85143
4302 54997 59299
7590 95291 102881
1271 17005 18276
5565 67686 73251
2952 42813 45765
4535 57023 61558
1628 26308 27936
7412 91231 98643
4361 55726 60087
1142 17181 18323
13754 163998 177752
10894 126016 136910
5632 67283 72915
4789 61798 66587
2825 38621 41446
3999 51386 55385
4051 54982 59033
6805 77202 84007
8380 106544 114924
6650 78639 85289
11784 136884 148668
4319 45727 50046
12288 134567 146855
2872 32015 34887
4323 57726 62049
1682 19129 20811
4327 57223 61550
9912 121971 131883
2492 32044 34536
1228 16469 17697
