13182 40831 54013
8786 27917 36703
16578 52170 68748
17838 55514 73352
16031 51676 67707
14522 46930 61452
9645 32268 41913
7049 23190 30239
10644 31447 42091
24130 65015 89145
6062 19917 25979
19259 60070 79329
23260 65954 89214
14510 47549 62059
7016 23836 30852
10796 34339 45135
24302 75483 99785
7962 24284 32246
15714 47386 63100
24433 75465 99898
29289 98659 127948
13462 40232 53694
9596 31424 41020
7625 25394 33019
11958 38233 50191
15776 54314 70090
5329 17121 22450
3785 12250 16035
4496 14893 19389
16124 51090 67214
22876 67652 90528
12416 36683 49099
23088 68598 91686
14595 47786 62381
14185 45122 59307
12226 39148 51374
18673 60978 79651
7495 24718 32213
18636 58238 76874
16404 49831 66235
3530 11813 15343
14783 49671 64454
11470 35626 47096
12846 38972 51818
3384 12361 15745
6906 22919 29825
20724 69145 89869
6496 18758 25254
16743 48234 64977
14478 44280 58758
6411 21770 28181
27782 82001 109783
6765 21779 28544
7408 23054 30462
11715 35698 47413
5683 16658 22341
36321 116075 152396
31275 92229 123504
28085 93124 121209
18187 62378 80565
5254 16865 22119
20492 59713 80205
5349 16950 22299
11597 35184 46781
8743 28355 37098
2921 15350 18271
5660 16874 22534
42627 136699 179326
7212 24914 32126
3923 15306 19229
4428 14286 18714
2813 9138 11951
21969 61661 83630
41238 140648 181886
12905 36100 49005
13227 39315 52542
14140 44480 58620
22333 61925 84258
20252 62531 82783
17371 55303 72674
6344 20642 26986
19764 63890 83654
35221 99652 134873
25836 77047 102883
28275 87314 115589
26594 78189 104783
13131 37963 51094
6638 20260 26898
16208 46070 62278
18801 60043 78844
28736 94273 123009
13971 45274 59245
9789 30855 40644
14506 46621 61127
3870 15588 19458
7746 26079 33825
9781 30196 39977
14999 46331 61330
10460 32405 42865
38754 111520 150274
12498 44747 57245
13748 42177 55925
18689 59343 78032
13506 46113 59619
4373 14886 19259
13908 41689 55597
12326 39345 51671
6692 22006 28698
13766 46634 60400
25753 83224 108977
10600 34844 45444
12024 35879 47903
19882 65669 85551
21511 67415 88926
3750 10809 14559
29042 89118 118160
20137 51830 71967
3634 12070 15704
2429 7822 10251
10440 32297 42737
3128 11731 14859
7712 24501 32213
12082 39073 51155
11863 30240 42103
19406 53072 72478
3116 10036 13152
7076 23509 30585
9596 28529 38125
40907 132341 173248
16774 56795 73569
15126 45009 60135
15780 51596 67376
23984 68542 92526
18639 59468 78107
15285 49834 65119
8863 30727 39590
15021 49726 64747
4359 14036 18395
12172 37979 50151
8319 27230 35549
3469 12116 15585
2762 11207 13969
5297 16552 21849
14507 49711 64218
16702 51304 68006
6412 21960 28372
12338 38115 50453
17933 56843 74776
9302 31639 40941
15857 51273 67130
25772 73911 99683
3985 12778 16763
7264 23012 30276
23080 68739 91819
7127 23305 30432
29784 99534 129318
24224 73760 97984
7333 24983 32316
13292 41905 55197
37854 116800 154654
14574 50609 65183
28764 80125 108889
11309 36639 47948
13098 40990 54088
11898 33739 45637
4387 14106 18493
9429 29071 38500
22096 67754 89850
14968 45049 60017
19758 62612 82370
8017 26159 34176
14388 49334 63722
5307 15546 20853
6232 20872 27104
6704 20874 27578
4265 12878 17143
7328 25376 32704
21012 67406 88418
18867 53268 72135
11180 34133 45313
4988 15005 19993
17707 54056 71763
5973 18177 24150
10252 33283 43535
13249 37530 50779
8199 27473 35672
7385 24125 31510
6096 19985 26081
6768 23254 30022
10730 35886 46616
8195 27613 35808
14879 49754 64633
6364 18901 25265
12900 38701 51601
15132 48700 63832
19603 62070 81673
13052 35486 48538
21044 65184 86228
7789 27054 34843
30060 90111 120171
22830 70044 92874
14737 48189 62926
8451 27630 36081
16879 61598 78477
9432 29648 39080
14665 48112 62777
4628 14076 18704
12092 38692 50784
14409 43192 57601
8573 31622 40195
22539 76713 99252
34779 112422 147201
8159 29474 37633
21336 66437 87773
11966 36113 48079
4265 14697 18962
10164 33238 43402
22672 66416 89088
15476 51390 66866
11753 34744 46497
11611 34467 46078
29837 86224 116061
18788 57219 76007
11253 35087 46340
13164 41897 55061
21857 58170 80027
20318 56157 76475
34541 107762 142303
8581 29443 38024
6606 24194 30800
3204 10024 13228
9371 24622 33993
12710 36678 49388
13466 41376 54842
22469 67970 90439
13092 40789 53881
6037 19399 25436
19823 62502 82325
10895 32849 43744
2862 10077 12939
14942 53517 68459
40484 131891 172375
14188 46257 60445
6036 19431 25467
18096 58010 76106
18352 56471 74823
5459 18095 23554
18372 57493 75865
10378 32059 42437
13719 41865 55584
39192 116538 155730
6809 22901 29710
20062 58737 78799
6923 22715 29638
3785 12514 16299
18280 54401 72681
17527 58131 75658
22325 67715 90040
23925 69690 93615
18302 58671 76973
27077 78707 105784
13313 42760 56073
21756 84908 106664
8039 25556 33595
5708 19117 24825
14881 47203 62084
36379 108079 144458
35320 117624 152944
13038 42002 55040
12847 37505 50352
7110 24824 31934
9211 27677 36888
33082 103627 136709
23031 71916 94947
12999 39514 52513
15391 51244 66635
16516 52892 69408
13431 36085 49516
16418 55933 72351
12164 37706 49870
7767 26064 33831
20744 64232 84976
15128 43707 58835
23519 72014 95533
4035 14832 18867
16124 53218 69342
10413 34677 45090
15595 50197 65792
6052 20347 26399
23821 76314 100135
13492 41267 54759
3933 12380 16313
40424 119341 159765
36393 105031 141424
19774 53083 72857
15861 52995 68856
10201 34131 44332
12589 45880 58469
12359 40189 52548
20490 59202 79692
26788 87871 114659
24066 69225 93291
36647 110217 146864
11489 36446 47935
36933 119432 156365
8209 28242 36451
15473 44920 60393
5747 15138 20885
13343 39363 52706
32097 126597 158694
9269 30046 39315
3181 13215 16396
