10245 52337 62582
5191 30773 35964
11861 59427 71288
13257 61582 74839
11138 54658 65796
10933 55229 66162
6534 35406 41940
5021 28977 33998
8855 40458 49313
15400 83710 99110
4619 24940 29559
13593 69897 83490
15219 78643 93862
9921 50412 60333
5131 29625 34756
8255 41896 50151
18345 89616 107961
5797 30961 36758
12556 62006 74562
20975 94683 115658
20505 122234 142739
9607 51477 61084
6633 36966 43599
5201 28212 33413
7969 43099 51068
12813 67064 79877
3085 17437 20522
2671 14565 17236
2918 23372 26290
13378 70745 84123
15321 79890 95211
8804 46072 54876
15091 91396 106487
12039 56048 68087
9998 55563 65561
9345 49965 59310
13047 63226 76273
5421 27667 33088
13702 68298 82000
12355 62243 74598
2378 12570 14948
10158 55019 65177
8422 47806 56228
9038 48147 57185
2801 15272 18073
4831 25735 30566
15162 85991 101153
4092 26057 30149
10368 53496 63864
10025 52293 62318
4442 26101 30543
21033 106518 127551
5056 44088 49144
6144 29683 35827
7976 41482 49458
3783 19490 23273
28375 138600 166975
22361 116454 138815
19576 95891 115467
13466 67168 80634
3751 19804 23555
13564 63255 76819
3191 17722 20913
7522 39194 46716
6636 30709 37345
2102 14527 16629
3534 20265 23799
28326 136777 165103
5104 26471 31575
2745 18079 20824
3260 19249 22509
2263 13469 15732
13855 69349 83204
28562 146411 174973
9122 47163 56285
8512 45052 53564
11126 57672 68798
14597 76554 91151
14179 69443 83622
13681 69872 83553
4619 21337 25956
12550 63168 75718
24245 119088 143333
18804 80088 98892
19954 99785 119739
18055 94356 112411
8117 40055 48172
3747 21497 25244
12509 60477 72986
13437 66586 80023
19707 105915 125622
9273 46374 55647
7554 34251 41805
11623 59214 70837
2727 16313 19040
6805 31684 38489
7224 37743 44967
11776 63328 75104
6818 36191 43009
26904 129984 156888
10286 53528 63814
9795 50154 59949
13033 65867 78900
9738 53296 63034
2685 16036 18721
10980 54711 65691
9492 51364 60856
5553 24488 30041
11372 58812 70184
19648 97361 117009
6844 36371 43215
8141 42095 50236
13697 72645 86342
13643 73582 87225
2209 10622 12831
20323 99883 120206
11124 56709 67833
2651 12848 15499
1424 8838 10262
7358 37239 44597
2265 13221 15486
6567 25823 32390
6914 39421 46335
7140 37090 44230
12761 61997 74758
2557 11686 14243
5549 30106 35655
7083 35192 42275
28936 149576 178512
12845 63563 76408
13283 58105 71388
13669 62571 76240
16989 90453 107442
12854 64750 77604
11049 57178 68227
6924 37845 44769
10304 51698 62002
2760 15728 18488
8578 46267 54845
5550 28494 34044
3029 16880 19909
2136 12103 14239
3571 20164 23735
11089 57393 68482
13302 66623 79925
4641 25511 30152
8730 48109 56839
14180 64452 78632
6012 38200 44212
13139 63609 76748
17968 80035 98003
2546 15158 17704
5999 30062 36061
15972 83482 99454
4792 25762 30554
22219 117846 140065
17585 96002 113587
5834 29846 35680
8737 50279 59016
31795 132974 164769
12702 60126 72828
18719 96781 115500
8283 44381 52664
8801 47417 56218
8933 48956 57889
2813 21893 24706
7155 37926 45081
15380 74363 89743
11735 57811 69546
12133 68564 80697
5239 30271 35510
11271 59353 70624
3246 18529 21775
4431 35712 40143
4589 25665 30254
2393 13232 15625
5448 27498 32946
14349 75091 89440
11753 62470 74223
7190 39340 46530
3465 19051 22516
13073 65652 78725
3805 19952 23757
6432 35245 41677
9444 48592 58036
5842 27915 33757
5303 30753 36056
3850 24140 27990
4897 27082 31979
8402 45632 54034
5751 31746 37497
12200 64583 76783
4428 26966 31394
8117 41137 49254
11092 56874 67966
12936 68330 81266
9784 47245 57029
14320 77431 91751
5691 30187 35878
23894 117401 141295
16657 77649 94306
10518 51506 62024
6465 31966 38431
12815 62710 75525
6913 37670 44583
10554 58822 69376
3085 19594 22679
7722 43580 51302
9580 49286 58866
7221 29568 36789
15725 88462 104187
26383 130120 156503
6834 36569 43403
15300 77568 92868
7107 39661 46768
2850 16226 19076
8180 34459 42639
14713 77816 92529
13451 56070 69521
7209 38407 45616
8464 44767 53231
19214 98287 117501
12789 63786 76575
6843 35958 42801
9131 45404 54535
12856 65414 78270
13797 72912 86709
23628 121508 145136
6191 32505 38696
4965 26782 31747
2004 12591 14595
4883 28908 33791
7402 40064 47466
8250 47218 55468
14446 76592 91038
8680 46433 55113
4764 24761 29525
14328 70572 84900
7952 42139 50091
2004 13846 15850
13752 63616 77368
27755 142146 169901
11099 57667 68766
4099 22195 26294
13728 66005 79733
12549 60650 73199
3278 20260 23538
13445 71508 84953
5989 36697 42686
8856 47688 56544
25296 125462 150758
5762 28585 34347
15702 72626 88328
5103 29441 34544
2694 13957 16651
12916 63611 76527
11839 66356 78195
14956 76143 91099
16483 82696 99179
13251 67105 80356
18950 97196 116146
10232 50712 60944
14916 95903 110819
5345 28397 33742
4449 23445 27894
12020 60199 72219
26275 128580 154855
26161 131196 157357
10267 54624 64891
8313 41555 49868
5827 32178 38005
6772 35262 42034
22573 113309 135882
14910 81129 96039
8273 42655 50928
10653 54973 65626
12557 61503 74060
9726 46787 56513
12263 63271 75534
9653 42322 51975
5093 26281 31374
13585 70522 84107
9858 50187 60045
14791 80125 94916
2491 14026 16517
10772 54570 65342
6999 38751 45750
10324 54842 65166
4145 22625 26770
15040 81717 96757
9102 45254 54356
2838 17254 20092
29209 147764 176973
24794 116735 141529
13504 65752 79256
11722 60026 71748
7151 39942 47093
9053 46389 55442
9229 47474 56703
13892 68330 82222
16967 85735 102702
13253 76851 90104
24921 125133 150054
7881 41303 49184
25707 125040 150747
5655 28995 34650
10262 49921 60183
2864 15917 18781
8500 46073 54573
21352 112005 133357
6728 36616 43344
2461 13529 15990
