23372 26130 49502
12629 15497 28126
26917 28290 55207
29671 31196 60867
26221 29856 56077
23140 25588 48728
15624 16813 32437
10807 11814 22621
19454 21002 40456
35194 38737 73931
10188 15356 25544
31168 32623 63791
35719 38663 74382
24195 27249 51444
10755 12368 23123
18050 18784 36834
41146 41366 82512
13309 15452 28761
24948 27916 52864
42209 46068 88277
45398 55197 100595
21494 26032 47526
15364 15595 30959
12469 14113 26582
17799 20980 38779
25112 32922 58034
8137 16900 25037
7358 7745 15103
6966 7720 14686
25970 30385 56355
35777 35605 71382
19368 21846 41214
36425 35802 72227
23500 26345 49845
23399 29265 52664
21652 25625 47277
30017 34677 64694
14319 15665 29984
28606 34493 63099
26685 28477 55162
5482 6722 12204
23182 29674 52856
17739 20782 38521
20811 24095 44906
5633 6813 12446
10926 12516 23442
37074 42954 80028
9005 10116 19121
24295 26508 50803
23292 28072 51364
10160 14759 24919
52633 48595 101228
10960 12704 23664
11588 12944 24532
18899 20190 39089
9125 9961 19086
55593 63341 118934
52228 61710 113938
39038 46286 85324
29944 33928 63872
8515 9651 18166
30594 32582 63176
8429 9659 18088
17595 18453 36048
14404 16835 31239
4967 5970 10937
7878 9217 17095
72027 76575 148602
10536 12179 22715
6327 7202 13529
8235 9237 17472
4730 5552 10282
34906 37821 72727
69598 75839 145437
20155 23883 44038
19121 21862 40983
24079 29022 53101
36593 40463 77056
29487 33158 62645
32243 38576 70819
9195 10825 20020
31390 36916 68306
60221 68843 129064
49739 47633 97372
49703 53879 103582
40091 45902 85993
20193 21764 41957
10334 12764 23098
26533 32756 59289
27811 32674 60485
47707 57282 104989
22232 26717 48949
17894 19500 37394
24147 31928 56075
6383 7555 13938
14168 15937 30105
16674 17042 33716
26439 30306 56745
16230 17762 33992
71925 69650 141575
22475 26978 49453
22003 25079 47082
31824 31998 63822
21561 26711 48272
7189 8047 15236
23479 28137 51616
19163 23184 42347
11029 13174 24203
23538 26620 50158
42881 52371 95252
16043 16425 32468
19014 20823 39837
34883 38399 73282
32920 38762 71682
4265 5015 9280
45910 54803 100713
25125 28182 53307
5733 7204 12937
3602 4581 8183
18579 19940 38519
5151 5996 11147
11932 13207 25139
18339 20711 39050
17675 19817 37492
33210 36720 69930
4919 6243 11162
11924 12985 24909
17817 19511 37328
73814 81895 155709
30672 34718 65390
23843 29207 53050
28155 32102 60257
42741 47138 89879
31332 33883 65215
23805 29897 53702
16793 18323 35116
22992 26632 49624
8106 8684 16790
17580 20789 38369
14599 16118 30717
6204 6971 13175
4630 5588 10218
8098 8745 16843
25755 30575 56330
28771 33267 62038
10633 12394 23027
17920 21457 39377
25672 30781 56453
19221 19168 38389
26876 30069 56945
38481 40377 78858
6237 8783 15020
13259 16219 29478
37007 40021 77028
11305 12880 24185
47165 58041 105206
44132 49452 93584
13032 15489 28521
18725 21698 40423
61413 70578 131991
24338 26318 50656
40837 49983 90820
18895 21888 40783
21109 26434 47543
19479 21659 41138
7559 8333 15892
15260 16377 31637
35236 38367 73603
23907 26845 50752
33123 35643 68766
12577 14511 27088
24574 29842 54416
8722 8755 17477
11045 14546 25591
10851 11596 22447
5613 6623 12236
13980 13771 27751
35027 37711 72738
27236 31464 58700
18240 19896 38136
8473 9747 18220
31535 34743 66278
9216 10025 19241
19010 22645 41655
26503 28330 54833
14765 16822 31587
12659 16741 29400
8929 11452 20381
11492 14559 26051
18421 20384 38805
13517 17985 31502
29947 33532 63479
11587 13165 24752
19905 24637 44542
26596 29473 56069
30294 33687 63981
20199 23575 43774
42732 38390 81122
13138 15546 28684
52380 60977 113357
35301 37783 73084
21408 26256 47664
13285 14870 28155
28773 31511 60284
17298 20496 37794
26878 29582 56460
8325 8240 16565
18765 23563 42328
21125 25288 46413
14245 14812 29057
38882 44063 82945
56431 65989 122420
14874 17479 32353
33162 36871 70033
18035 19306 37341
6775 8576 15351
15885 17144 33029
35434 38500 73934
24643 28454 53097
19328 20846 40174
17359 20240 37599
40914 50107 91021
30742 35528 66270
17140 18574 35714
19354 25590 44944
34964 37639 72603
29642 37312 66954
51019 59714 110733
14281 16329 30610
11013 12146 23159
4700 5742 10442
12551 14558 27109
17418 18251 35669
19484 23121 42605
33796 33525 67321
20582 24610 45192
9855 11067 20922
29945 33843 63788
19988 19612 39600
5390 6945 12335
25285 29257 54542
69770 79839 149609
26115 30597 56712
10278 11094 21372
27641 30179 57820
26140 31079 57219
8993 10372 19365
31270 35829 67099
15833 15620 31453
20119 24273 44392
53194 60962 114156
11204 12902 24106
32613 39613 72226
11849 13186 25035
5546 6473 12019
25686 29623 55309
28750 34284 63034
36990 38669 75659
39274 43104 82378
29478 37412 66890
45574 53198 98772
22295 24282 46577
39512 57246 96758
11754 13164 24918
11176 13783 24959
25724 28529 54253
64600 72401 137001
60758 76531 137289
24401 28862 53263
19189 23692 42881
13316 15981 29297
17668 17365 35033
52877 60998 113875
39514 42343 81857
19528 22592 42120
26513 33951 60464
26912 30698 57610
18360 21051 39411
27718 31807 59525
17117 19497 36614
11899 12952 24851
30105 34471 64576
22058 26088 48146
39707 43682 83389
6480 6756 13236
24089 29562 53651
17692 19019 36711
28012 25831 53843
9343 11222 20565
35392 38753 74145
20898 22248 43146
6954 7803 14757
64508 70090 134598
60365 68360 128725
31356 35470 66826
23883 31571 55454
16467 17793 34260
18048 20602 38650
18952 21570 40522
33502 36012 69514
38624 46780 85404
33573 33668 67241
59491 70105 129596
17708 18761 36469
58540 60678 119218
13796 20769 34565
22518 27344 49862
6897 8634 15531
21807 25301 47108
49478 57801 107279
17860 22026 39886
5165 6253 11418
