7761 46585 54346
4420 27704 32124
9390 62338 71728
12649 65974 78623
10375 62310 72685
9744 58800 68544
5968 37437 43405
3729 24804 28533
7046 46247 53293
12613 82750 95363
3551 25243 28794
11849 69532 81381
13528 85241 98769
8687 54313 63000
4393 27944 32337
6319 41549 47868
14573 87626 102199
5096 41102 46198
10398 64712 75110
14678 84525 99203
19241 121571 140812
8958 56096 65054
5793 36283 42076
4590 33331 37921
7319 48845 56164
10978 65764 76742
2584 20579 23163
2593 29277 31870
2861 18763 21624
10283 64299 74582
14199 85297 99496
7081 41422 48503
13699 79179 92878
9271 50382 59653
8628 50732 59360
8194 51823 60017
10393 60764 71157
5212 31162 36374
12982 68499 81481
11054 61485 72539
2380 13280 15660
9635 60468 70103
6448 44635 51083
7746 48738 56484
2228 16074 18302
4049 26656 30705
12310 81178 93488
3513 24114 27627
9889 60038 69927
8649 55899 64548
3551 23776 27327
16200 96945 113145
3849 26948 30797
4582 28078 32660
6995 44522 51517
2760 21522 24282
22204 140108 162312
20316 124437 144753
16597 99875 116472
12116 76375 88491
2766 20734 23500
11125 65837 76962
2805 19760 22565
6467 39842 46309
5707 37479 43186
1955 13677 15632
3167 19622 22789
26928 144605 171533
4384 28979 33363
2404 16002 18406
2779 20416 23195
1724 12583 14307
12154 71577 83731
26801 161447 188248
6945 43198 50143
7395 47098 54493
9509 58935 68444
12955 74204 87159
12048 71264 83312
11839 71265 83104
3113 23293 26406
11404 70499 81903
20507 116376 136883
14255 89712 103967
16547 102535 119082
13991 87650 101641
7215 44225 51440
3693 24920 28613
9989 63229 73218
10736 65122 75858
17991 113852 131843
7738 52112 59850
6510 40827 47337
9512 60469 69981
2412 16457 18869
5304 33642 38946
6007 36774 42781
10142 61251 71393
6144 37555 43699
26471 140540 167011
8401 55469 63870
8253 51658 59911
11425 68480 79905
8193 53320 61513
2430 15703 18133
9201 54952 64153
7516 51132 58648
4353 43628 47981
10145 58831 68976
16315 100481 116796
5874 35669 41543
6123 41565 47688
13974 83046 97020
12035 71123 83158
1481 12320 13801
17365 109940 127305
10569 64357 74926
2649 14976 17625
1679 11708 13387
6479 41722 48201
2068 13987 16055
4848 31076 35924
6201 44593 50794
6303 37466 43769
11198 63495 74693
2082 11827 13909
5088 28440 33528
5997 34484 40481
24031 151006 175037
11465 76065 87530
8919 59502 68421
10320 61517 71837
15394 95593 110987
12185 76054 88239
8961 56082 65043
5600 37040 42640
9060 55365 64425
2562 18257 20819
7100 47786 54886
4653 33392 38045
2346 15531 17877
1809 12533 14342
2857 19449 22306
8795 60161 68956
10031 62745 72776
4248 26998 31246
7439 46719 54158
11044 64587 75631
6265 37645 43910
10686 57099 67785
14139 85680 99819
2520 14528 17048
4578 28863 33441
14215 76986 91201
4022 26189 30211
17065 108903 125968
16137 86459 102596
4778 30319 35097
7569 48629 56198
21365 129672 151037
9480 59403 68883
15448 93603 109051
7111 43146 50257
8189 52557 60746
6382 46465 52847
3087 16990 20077
6257 39284 45541
13113 76531 89644
9394 60644 70038
11285 70361 81646
5414 27087 32501
10146 54593 64739
2652 18240 20892
4320 27636 31956
4595 27717 32312
2202 16209 18411
5303 30679 35982
13781 81414 95195
9737 73094 82831
5810 36631 42441
2980 19558 22538
11503 67406 78909
3079 22192 25271
5507 41530 47037
8206 51394 59600
4795 30775 35570
4265 27988 32253
2972 24156 27128
3566 24870 28436
7193 47434 54627
4405 29861 34266
9570 59030 68600
3876 25185 29061
6884 45122 52006
9915 60852 70767
11577 69405 80982
7561 48797 56358
14293 83030 97323
4562 29220 33782
18600 109316 127916
13432 84904 98336
9711 54363 64074
5698 33602 39300
10932 64121 75053
5617 35347 40964
12864 54414 67278
2939 17232 20171
6794 44526 51320
8059 51921 59980
5677 34451 40128
14528 87086 101614
23463 161807 185270
6044 35765 41809
13538 78054 91592
6958 44991 51949
2516 16954 19470
5595 38079 43674
12798 76245 89043
10161 56350 66511
5968 40383 46351
6543 48451 54994
15878 98160 114038
11100 68587 79687
6138 38740 44878
7748 50312 58060
13778 73126 86904
10542 64264 74806
21462 137117 158579
5097 33666 38763
4058 28167 32225
1800 13924 15724
4853 30883 35736
6631 42864 49495
6727 42439 49166
11366 70817 82183
6712 44494 51206
3798 26377 30175
11685 66296 77981
6671 43200 49871
1751 13222 14973
10659 66712 77371
24172 155147 179319
8975 65679 74654
3766 24151 27917
10388 65827 76215
11065 65756 76821
2920 18580 21500
12023 72389 84412
5935 37824 43759
7629 50715 58344
22549 126148 148697
4220 27315 31535
11930 70203 82133
4416 26410 30826
2383 14218 16601
11784 56958 68742
11399 67858 79257
12231 69394 81625
16048 86388 102436
11501 69507 81008
17130 104317 121447
7617 48540 56157
13737 107103 120840
5298 30343 35641
3538 24232 27770
10780 64678 75458
23349 136239 159588
20885 121575 142460
9355 59165 68520
7701 48922 56623
5486 34506 39992
6413 38636 45049
20983 119719 140702
13803 87799 101602
8266 47820 56086
9770 64543 74313
10953 70179 81132
7632 43458 51090
11470 63102 74572
6291 44528 50819
5048 33915 38963
13351 67415 80766
9113 56060 65173
14128 88618 102746
2312 16248 18560
9986 63542 73528
5833 35803 41636
8191 52240 60431
2921 22653 25574
12959 76196 89155
8196 52391 60587
2374 16345 18719
26831 142207 169038
22251 136941 159192
11888 69350 81238
10219 64316 74535
5806 40965 46771
7411 47364 54775
8008 50841 58849
11292 64988 76280
16225 98749 114974
12637 69963 82600
20886 122128 143014
6676 43326 50002
24269 129653 153922
4832 29886 34718
7864 49288 57152
2641 15329 17970
8786 46246 55032
17562 107608 125170
5664 33939 39603
2090 14809 16899
