28309 23273 51582
13046 12726 25772
28008 25385 53393
35025 30612 65637
30184 23608 53792
26096 25292 51388
18279 17686 35965
12914 12264 25178
21091 19009 40100
41255 38570 79825
11191 9930 21121
36156 38206 74362
44645 39090 83735
25271 25740 51011
11523 11775 23298
20467 18603 39070
47417 37737 85154
15033 14283 29316
26689 25298 51987
46201 40718 86919
53177 53536 106713
24808 24645 49453
16407 16771 33178
15028 13256 28284
20222 19396 39618
32948 27746 60694
8974 8008 16982
7352 6327 13679
7362 7463 14825
33260 29443 62703
40557 33209 73766
20212 17565 37777
40832 37066 77898
26091 23826 49917
28224 26331 54555
23832 22883 46715
34974 32196 67170
15151 14401 29552
33392 31191 64583
30818 30114 60932
6174 6191 12365
25569 24046 49615
21096 21232 42328
21351 19727 41078
7481 7075 14556
12979 13726 26705
40801 38897 79698
9614 9165 18779
29589 28358 57947
22985 21484 44469
10472 9487 19959
44285 41702 85987
10537 10063 20600
12922 11784 24706
18546 16114 34660
8911 7806 16717
70429 63990 134419
58560 52018 110578
45567 46628 92195
33645 32575 66220
9847 9305 19152
32916 28667 61583
9195 8468 17663
21712 18992 40704
14966 13738 28704
5864 5885 11749
9403 9167 18570
80330 66440 146770
11725 11679 23404
6779 6343 13122
9047 8507 17554
4880 4746 9626
45183 35748 80931
82032 74198 156230
22116 21288 43404
21121 19840 40961
26898 25780 52678
39306 37017 76323
32387 30059 62446
37214 33802 71016
9792 9353 19145
33843 35356 69199
55184 50400 105584
44438 40377 84815
47330 46625 93955
45987 41041 87028
24254 18650 42904
10766 10583 21349
25432 24006 49438
30475 28705 59180
50789 50210 100999
21778 21155 42933
19806 17762 37568
24056 24569 48625
6761 6896 13657
13822 16404 30226
20238 17755 37993
30786 25887 56673
16368 14771 31139
75021 67789 142810
26102 25483 51585
21615 21265 42880
33875 31816 65691
21243 21711 42954
7154 6326 13480
27779 24381 52160
20248 21192 41440
11938 11733 23671
26282 27532 53814
44355 43163 87518
18216 16553 34769
25649 19799 45448
41952 37380 79332
33658 32210 65868
4741 4750 9491
50027 50121 100148
26828 24933 51761
6361 5688 12049
3654 3778 7432
18790 15863 34653
5409 5536 10945
12396 11074 23470
20536 22295 42831
17099 15944 33043
33086 31222 64308
4800 4655 9455
13312 13517 26829
18117 17782 35899
72529 65313 137842
32114 27777 59891
26447 36643 63090
31248 32251 63499
40816 37165 77981
35590 34400 69990
25649 22925 48574
18208 17393 35601
25101 25800 50901
7753 7229 14982
20158 19932 40090
14245 14794 29039
7171 6727 13898
5737 5609 11346
8536 8093 16629
27450 26967 54417
33366 28749 62115
10548 10146 20694
19100 19430 38530
30399 27988 58387
18556 17639 36195
29627 27069 56696
44361 38916 83277
6828 6823 13651
14631 13012 27643
40279 36867 77146
11392 10810 22202
48173 50345 98518
42332 36709 79041
15812 13524 29336
23960 21734 45694
66151 62522 128673
28069 27100 55169
44899 42998 87897
18422 17113 35535
24656 22714 47370
21431 19723 41154
7578 7118 14696
17810 16838 34648
41959 35679 77638
26491 24163 50654
36068 33322 69390
13805 11944 25749
25021 26736 51757
9456 8211 17667
11796 11444 23240
12292 11274 23566
6849 6524 13373
13494 12064 25558
39643 37353 76996
28324 27675 55999
18937 17044 35981
9348 8416 17764
30727 28340 59067
9979 9408 19387
17390 16498 33888
24429 22343 46772
13507 12876 26383
12329 12187 24516
9721 10030 19751
11531 11699 23230
20954 19532 40486
15033 14339 29372
26424 25045 51469
11665 10860 22525
18625 20000 38625
30829 29854 60683
35098 34076 69174
22490 21877 44367
44025 45328 89353
14336 14928 29264
51906 48477 100383
37175 33188 70363
24733 25877 50610
15458 14108 29566
34050 30058 64108
16619 15513 32132
25873 25378 51251
8206 7964 16170
21854 18244 40098
21562 24125 45687
16980 15410 32390
38244 35593 73837
62535 60001 122536
15535 14645 30180
40031 32961 72992
21845 20737 42582
7813 6739 14552
18856 17961 36817
43326 37995 81321
28844 28243 57087
21026 18396 39422
20471 18628 39099
43587 44575 88162
31742 28135 59877
18584 16415 34999
19472 19962 39434
36815 32922 69737
34353 33348 67701
53749 52632 106381
16335 14932 31267
13499 18506 32005
5562 5693 11255
14350 13364 27714
23349 21122 44471
18168 18258 36426
39163 34582 73745
22446 21763 44209
10416 9840 20256
36192 33567 69759
22154 16640 38794
5476 5170 10646
29831 29408 59239
70922 62213 133135
27973 27915 55888
10595 11943 22538
34185 30988 65173
29009 25967 54976
9496 8898 18394
35810 33840 69650
17284 16980 34264
20504 18798 39302
67481 62008 129489
11818 11871 23689
36465 36945 73410
14189 13285 27474
7579 6336 13915
32569 28605 61174
32773 30639 63412
43709 36159 79868
49385 42716 92101
35304 33271 68575
49604 41621 91225
24445 24438 48883
41336 46261 87597
14607 14034 28641
10055 9825 19880
29169 27038 56207
84347 65705 150052
60538 56899 117437
32000 24923 56923
19652 22242 41894
13819 13331 27150
17160 16180 33340
56754 53888 110642
37640 35542 73182
22262 21792 44054
26822 27836 54658
32498 32139 64637
22131 20753 42884
31251 29744 60995
18197 17914 36111
14039 13413 27452
34545 29379 63924
26108 25152 51260
42886 41132 84018
7758 6823 14581
26398 27186 53584
19962 21745 41707
24774 25471 50245
10261 9642 19903
36886 34837 71723
24008 22816 46824
6410 6107 12517
80894 71129 152023
62588 59355 121943
34636 36407 71043
29885 27410 57295
17694 17562 35256
20828 20503 41331
21749 20629 42378
33649 31099 64748
40602 39146 79748
37947 33962 71909
58731 57528 116259
18771 15798 34569
60189 56980 117169
13934 11453 25387
21368 19577 40945
7813 7499 15312
20980 18399 39379
47680 48052 95732
15946 15258 31204
6000 5617 11617
