17280 41092 58372
10031 24278 34309
21946 50715 72661
22338 49731 72069
18848 38505 57353
16375 35975 52350
10493 23842 34335
8564 19676 28240
14564 31378 45942
24930 55713 80643
7016 15544 22560
24162 52612 76774
24256 57053 81309
17588 50419 68007
9706 21594 31300
14389 32179 46568
33264 65198 98462
8727 19748 28475
19537 44160 63697
28745 68524 97269
34675 83926 118601
14532 33234 47766
10777 22883 33660
7855 18616 26471
12596 29548 42144
18844 50665 69509
6048 14013 20061
4920 11541 16461
4782 12323 17105
20168 44550 64718
28683 61292 89975
14004 32195 46199
24278 53210 77488
16283 37155 53438
17908 40716 58624
13814 38654 52468
23944 51651 75595
8986 20375 29361
20561 46146 66707
17934 40596 58530
3957 9889 13846
16500 37604 54104
18876 50077 68953
13327 30524 43851
4102 9571 13673
7572 18008 25580
26311 64340 90651
8219 21307 29526
21725 45583 67308
16945 36643 53588
7093 16068 23161
29473 68527 98000
8185 18110 26295
9094 20631 29725
12561 27240 39801
6675 14613 21288
40287 91620 131907
39753 86996 126749
30386 69116 99502
21191 47343 68534
6690 15340 22030
21251 45589 66840
5996 13924 19920
12549 26089 38638
9149 21815 30964
3753 9931 13684
6481 15326 21807
53849 115908 169757
8005 18884 26889
4871 11558 16429
5811 13569 19380
3625 7476 11101
24297 54677 78974
53845 120752 174597
15439 33173 48612
13147 28941 42088
19271 42233 61504
23974 53237 77211
23256 52207 75463
23964 50941 74905
6972 15732 22704
23123 52700 75823
52851 78298 131149
25551 57069 82620
33323 73910 107233
31253 67501 98754
14697 31002 45699
7066 16534 23600
19332 43839 63171
22204 51457 73661
31704 72518 104222
16259 38062 54321
12439 29194 41633
19273 44843 64116
5010 14014 19024
9451 20663 30114
13125 31662 44787
23260 51943 75203
14549 29976 44525
49649 106956 156605
16587 40980 57567
16123 38010 54133
19879 44490 64369
16483 38577 55060
4388 10386 14774
17688 39455 57143
13269 32987 46256
11566 22348 33914
17688 41461 59149
33722 70332 104054
12014 27175 39189
14570 31159 45729
24696 55991 80687
21296 49058 70354
3476 7850 11326
36633 79074 115707
20207 39665 59872
4206 10184 14390
2712 7458 10170
11752 25499 37251
4253 10128 14381
8908 20214 29122
15013 36367 51380
10977 30563 41540
22340 49491 71831
3297 9622 12919
9123 21760 30883
11921 28042 39963
49885 115367 165252
19975 42938 62913
16905 38732 55637
17890 47299 65189
28310 62584 90894
23441 52495 75936
21110 41397 62507
11859 27610 39469
17833 42867 60700
5744 13587 19331
13557 33022 46579
10312 23912 34224
4476 11098 15574
3862 9312 13174
6334 14414 20748
18254 46687 64941
18311 43576 61887
8025 18970 26995
13748 34204 47952
20896 48826 69722
11291 24610 35901
21430 38926 60356
27555 57888 85443
4115 9469 13584
9327 23454 32781
23739 53230 76969
8078 18760 26838
31057 75043 106100
27377 58135 85512
9817 19759 29576
16069 36956 53025
39463 90842 130305
18281 52115 70396
30246 73078 103324
13771 33022 46793
13845 33458 47303
15294 32551 47845
5914 12983 18897
12804 28997 41801
22677 54128 76805
20184 48663 68847
24484 52649 77133
9018 20015 29033
17933 57592 75525
5704 12476 18180
7470 17769 25239
8297 19722 28019
3893 9555 13448
9502 21623 31125
26087 59732 85819
17451 38813 56264
11323 25424 36747
6182 13216 19398
23069 50464 73533
6829 17084 23913
12023 28169 40192
16338 38103 54441
8594 19737 28331
7454 17007 24461
6459 16034 22493
6686 20411 27097
14775 32816 47591
9713 23323 33036
19487 45789 65276
6795 15461 22256
14218 34709 48927
19349 44150 63499
23863 52760 76623
12653 29341 41994
24031 55257 79288
8086 18626 26712
36517 84929 121446
27650 61991 89641
15285 35712 50997
10723 25713 36436
21262 47549 68811
12384 29552 41936
20577 44271 64848
5263 11960 17223
12102 32943 45045
13847 32000 45847
9946 21749 31695
24530 63543 88073
42151 94200 136351
9894 21695 31589
25614 57785 83399
13153 29021 42174
5162 12077 17239
10662 25965 36627
28412 64117 92529
17421 39617 57038
13966 31672 45638
14807 30779 45586
33065 71291 104356
22394 53498 75892
11854 27032 38886
14927 35691 50618
27419 63310 90729
23837 56300 80137
40869 92288 133157
9370 21032 30402
10590 21253 31843
3398 9656 13054
13429 22669 36098
12753 28154 40907
14560 35470 50030
25979 56702 82681
15603 36366 51969
7332 16155 23487
24610 56114 80724
15316 31948 47264
3402 9214 12616
19711 46956 66667
47309 110617 157926
18258 42250 60508
6395 15364 21759
19429 44301 63730
20605 47603 68208
5250 12473 17723
23507 76455 99962
10562 23446 34008
14409 40485 54894
40496 88012 128508
8469 20728 29197
25927 59615 85542
9016 17546 26562
4418 10625 15043
21487 47922 69409
22130 52473 74603
25022 56501 81523
28183 59752 87935
22058 49626 71684
31592 72500 104092
14370 32383 46753
27207 75283 102490
8211 18429 26640
7543 17894 25437
19375 43711 63086
44507 97970 142477
40204 83915 124119
16797 38862 55659
13747 32322 46069
9612 23085 32697
10221 22513 32734
37221 86410 123631
23292 53859 77151
14359 32804 47163
16374 38748 55122
20926 49768 70694
12534 30039 42573
21357 46899 68256
11906 29213 41119
9423 21060 30483
21460 46230 67690
18142 40980 59122
27342 62924 90266
4559 10233 14792
18433 44535 62968
10859 24475 35334
17058 40253 57311
5592 13918 19510
27303 61430 88733
14006 32137 46143
4747 11666 16413
44402 99556 143958
43968 100886 144854
21032 44126 65158
17198 40505 57703
13298 33441 46739
17746 34519 52265
14893 35889 50782
23037 52057 75094
31001 75954 106955
25346 93911 119257
41762 94994 136756
13986 31933 45919
47955 88455 136410
9752 21254 31006
16011 35953 51964
4730 10241 14971
15164 33620 48784
31945 71666 103611
10613 24250 34863
4240 10661 14901
