27498 17606 45104
17090 10744 27834
33222 19503 52725
34484 19486 53970
29847 17094 46941
27871 16695 44566
18441 10304 28745
14861 8792 23653
21716 12012 33728
44134 28859 72993
13747 8071 21818
42758 25600 68358
49435 30784 80219
30342 19732 50074
15118 9787 24905
24241 14554 38795
48574 27404 75978
17147 8712 25859
31152 20686 51838
49472 29950 79422
59656 34842 94498
25792 16349 42141
17981 10009 27990
16366 9431 25797
24338 15564 39902
35967 21264 57231
12965 6509 19474
8861 5358 14219
11527 7115 18642
34160 20620 54780
42270 23251 65521
23164 14196 37360
52406 28226 80632
32213 19951 52164
30510 17992 48502
26474 17422 43896
55366 27969 83335
17286 10152 27438
34273 21129 55402
36565 20404 56969
6704 3833 10537
28483 16755 45238
23042 15020 38062
22689 13855 36544
7771 4819 12590
13272 7593 20865
45075 28319 73394
10446 6538 16984
30778 16334 47112
26832 15708 42540
12834 7988 20822
51391 30917 82308
13276 8090 21366
14907 7930 22837
22417 13402 35819
10343 5952 16295
73858 44612 118470
61913 37389 99302
51100 32307 83407
36655 21170 57825
11012 6809 17821
36205 19588 55793
9153 5436 14589
21601 12518 34119
15947 9607 25554
6173 3542 9715
10573 6721 17294
80821 45859 126680
14851 8577 23428
8223 4920 13143
9758 5285 15043
6355 3918 10273
41325 24297 65622
86613 48901 135514
24570 15327 39897
21943 13599 35542
33840 19652 53492
43806 26623 70429
35744 22269 58013
38722 24214 62936
11786 7348 19134
37477 23825 61302
66360 39571 105931
48112 28760 76872
51984 34781 86765
51601 27201 78802
22242 12953 35195
14048 8313 22361
35337 20192 55529
38559 26293 64852
58731 36934 95665
30441 19874 50315
20306 12750 33056
30844 19698 50542
7692 4660 12352
17115 10130 27245
20520 12296 32816
32005 17457 49462
19836 11399 31235
77671 43480 121151
27087 17140 44227
23795 17625 41420
37026 21983 59009
24485 18360 42845
8470 5004 13474
30219 17328 47547
24871 18256 43127
14395 8592 22987
37562 22426 59988
61912 35741 97653
21046 12904 33950
23990 14572 38562
44190 27711 71901
53445 24100 77545
5396 3540 8936
58286 36071 94357
35534 20173 55707
7990 5653 13643
4338 2886 7224
23561 14234 37795
7983 5247 13230
14948 8090 23038
22553 15914 38467
19910 11953 31863
41897 24730 66627
6581 4057 10638
16336 9900 26236
22378 13803 36181
88660 52110 140770
35426 23426 58852
28247 16546 44793
31607 18389 49996
50607 30510 81117
38579 24456 63035
31949 17928 49877
18670 10789 29459
32015 18012 50027
8909 5101 14010
20971 13751 34722
16305 9256 25561
9329 4838 14167
6040 3522 9562
11284 5881 17165
31873 18809 50682
33951 19443 53394
11786 7387 19173
22228 16268 38496
35870 21126 56996
20773 12548 33321
33936 19022 52958
47170 26616 73786
9704 5882 15586
17228 10533 27761
46075 25237 71312
12624 7769 20393
60080 36700 96780
50132 31493 81625
18590 10137 28727
24337 13880 38217
83816 47969 131785
33587 20562 54149
50100 32579 82679
23157 14698 37855
27170 18709 45879
25138 15722 40860
8339 7019 15358
20206 12484 32690
44883 26305 71188
31616 17211 48827
35968 24110 60078
17102 10699 27801
27949 17126 45075
9494 5320 14814
13926 8747 22673
13167 9486 22653
8089 4850 12939
15904 8618 24522
42689 24282 66971
29957 17974 47931
21399 12540 33939
10928 7177 18105
37975 22289 60264
10342 6197 16539
19437 11710 31147
28119 18301 46420
17282 10309 27591
14950 8566 23516
11181 7817 18998
12338 8120 20458
25016 15082 40098
16308 9878 26186
34106 21885 55991
12240 7244 19484
22509 15216 37725
32195 18149 50344
37942 22537 60479
21745 13157 34902
48363 24745 73108
18317 9650 27967
64135 40673 104808
45868 25842 71710
27341 18657 45998
16601 9232 25833
35928 18976 54904
19728 13273 33001
32955 19258 52213
9266 5374 14640
24563 13985 38548
25267 16704 41971
19136 11034 30170
45854 28650 74504
67323 44823 112146
17495 10550 28045
41619 23152 64771
24908 14432 39340
8947 5451 14398
21315 12898 34213
48931 29714 78645
34063 20213 54276
22969 14200 37169
21330 12794 34124
55039 34698 89737
34255 20849 55104
20213 11699 31912
22685 16407 39092
41896 28730 70626
34531 20513 55044
69922 43052 112974
16602 10368 26970
15212 8859 24071
6777 4501 11278
17445 8123 25568
22903 14128 37031
21943 13827 35770
39827 23417 63244
25444 16595 42039
12426 7499 19925
39401 24230 63631
23045 13706 36751
7636 4015 11651
36474 22830 59304
102912 46500 149412
30298 18961 49259
12458 7853 20311
56786 20922 77708
36295 21045 57340
9219 5345 14564
37304 23469 60773
19437 10670 30107
25640 17731 43371
75723 43655 119378
14083 8497 22580
39212 22527 61739
15027 8331 23358
7225 4233 11458
36592 20681 57273
32847 19730 52577
41745 24801 66546
54363 30745 85108
37884 23527 61411
50723 33526 84249
28109 19233 47342
46148 32405 78553
16851 9164 26015
13039 8231 21270
30427 18858 49285
75278 40023 115301
73565 44410 117975
27749 18086 45835
23281 13342 36623
16421 11365 27786
18149 10401 28550
64618 38693 103311
42107 30707 72814
25065 16082 41147
33511 20674 54185
37403 25444 62847
25080 15233 40313
34696 20798 55494
23613 15470 39083
16458 10017 26475
41137 23057 64194
31596 18998 50594
53294 31350 84644
8388 5295 13683
32655 20259 52914
20062 11400 31462
30042 18168 48210
10567 8626 19193
42535 25507 68042
26583 18047 44630
8458 4820 13278
81661 46084 127745
74481 44225 118706
37888 22205 60093
30759 18340 49099
21538 13037 34575
23988 16644 40632
30081 18030 48111
38337 22544 60881
51308 32541 83849
40901 24717 65618
78227 39446 117673
22846 12835 35681
67560 40754 108314
17031 9279 26310
34792 28259 63051
8639 4739 13378
25157 16321 41478
66728 40024 106752
18150 11107 29257
7765 4709 12474
