16481 45130 61611
8331 23330 31661
17200 45375 62575
21047 52933 73980
16890 44662 61552
15644 40829 56473
10672 29762 40434
7145 19863 27008
13352 34304 47656
24275 62977 87252
7428 20221 27649
22190 59515 81705
25800 68949 94749
14641 40161 54802
7275 23008 30283
12172 33026 45198
28486 75733 104219
8976 27616 36592
18192 48668 66860
27461 76981 104442
33423 91782 125205
14313 40270 54583
10943 29739 40682
7849 21278 29127
12961 33350 46311
18881 53411 72292
5606 18861 24467
5066 13982 19048
4769 14132 18901
19002 51317 70319
23776 61432 85208
14931 32714 47645
22769 59330 82099
15616 41488 57104
16145 45585 61730
13849 41060 54909
21314 60934 82248
9727 25962 35689
20309 55020 75329
20691 53181 73872
3448 12377 15825
17425 49473 66898
13518 37999 51517
13398 35455 48853
4291 12595 16886
7681 20860 28541
25344 71018 96362
7892 17965 25857
16255 45624 61879
16069 44836 60905
6326 19217 25543
30715 81999 112714
7388 21148 28536
8812 25559 34371
13937 33392 47329
5854 16204 22058
43158 112747 155905
33180 87739 120919
29574 79057 108631
22479 57499 79978
7469 17358 24827
22356 58505 80861
5605 15334 20939
13604 32092 45696
10104 30044 40148
3745 10730 14475
6534 17841 24375
47713 137979 185692
7070 20331 27401
4283 12356 16639
5345 17668 23013
3126 9681 12807
21710 58014 79724
51568 135106 186674
13797 37991 51788
13304 32131 45435
18279 43172 61451
25159 67734 92893
21688 57362 79050
20986 54865 75851
5591 16030 21621
19320 56512 75832
34204 86514 120718
24649 69363 94012
28903 79938 108841
26057 68696 94753
14571 30774 45345
6638 17677 24315
17050 43634 60684
19847 54672 74519
30740 82376 113116
15463 41998 57461
11302 31416 42718
17027 48235 65262
4338 14199 18537
10184 25800 35984
11778 37008 48786
16723 46171 62894
11909 26031 37940
45954 118004 163958
15626 42516 58142
13962 37628 51590
19779 53860 73639
13881 40234 54115
4437 11806 16243
15637 42324 57961
12872 38602 51474
6886 19180 26066
17585 48220 65805
29463 84395 113858
10459 27964 38423
14099 31505 45604
25431 66643 92074
21740 60543 82283
3036 8291 11327
31914 86756 118670
18780 54001 72781
3930 11743 15673
2412 7356 9768
12693 32634 45327
3593 10467 14060
8629 23112 31741
13652 35651 49303
11442 27477 38919
21709 55411 77120
3433 8818 12251
7966 22983 30949
10439 28943 39382
45409 122637 168046
20202 54349 74551
16845 43884 60729
19585 51376 70961
25873 67925 93798
22425 61859 84284
16302 48345 64647
10545 29334 39879
16409 44348 60757
4981 13528 18509
15794 36752 52546
9066 25390 34456
4527 12626 17153
3238 9726 12964
5738 14794 20532
15923 45610 61533
18814 52016 70830
7350 20596 27946
13690 36912 50602
18539 50987 69526
10375 37176 47551
16793 47220 64013
27491 68725 96216
3795 11001 14796
8529 23914 32443
26193 69591 95784
6724 18130 24854
32125 89753 121878
27267 64696 91963
9000 24205 33205
12316 36245 48561
41429 102898 144327
15264 43893 59157
29294 75102 104396
13692 34538 48230
16312 36456 52768
13384 34965 48349
4862 13448 18310
10236 27183 37419
23544 61251 84795
17449 48237 65686
23855 70335 94190
9318 26341 35659
18372 48767 67139
5948 15996 21944
7818 21914 29732
9320 20983 30303
4197 12944 17141
10224 25880 36104
26188 63602 89790
17427 48581 66008
12166 31452 43618
5610 14688 20298
18505 51269 69774
5714 13932 19646
9846 29098 38944
13822 37643 51465
8347 25636 33983
6782 18140 24922
5992 17268 23260
5962 17365 23327
14606 37167 51773
7638 22356 29994
17149 47350 64499
7827 19968 27795
13077 33639 46716
17072 43110 60182
19308 53188 72496
12771 34777 47548
22686 56704 79390
8142 20269 28411
31048 83415 114463
23889 64838 88727
13882 37518 51400
8346 22709 31055
18685 53734 72419
10276 29484 39760
18376 44122 62498
5071 17587 22658
12402 30192 42594
14523 41068 55591
9649 25999 35648
23375 59962 83337
39917 102921 142838
10055 30017 40072
23873 66298 90171
13356 35174 48530
4421 12145 16566
10745 30099 40844
26862 73093 99955
20838 56599 77437
14582 32521 47103
11828 30102 41930
29546 77958 107504
21568 57703 79271
10585 28068 38653
12988 43729 56717
22100 57865 79965
17947 55228 73175
37581 105128 142709
9000 29769 38769
9536 21853 31389
3276 10144 13420
7550 19909 27459
11063 28689 39752
13835 34451 48286
20054 52570 72624
12802 32250 45052
6312 16736 23048
18874 52059 70933
12351 28482 40833
3243 11024 14267
16283 45445 61728
47955 116716 164671
16295 45186 61481
5908 16396 22304
18229 47726 65955
19103 50468 69571
5542 14547 20089
21321 57819 79140
10050 25714 35764
15640 41049 56689
38859 102725 141584
8662 23208 31870
21522 61519 83041
6747 18107 24854
3673 10386 14059
18139 44376 62515
19080 52941 72021
23941 63374 87315
27275 74739 102014
18552 48378 66930
27993 78289 106282
13290 34820 48110
24682 80194 104876
7666 19600 27266
6953 19386 26339
16839 41346 58185
45184 117802 162986
40876 107601 148477
16289 40790 57079
14065 35241 49306
8764 25329 34093
10475 27231 37706
34866 92244 127110
23736 65234 88970
12585 34204 46789
15484 42265 57749
17812 48472 66284
13565 34771 48336
18846 49856 68702
13044 34407 47451
9425 24682 34107
21006 50065 71071
15890 43587 59477
23191 59095 82286
4083 11009 15092
16783 46949 63732
10090 28238 38328
16247 44790 61037
6796 30171 36967
22246 61171 83417
14243 39240 53483
3850 10964 14814
40581 108317 148898
34475 104991 139466
21278 58565 79843
18241 49925 68166
11904 32239 44143
13645 35660 49305
12287 33765 46052
21277 55260 76537
26313 68814 95127
22138 57947 80085
37288 99803 137091
12206 28833 41039
36192 93682 129874
8791 23100 31891
13043 36121 49164
4381 12686 17067
11907 32250 44157
28753 80991 109744
9395 27549 36944
3437 10184 13621
